14.6153
12.916
13.2537
13.7542
11.7003
11.1417
8.52319
6.26184
5.28575
6.74337
9.37566
12.5543
15.1046
16.4325
16.475
17.1726
18.1462
21.2427
25.8084
33.1574
39.7189
46.911
52.1894
63.717
79.0391
90.4223
92.3849
89.6416
83.8663
71.7689
66.559
63.4014
69.8401
64.0483
63.607
48.8079
38.4954
24.68
19.9973
16.2308
25.1205
39.5407
55.8892
78.2141
98.9359
122.225
145.03
168.114
179.565
186.702
184.148
172.656
151.828
132.523
110.091
88.6086
20.8737
17.2666
16.2178
17.4011
16.4327
15.4637
13.0802
10.1936
6.20111
4.10689
4.5816
6.42397
8.7474
11.6304
13.0064
13.3819
13.4892
15.4806
19.1227
25.3485
32.7262
42.2498
48.7921
54.6639
62.9735
74.936
77.607
78.3181
81.2656
79.6021
79.2292
80.7806
88.8194
85.5017
88.6433
78.3532
70.2284
50.407
38.3164
23.1447
16.9854
19.6554
32.1786
49.9869
70.5163
95.8641
123.252
152.772
175.936
193.44
199.508
196.348
180.262
163.468
142.74
120.141
31.5975
24.1734
20.463
21.0064
19.5531
19.5918
18.4917
18.2342
14.7136
11.2118
8.13351
5.98677
4.52506
5.98994
8.1763
9.7327
9.79512
10.5352
12.8346
16.8756
22.5422
32.3208
41.6652
50.12
55.4741
63.2461
67.1865
70.6766
74.0746
79.8446
88.2394
94.3805
103.655
103.401
108.595
100.621
94.2288
79.3331
65.4295
44.0319
28.9464
16.9529
15.4167
25.7914
41.8566
64.4085
94.264
125.249
154.442
181.219
201.671
209.518
203.44
192.463
175.094
153.617
42.0351
35.3748
28.1754
25.4968
23.8698
23.7581
21.2206
22.6202
21.6323
20.6487
17.0449
13.3277
8.31692
5.44727
4.10612
5.90187
6.61725
7.055
8.34684
10.2289
12.9177
20.5138
29.5074
40.4553
49.3491
57.2174
61.7547
66.9404
72.3649
80.2594
88.9587
100.572
114.771
118.239
126.126
125.593
120.622
105.62
95.4299
71.1234
52.2286
33.8463
19.7899
12.9217
19.8762
34.2776
57.7716
86.266
116.105
145.207
174.058
196.809
208.765
212.33
204.58
187.183
56.3307
44.3853
36.1078
31.9045
26.7098
26.1802
25.3941
26.0192
24.3386
25.995
24.868
22.9352
17.4261
13.0066
7.98609
5.36509
4.02753
4.45712
5.40733
6.01629
7.50142
10.2239
15.8604
25.5256
36.5289
47.3351
55.9642
62.7242
68.3856
75.144
82.9496
93.7824
104.197
114.752
130.848
140.625
143.115
138.812
129.129
103.555
78.7889
55.3187
37.9486
21.4082
14.2534
16.0646
27.9153
46.8372
72.5645
100.538
131.539
163.318
188.627
208.353
218.46
214.761
77.9159
59.9819
45.8643
37.0035
30.3481
26.7647
25.042
27.6556
27.4107
28.5799
28.5475
29.2347
25.6113
22.7963
17.352
12.8266
7.92188
5.33131
4.33914
4.29365
4.43492
5.80235
8.24136
12.0438
20.3113
32.509
43.5782
53.2401
62.9851
70.5987
76.0337
84.9852
94.3104
104.481
117.682
138.16
151.409
157.774
156.068
141.121
113.89
85.1695
61.0031
39.6398
26.8541
17.0626
15.4634
21.5878
37.8163
59.6541
88.5645
121.698
153.446
182.561
206.929
219.824
103.701
80.3654
61.2078
46.9076
36.1729
30.093
25.6958
26.9811
27.9931
31.3099
31.9199
32.1444
30.4908
29.7403
25.6965
22.6199
18.6365
14.0222
9.33514
6.95095
4.64755
3.10586
4.13445
6.53087
10.4008
17.5836
28.9725
40.0262
50.9183
61.3915
68.7727
76.0102
86.2041
97.3097
110.522
129.749
146.354
161.243
167.869
162.677
145.503
122.004
93.6317
66.3337
47.0162
32.1146
22.1593
15.7102
18.8358
30.0477
50.5942
77.5171
109.911
142.211
171.231
196.377
133.609
105.192
81.6412
60.751
46.9016
37.5761
29.1052
24.5959
23.5258
26.5432
29.7383
32.1242
32.9601
33.7015
31.62
29.734
27.2134
26.4582
22.944
18.0174
13.5545
9.09366
4.19534
3.26668
5.69784
10.0463
16.5793
24.6378
35.7415
46.7876
55.4629
64.051
76.4498
88.6283
103.83
123.794
142.481
157.568
168.486
166.948
158.191
145.048
124.689
98.5347
76.7009
55.7215
38.6207
26.3112
19.7493
17.966
24.4614
40.313
64.8939
94.7313
127.217
155.762
163.672
134.708
107.572
80.7168
60.4201
46.4496
36.9872
28.7417
22.6709
20.9732
23.2781
27.1216
30.6214
34.2184
35.8413
35.4944
33.8851
34.3555
34.0087
40.0744
36.2052
29.7018
22.2523
14.6514
4.24898
5.4337
10.08
15.0862
22.7712
29.9199
39.2196
47.3198
59.1984
72.3859
89.562
109.141
129.76
149.865
162.702
166.109
161.221
153.553
139.199
122.515
103.226
82.1221
61.9556
43.6959
31.16
24.0395
21.0757
22.4198
32.012
50.7121
77.8963
108.023
170.537
152.332
130.353
102.179
77.4376
57.2558
43.1357
33.9736
27.8874
22.5744
19.8041
20.5103
24.7456
30.1164
34.7502
38.3077
40.1905
40.9441
41.2354
49.4952
55.4695
58.6684
51.1237
42.6554
26.2009
13.9357
6.99055
8.73837
14.2765
19.6298
26.3583
31.9508
42.7008
54.2471
69.4288
86.0579
107.588
129.881
147.003
156.693
163.578
162.216
153.656
142.658
129.303
107.726
86.4343
66.1756
48.9972
36.4798
30.7364
25.6897
23.4612
26.7639
39.6446
60.1142
147.519
142.824
128.197
104.716
83.2132
64.8168
46.5021
36.1427
30.6671
26.9414
22.8385
19.1431
19.9571
23.7523
29.6782
35.5702
41.812
46.1536
48.55
56.4462
63.1819
73.579
75.4329
67.8233
50.7001
34.7236
16.4414
6.26985
8.13772
11.3746
17.2566
21.0296
29.3404
37.3471
50.5396
63.0871
81.7914
102.831
122.788
134.431
147.322
156.942
159.496
156.238
150.623
135.629
116.09
92.9914
73.3625
57.2064
46.1794
36.5578
31.5513
25.5632
25.0682
30.5906
115.555
118.132
109.938
91.1237
72.2953
56.9489
41.5896
33.2964
29.3251
26.9818
24.4324
22.5662
21.021
21.2518
24.8289
29.9294
35.9729
44.1073
51.0448
61.8895
69.6848
81.2914
84.2565
85.2395
77.2856
65.3572
46.156
29.7447
18.8596
10.4912
10.3082
12.5786
18.4933
23.1438
32.8788
41.5431
55.2619
73.9941
94.4748
107.413
124.83
141.265
152.294
157.548
157.85
146.223
131.448
112.69
94.5194
79.2389
68.6362
55.4226
45.0166
34.6314
27.9724
22.1428
74.5751
86.2325
84.5651
73.6955
58.6814
45.5059
32.4282
27.4965
25.7661
24.9751
23.4043
23.1037
23.1029
22.9006
23.5325
26.528
31.3515
36.8478
44.3375
60.1175
71.8276
84.8833
90.9608
93.3932
91.2135
85.2215
68.024
52.873
41.2805
22.7623
13.4324
10.6252
12.6762
13.3616
19.8107
25.2647
34.9271
48.6474
66.8422
83.5009
101.899
121.444
138.45
150.877
157.973
153.221
143.988
130.092
115.283
101.741
91.7072
78.5424
65.8184
51.0361
38.2795
28.7712
33.7359
45.6551
51.5829
49.3718
40.4226
32.5084
21.9994
18.9226
19.3507
21.1836
21.305
21.0786
21.8837
22.9741
23.2688
24.4472
27.9518
32.738
37.7905
45.0959
59.4375
77.2291
86.3486
90.8572
98.2928
95.9552
80.1847
65.4937
56.3771
39.4232
28.0285
20.0065
18.1709
13.9616
14.9671
14.653
21.3704
29.9897
42.1251
57.3203
75.8995
98.4856
120.617
140.587
154.349
159.137
158.107
151.47
142.63
132.167
122.378
107.835
92.275
74.6549
57.0136
41.8165
12.55
19.1552
20.4314
21.5352
20.4962
18.3015
11.4674
10.2861
11.5588
14.0378
16.779
18.1722
18.8814
19.6557
20.7397
22.0802
24.0556
28.7364
34.0052
40.3499
45.5518
58.3882
70.4764
79.1304
89.0927
95.9049
88.6099
76.3203
69.2434
55.7857
47.9555
42.8207
43.4755
33.3524
28.4432
20.811
17.5552
16.4545
24.6359
33.7325
46.7092
68.0603
89.9687
113.754
135.628
152.697
165.276
170.274
168.014
163.988
155.524
137.303
119.658
101.116
79.9169
60.6305
12.9796
12.5389
12.2864
13.2182
11.2497
10.3397
7.6906
5.78624
5.36301
7.2115
9.98029
13.2271
15.3806
16.1954
16.3055
17.3413
18.9296
22.4113
27.6422
35.5712
41.605
47.9801
54.1784
67.0961
81.0168
90.7111
90.8513
87.2428
80.6066
69.2336
65.081
63.5841
67.7961
62.2606
59.0226
44.0812
33.9294
22.7431
18.0593
18.2748
27.9919
43.1997
60.5762
82.5997
103.273
125.718
150.111
170.486
180.069
185.435
183.91
167.661
146.293
127.16
103.985
81.6019
18.2463
16.4099
15.1184
17.2624
16.0692
14.9481
12.3214
9.35416
5.311
4.02604
4.85909
6.92361
9.45472
11.7764
12.8501
12.906
13.7336
15.6591
19.5543
26.6237
34.5358
43.0418
49.3783
55.4681
64.4627
74.9217
76.9748
77.8355
81.5363
78.7479
79.5396
81.6107
87.1143
84.604
84.7807
75.8623
65.0631
47.4513
34.2734
22.0502
15.8515
21.9401
35.5821
54.4877
76.1504
101.005
129.839
158.759
180.322
195.071
201.863
193.883
175.814
158.358
136.945
112.042
28.6811
22.8613
19.6723
20.9484
19.2313
19.4992
18.4073
17.7487
13.553
10.3136
7.31963
5.34788
4.5491
6.26179
8.29639
9.33687
9.71583
10.0714
12.3165
17.4592
24.0564
33.707
43.0667
51.3878
55.7376
63.3554
67.6108
70.9321
75.1396
81.7102
89.9692
95.5017
102.3
103.276
105.043
98.586
90.3158
75.9107
59.5373
40.9542
24.3281
15.2384
17.3073
29.1812
46.6935
70.342
101.442
132.123
160.81
186.529
207.319
210.38
202.006
189.454
170.583
145.963
39.5138
32.5996
25.3448
24.2634
23.0435
22.9065
21.5397
22.7127
21.1196
19.8926
15.8249
11.8888
7.26595
4.68108
4.06275
5.71697
6.62951
6.41848
7.54684
9.794
13.6512
21.3144
31.3011
42.3392
50.576
57.6016
62.6414
67.9222
74.0908
81.9514
91.8579
103.237
113.948
119.203
123.877
124.185
116.486
102.647
88.3504
67.0697
46.3815
29.5288
17.897
14.0382
22.7022
38.6862
64.1677
93.4628
122.685
152.139
182.429
201.559
210.85
211.892
201.18
179.461
52.2102
40.8925
33.5797
29.3578
25.2767
25.2681
25.3394
25.2854
24.302
25.8253
24.1696
21.4295
16.0206
11.4047
6.80328
4.46427
3.93634
3.99903
4.36504
5.41983
7.47031
10.36
17.4056
27.9606
38.5776
48.818
57.3274
63.819
69.7021
76.8466
85.6775
96.2394
105.79
118.855
132.157
142.737
142.117
136.651
121.833
99.8485
72.845
51.8015
35.7677
20.8298
13.7127
18.1532
31.9821
52.7883
79.6383
108.003
140.917
171.227
194.917
211.805
219.105
209.517
72.7038
55.2561
42.485
34.3962
28.5252
25.5427
25.5484
27.6314
27.5027
28.115
28.5627
28.338
24.6059
21.3526
15.9233
11.2213
6.7344
4.39921
3.07444
3.54035
4.09572
5.69375
8.65617
13.8695
22.6111
34.6231
45.6504
55.2132
64.6897
71.7467
77.8571
86.8234
95.5816
107.038
121.331
143.742
153.946
158.631
152.561
137.991
107.319
79.9301
56.946
38.0501
23.7734
15.4017
16.2954
24.9673
43.0928
66.2908
97.0327
130.27
161.761
189.719
212.083
220.532
97.0909
73.9169
56.3119
42.616
33.5832
27.6745
25.4068
26.6402
28.7303
30.9955
31.8368
31.6299
30.2408
28.7225
24.7292
21.755
16.7724
11.9553
7.67623
5.84084
3.50303
3.31836
4.79007
7.4666
11.3838
19.2781
31.3111
42.1774
53.0526
63.2289
70.4472
77.7642
88.0178
100.094
114.392
134.383
150.76
163.388
166.239
161.573
141.852
116.559
87.7707
62.708
41.7442
28.2246
19.1877
15.766
20.5931
34.2041
56.7183
85.4469
118.754
150.061
178.821
201.307
125.524
97.4807
75.1489
55.0428
43.9711
34.2004
27.5734
23.2252
24.127
26.9488
30.5057
32.3709
33.4208
33.1808
30.9415
29.204
25.7804
27.2559
22.3052
17.755
13.0279
9.40555
2.8789
3.73461
6.13442
10.6321
17.7629
26.3648
37.4427
48.2917
57.018
66.1076
78.403
91.6619
108.07
128.735
146.349
161.362
168.397
167.444
157.416
142.637
119.234
94.2926
70.3285
49.9528
34.229
23.9888
18.7807
18.8703
27.4839
45.5774
72.01
102.562
134.985
161.893
156.313
126.71
100.456
74.033
56.6148
42.9697
34.4654
26.3617
21.7141
20.931
24.4066
27.9737
31.6233
34.6469
35.6321
35.0138
32.6344
35.5418
35.4572
39.5282
33.5743
28.4583
18.4097
11.1284
3.18651
5.63274
10.6655
16.0152
23.5254
31.469
40.5225
49.0695
61.5607
75.5527
94.0324
114.585
135.317
154.786
164.706
167.28
161.824
152.103
136.023
119.189
97.736
76.2446
57.0327
39.8609
29.2707
23.2234
20.8077
23.9322
36.008
56.638
85.452
115.667
166.412
146.18
123.572
95.1494
72.2837
52.6887
40.0576
32.0511
26.0916
21.1973
20.1293
21.309
26.3385
31.4406
35.7855
38.9476
39.4574
42.1632
42.9429
50.9311
56.5669
58.8665
47.5127
38.5484
22.5913
10.4312
6.0428
9.33191
14.7706
20.3197
26.9388
33.1101
44.2328
56.6069
72.7697
90.4093
113.492
135.497
150.891
159.582
165.704
160.527
150.693
138.613
124.748
102.193
82.3914
62.6453
46.8654
35.0097
29.5979
24.7833
23.7607
28.9582
44.2676
66.6576
146.804
138.716
122.099
97.699
77.876
58.7209
42.6471
34.2828
29.4249
26.0836
22.2953
18.9746
20.9536
25.3189
31.1742
37.3155
42.1218
48.2144
50.2513
57.9612
65.4167
76.7779
72.3298
63.9198
47.1944
29.7492
12.4644
6.26949
8.34169
11.9
17.6456
21.8414
30.3147
39.2473
53.0426
66.2013
86.6345
108.284
127.084
138.347
152.143
158.827
159.384
155
148.488
131.564
111.328
88.6223
70.1469
54.1611
43.4669
35.439
30.2437
24.9538
26.0418
33.6663
117.226
116.228
105.554
85.2803
67.6675
51.868
38.5178
31.9803
28.4789
26.5174
24.377
22.1965
20.8129
21.9955
25.9059
31.3338
37.2552
47.9883
54.2741
64.3306
72.9709
84.6225
82.9318
84.3089
74.6381
61.3242
41.2022
27.0623
15.8267
9.78734
9.69955
12.941
18.5266
24.0078
34.2684
43.3338
59.0993
79.2593
98.7027
111.87
131.044
144.618
155.472
158.62
157.622
143.188
128.722
109.011
91.8569
76.8721
66.1999
53.4757
42.4692
33.0102
26.3683
22.0432
78.5433
86.3271
81.6871
69.3114
54.2838
40.882
29.7648
27.028
25.2949
24.6169
23.5858
23.1127
22.9094
22.9181
23.9847
27.5203
32.4876
38.3266
47.4768
62.4202
74.6611
87.1277
90.9532
93.7302
91.3026
83.1962
64.5417
51.9028
38.1408
21.0126
12.6013
11.3235
12.7806
13.7896
20.5027
26.3001
37.9578
52.8302
71.4424
88.8288
108.607
126.111
143.097
154.175
159.941
151.987
142.633
127.572
112.889
98.1039
88.6749
75.6347
62.1174
47.5587
35.821
27.2276
36.5332
47.3206
51.1544
46.6009
37.7001
28.7115
20.0107
18.6873
19.8789
21.2913
21.5887
21.3633
22.3378
23.3141
23.5344
25.37
29.1544
34.2592
39.2764
48.5217
64.6317
81.49
87.5463
94.1746
99.4891
94.286
76.7304
64.8451
54.0097
38.7865
27.233
21.1794
18.6046
14.2487
14.4562
15.2097
22.9003
32.4478
45.9672
62.9927
83.0462
104.805
126.997
145.234
158.111
159.538
157.747
149.501
140.648
127.786
118.771
103.773
87.9134
69.9628
53.0751
38.8163
14.2764
20.2413
19.6726
20.7827
19.7661
15.8742
10.4489
10.5726
12.3043
14.9242
17.3831
18.5539
18.9513
19.9863
20.9182
22.4903
24.9232
30.2986
35.5894
41.7766
48.1626
62.2486
72.5334
82.6444
91.802
96.8513
86.3125
75.9408
67.3908
55.915
47.7321
45.1291
42.3189
32.0718
26.0387
19.2728
15.8941
18.1714
26.5483
37.1697
52.5576
74.2203
96.7922
120.491
141.846
155.825
167.265
169.854
166.846
159.679
150.742
131.913
113.953
95.0805
75.072
56.5145
12.5972
12.9702
11.8411
12.3609
11.0428
9.53332
6.96999
5.42826
5.63388
7.84269
10.7632
13.9104
15.7226
16.2279
16.4573
17.5093
20.241
24.3232
30.224
37.8598
43.9563
49.2904
57.094
71.2776
84.1139
92.3536
90.9743
86.5267
78.7839
69.9238
65.5429
66.6558
67.0854
62.9553
55.4167
41.6952
30.5964
22.0853
16.7571
20.7537
31.6101
47.3586
66.4729
88.0338
109.698
131.194
156.196
173.534
181.952
183.173
181.506
162.183
141.173
121.481
99.3668
76.6294
17.1334
16.2288
14.6313
16.5274
15.6656
14.3069
11.5224
8.3047
4.67379
4.14413
5.32228
7.43449
10.2477
12.2161
12.9376
12.8238
14.9767
17.3048
21.6915
28.8486
37.333
44.3686
50.4512
57.4665
68.1313
76.7004
78.0109
79.4989
82.7002
80.1355
81.1506
85.1222
86.8977
86.3212
82.4149
75.4425
60.8258
45.8966
30.9137
21.0572
15.8135
25.021
40.0536
59.4504
83.1622
107.859
137.793
164.543
184.816
194.823
201.149
188.914
170.944
152.627
131.62
105.394
26.3242
21.5882
18.8438
19.9208
19.0535
19.0623
18.2858
16.9007
12.6214
9.49972
6.84676
4.914
4.88466
6.89558
8.7145
9.30259
10.547
11.3171
13.8036
18.9959
26.6175
35.5915
44.6738
52.2404
57.2465
64.1546
68.2858
71.6063
76.5949
84.4045
92.0247
98.2521
101.744
105.125
102.856
98.0624
87.7593
74.0824
54.4779
38.1071
20.8419
14.1489
19.845
33.0072
52.2679
77.5584
109.345
139.325
167.6
190.843
209.6
208.353
198.469
184.302
165.027
138.778
37.2862
30.3468
23.5327
22.86
22.7653
22.0758
21.8653
22.5286
20.8645
18.9047
14.9342
10.5233
6.38981
4.22377
4.40019
5.75199
7.24355
7.24392
8.37645
10.5168
15.7047
23.1326
33.6499
44.2247
52.6275
58.4941
63.8735
69.1052
75.9822
83.5304
94.3988
106.115
113.204
120.793
123.203
123.807
113.742
101.686
82.0473
62.7782
41.0647
25.1173
15.6769
15.6659
26.1462
44.4507
71.5516
101.573
130.578
159.195
188.818
204.73
211.391
209.521
196.917
172.256
48.5124
37.874
31.7588
27.2117
25.0551
25.1225
25.8105
24.8533
24.7424
25.5008
23.9198
20.1274
14.9916
10.1756
6.11015
4.0364
4.51692
4.83134
4.83283
5.91928
8.28846
11.2686
19.4191
30.5512
41.5102
51.0759
59.2898
65.3019
71.5276
78.366
88.126
98.5994
107.655
122.85
134.531
144.548
142.083
135.496
114.968
93.6048
65.8483
46.4302
30.947
19.0258
14.1032
20.9767
36.5158
59.1707
86.7965
115.845
149.595
178.067
200.352
214.785
218.665
204.039
67.9051
51.4687
40.2073
32.5311
28.43
26.1715
27.4175
28.5362
28.7223
28.0405
29.1022
27.6755
24.143
20.1498
14.8737
9.90275
5.97091
4.06102
2.83072
3.19638
3.97533
5.87101
9.23146
15.6445
26.0294
37.7017
48.494
58.0054
67.1421
72.8009
79.9779
89.0308
97.7445
109.802
125.973
147.4
155.803
158.332
147.971
130.63
99.9086
74.011
52.0504
36.2779
22.6867
15.3214
17.6103
28.8092
48.5571
73.5249
104.915
137.727
168.759
195.389
214.839
219.595
91.1543
69.2241
52.8702
39.9358
33.1791
27.4441
26.1797
26.9302
29.9075
30.4651
31.7459
31.5179
30.5557
27.9753
24.191
21.0819
15.7724
10.8529
7.12964
5.20742
2.72645
3.36127
5.21193
8.32708
13.3472
22.0246
34.1266
44.8515
55.7259
64.6648
72.1693
80.0702
90.4513
102.763
118.598
137.541
154.206
164.385
163.442
155.782
136.316
109.953
81.8607
59.7188
40.0139
26.7329
17.4088
16.3937
23.139
39.1521
62.7636
93.2273
126.806
157.091
185.123
205.064
118.374
91.7919
69.6457
51.1578
42.3082
32.5992
26.6256
22.7659
24.9869
27.2679
30.9143
32.84
34.346
33.1742
30.6457
28.8473
25.2197
27.483
22.1383
17.8324
12.8409
9.57356
2.60276
4.4251
7.43823
12.2171
19.6516
28.8802
40.0697
49.8631
58.7879
69.1333
81.3222
94.9276
112.674
132.749
148.958
163.221
166.694
163.915
154.426
138.688
113.631
89.8331
66.1983
45.8389
30.7566
22.213
18.4273
20.7488
31.374
51.6795
79.7346
110.994
142.453
167.928
149.628
120.23
93.4497
68.6719
53.9867
41.333
32.6911
24.9729
21.2674
20.9522
25.236
29.1888
33.2349
35.6683
35.7868
34.9057
32.3472
36.2221
37.7673
39.3174
31.9927
27.4833
16.2016
8.18564
3.56481
6.76649
11.7883
17.7111
25.0651
33.2041
42.1069
51.8074
64.6403
79.3352
98.5393
119.088
139.435
157.087
164.602
164.933
160.46
149.657
133.064
115.164
93.1277
70.8
51.6531
36.0994
27.3297
22.7595
20.9418
26.0774
40.6804
63.4968
93.1516
123.24
162.505
141.014
116.161
88.5626
67.4323
49.196
37.4161
30.4999
24.5345
19.7086
19.9502
22.676
28.4606
33.3604
37.1643
40.0091
39.3958
43.0287
45.6392
52.9992
56.9118
57.5536
44.9177
33.9867
19.5146
8.91836
6.38945
10.4337
15.8601
21.4583
27.8913
35.3996
46.7628
59.9593
76.5054
94.9864
118.027
138.702
151.983
160.156
166.321
160.235
150.12
137.078
120.733
96.6889
76.4367
57.4513
43.2848
33.6624
28.372
24.3098
24.5068
32.059
49.2789
73.6954
146.289
134.996
115.544
91.5745
72.7593
52.9861
38.6187
31.7678
27.2921
24.2199
20.834
19.3843
22.6125
27.653
33.1007
39.6608
43.114
49.7579
52.7328
60.2186
67.5476
78.6363
70.515
59.9256
43.6007
25.7873
9.54737
6.40007
8.76748
12.9228
18.2819
23.5532
31.9113
41.9944
55.8018
70.1976
90.9157
112.466
128.813
140.332
154.528
160.387
159.431
154.824
145.553
126.636
105.121
83.4868
65.9353
51.744
41.27
34.595
28.7801
24.9188
27.3565
37.4105
118.582
113.986
100.196
79.8159
63.1655
46.9724
35.7523
30.6615
27.4101
25.7009
24.0081
22.1374
21.355
23.5559
27.4593
33.0515
38.6296
50.4395
57.2385
66.5839
75.5097
86.407
82.6028
82.1261
71.6113
57.3637
37.2554
24.7131
13.9604
9.76159
10.0462
14.1364
19.3815
25.937
36.0346
45.9603
62.8795
83.6657
100.72
115.278
135.468
147.872
157.628
159.988
155.465
138.868
123.858
105.227
88.5531
75.1634
64.2157
51.8747
39.5819
31.5599
24.922
22.5984
82.815
86.5002
78.9874
65.3647
50.7485
37.0066
28.0676
26.4363
24.8285
23.9844
23.4689
23.4451
23.3385
23.4715
24.9817
28.9219
33.7372
39.4713
50.547
64.4869
76.5463
88.0283
90.9605
93.038
89.8309
79.5844
60.3913
49.0892
33.045
18.0596
11.2887
11.4735
12.5062
15.0553
21.6869
28.2235
40.7841
56.6922
74.1989
92.1735
113.642
131.047
147.233
158.13
161.273
150.515
140.187
125.703
110.891
96.6774
86.9893
73.8872
58.6347
44.7072
33.5889
26.31
40.3293
49.2224
50.6742
43.9425
35.4633
25.2889
18.6627
18.2103
20.1405
21.156
21.4591
21.8131
23.1689
23.9279
24.0944
26.4396
30.2733
35.1915
40.3054
51.5895
68.1821
83.7255
88.212
96.2536
99.7505
91.1134
72.6522
62.7336
49.1936
35.6156
24.9234
20.7357
17.3819
14.5296
13.6274
16.4214
24.394
34.8862
48.5209
66.4714
88.8735
111.249
133.386
150.941
162.61
160.829
157.917
149.536
140.11
126.502
116.488
100.781
83.3894
65.498
49.1284
36.746
16.0119
20.646
20.0384
20.3686
19.613
13.8554
9.86474
10.5969
12.8522
15.6741
17.7036
18.9616
19.4325
20.5992
21.3268
22.9061
25.8592
31.3063
36.6208
42.6493
51.4074
65.6957
74.6494
85.5063
94.5826
95.1849
82.8713
74.3684
63.6082
53.7528
46.1975
46.3144
39.7304
31.1481
23.4809
18.3072
14.5067
19.9556
28.1918
39.7669
58.0371
79.9765
103.244
127.091
148.68
160.723
171.106
172.635
168.837
159.294
147.67
128.262
108.807
89.4483
69.8425
53.1488
12.7547
13.269
12.7322
11.8835
11.2845
9.03347
6.62706
5.23729
6.11238
8.60163
11.6268
14.6087
16.2449
16.4615
16.801
17.714
20.5431
24.8607
31.5276
38.7302
45.3547
50.4695
60.1856
74.7001
87.3522
92.275
90.1316
84.9364
75.6396
68.5475
64.8743
68.7406
65.0455
63.7655
51.6339
39.7618
27.404
21.4975
15.6826
22.9828
35.5792
51.7944
72.6323
93.5799
116.984
138.61
163.509
178.45
186.02
183.746
177.857
156.688
135.743
115.228
93.7529
73.1983
16.9365
16.1321
15.7329
16.1868
15.7158
13.8328
10.989
7.27108
4.35782
4.38581
5.85433
8.04471
11.0969
12.7753
13.2046
13.1001
15.2737
18.1354
23.4779
30.7327
39.7568
46.429
52.4901
60.1073
72.5002
77.4767
78.2965
80.4301
81.5709
79.5755
81.376
87.4909
85.6014
88.0166
79.6824
72.4966
54.7836
42.2944
25.9271
18.6017
17.2292
28.5325
45.0152
64.6547
90.454
116.231
146.596
171.258
190.091
196.321
198.504
183.114
165.621
146.527
125.247
100.394
24.477
20.2533
19.3923
19.1849
19.2789
18.7411
18.4257
15.9048
12.0232
8.95054
6.51882
4.67964
5.43024
7.67785
9.28508
9.53286
10.5204
12.0947
15.2299
20.524
29.1821
38.3387
47.1441
53.4897
60.7162
65.6192
69.6023
72.8077
78.4112
86.28
93.4554
100.926
101.395
107.137
100.702
95.3774
84.161
71.0474
48.9888
34.1794
19.3284
13.9861
22.6931
37.1457
58.2315
85.899
117.692
147.17
174.589
195.588
209.069
204.086
193.423
177.785
158.125
132.596
35.4421
28.4363
23.8427
22.7098
23.1472
21.564
22.4007
22.1929
20.973
18.1755
14.3751
9.47475
5.96133
4.11231
5.09796
6.06857
7.05748
7.76186
9.25217
11.5241
17.8689
25.9615
36.7723
46.4457
55.1045
60.1222
65.6601
70.7964
78.3255
85.6257
97.1621
109.925
113.876
123.133
123.553
121.385
110.133
99.6946
75.6257
57.3223
37.4242
21.045
13.4687
17.3829
29.8803
51.1275
79.1926
109.478
138.137
166.11
192.441
205.475
210.269
205.487
191.331
165.761
46.0116
36.3292
32.0579
27.0223
26.078
26.0353
26.8842
24.6504
25.6719
25.4333
23.852
18.9875
14.2908
9.17564
5.82345
3.98829
4.44863
5.12259
5.32309
6.54419
8.93511
13.1693
22.2203
33.3049
44.7007
53.8339
61.2643
66.9247
73.4733
80.0582
90.5208
101.231
110.245
127.273
137.487
143.682
141.311
133.306
107.811
85.3047
59.8414
40.363
24.9723
16.3522
14.7337
24.2297
41.2652
65.6504
93.4304
122.854
155.78
182.435
203.609
215.763
216.688
199.277
63.7533
48.1955
38.9914
31.6707
27.9756
26.226
28.444
28.0277
28.9548
28.4938
29.6247
26.8763
23.8172
18.9186
14.0143
8.93678
5.65919
4.24894
3.51755
3.62359
4.56126
6.73941
10.2594
17.6382
29.6161
41
51.1045
60.7595
69.1121
73.9064
82.2146
91.6673
100.737
113.414
131.667
148.684
157.258
157.103
143.283
121.041
92.1312
66.0331
45.0405
32.0775
20.2766
15.3459
19.2232
33.1396
53.818
80.4851
112.746
144.725
174.898
200.274
216.98
218.393
86.0462
65.2288
50.6899
38.7764
32.3907
26.9925
27.3366
27.2463
30.7356
31.2768
32.3314
31.2254
30.5614
27.0136
23.5662
20.4621
15.5021
10.6553
7.51005
5.30293
2.5885
3.41265
5.61168
9.17736
15.2803
25.414
37.0395
47.8081
58.3939
66.373
73.881
82.9066
93.4043
106.182
123.876
141.147
158.706
166.339
162.069
149.237
128.849
100.959
74.0861
54.6465
37.5524
25.5202
16.2203
17.3805
26.175
44.4223
69.4819
101.076
134.367
163.719
190.742
208.423
111.963
86.8125
66.0125
49.771
40.8641
31.3905
26.4731
22.9388
25.7632
28.4957
31.7916
32.9549
34.3686
32.6025
30.318
28.6076
25.7866
25.1741
19.8969
15.619
10.3468
6.78795
2.87677
5.05027
8.73245
14.3938
22.0634
32.268
43.3222
52.3337
61.3068
72.844
84.8083
99.334
118.36
137.328
152.871
165.341
165.127
159.143
148.594
131.444
105.986
84.2035
61.9353
42.9183
28.4276
20.9988
17.9353
22.3352
35.4873
58.1494
87.3783
119.364
149.508
174.31
142.865
114.074
87.9235
65.2598
51.1806
39.7473
31.6394
23.7952
20.9919
22.0017
26.5851
30.1668
34.1438
36.2283
35.9734
35.0086
33.2989
34.4316
38.4573
37.351
29.743
24.4337
15.6271
6.09595
4.57586
8.43078
13.3936
20.2273
27.3251
36.0235
44.6096
55.3912
68.4468
84.47
103.839
124.078
144.392
159.419
164.54
161.94
156.775
144.699
128.572
110.125
88.4036
66.7487
47.5135
33.1694
25.2964
21.8612
21.3574
28.7485
45.5931
70.7734
100.721
130.901
158.053
135.91
109.194
83.0403
62.1267
45.6827
35.5702
29.0956
23.3091
19.5243
20.495
23.894
29.4472
34.2766
37.9105
40.6413
39.9754
41.4084
46.6965
53.2666
56.9419
54.4883
44.6665
30.9774
17.8655
8.31154
7.54657
12.3412
17.6813
23.7272
29.7843
38.8239
50.3807
64.6998
81.227
100.829
123.61
142.545
154.337
161.928
165.554
158.676
148.525
134.782
115.276
91.5701
70.8548
52.3637
38.9632
32.0261
26.9218
23.7266
25.3455
35.6394
54.3638
80.7004
145.249
131.942
110.351
87.5738
68.9751
49.2552
37.1558
30.9711
26.811
23.3115
20.1627
19.8126
23.3048
28.9677
34.4807
41.4018
44.4915
48.5075
53.657
60.7719
69.6604
78.3363
70.8654
56.8999
41.0523
22.2091
7.56294
7.2303
10.0138
14.9948
19.4962
26.1863
34.3218
46.094
59.2825
75.6316
96.4623
117.505
131.67
143.657
156.495
161.387
159.437
153.892
141.363
121.727
98.8692
77.9566
61.108
49.0852
38.6564
33.098
26.9788
24.8598
28.6133
41.1445
