12.6435
11.0942
11.3682
11.9642
10.1631
9.6816
7.37201
5.38599
4.56163
5.86595
8.16064
11.0059
13.2389
14.3892
14.4083
15.1481
16.0023
18.7847
22.8604
29.4126
35.1151
41.3259
45.8727
56.1447
69.7792
79.0565
80.2623
78.0593
73.0068
62.3043
58.9997
56.7577
62.5148
57.3602
56.9443
43.2856
34.2201
21.8906
17.673
14.3578
22.4245
35.242
49.3843
68.9974
86.9012
107.346
127.781
147.939
157.52
164.23
162.035
151.077
132.883
116.018
95.931
76.812
18.0958
14.9405
14.0172
15.222
14.3391
13.569
11.4708
8.92292
5.41674
3.65121
3.99548
5.65672
7.73032
10.2513
11.4202
11.8205
11.8706
13.6097
16.85
22.4099
28.9064
37.2729
42.9972
48.0713
55.4306
65.3264
67.3725
68.2494
71.1473
69.7262
70.5619
72.1246
79.1402
76.0594
78.7982
69.2751
61.9053
44.269
33.6048
20.1834
14.7293
17.5832
28.538
44.3167
62.143
84.6939
109.066
135.047
154.878
170.555
175.941
172.28
157.964
143.478
124.948
104.48
27.4579
20.9444
17.7556
18.3893
17.103
17.2962
16.3465
16.0721
12.9049
9.86474
7.04474
5.16966
3.94461
5.34384
7.24048
8.67379
8.68298
9.30747
11.2335
14.9104
19.9081
28.6021
36.7871
44.234
48.839
55.5676
58.94
62.2861
65.5153
70.6854
78.8277
84.3228
92.2588
91.9221
96.5208
88.8259
82.8139
69.3968
56.9856
38.1305
24.7844
14.5978
13.5633
22.6845
36.6996
56.7416
83.3907
110.303
135.726
159.566
177.868
184.098
179
169.524
153.867
134.218
36.0384
30.524
24.2646
22.2049
20.9074
20.9324
18.7196
19.9452
19.0183
18.1119
14.7736
11.5338
7.16891
4.74368
3.64388
5.31942
5.88164
6.17451
7.28654
8.97927
11.3236
18.1552
26.1406
35.7315
43.4819
50.3524
54.2717
58.9833
63.8337
70.7173
78.6249
88.906
101.228
104.693
111.734
111.093
106.229
92.612
83.258
61.8362
45.1348
29.2773
17.3379
11.3168
17.5347
30.4138
51.363
76.0947
102.101
127.826
153.591
173.229
183.914
187.018
179.766
163.591
48.314
38.5052
31.2742
27.7229
23.4144
23.1245
22.3908
22.8707
21.4568
22.8615
21.6638
19.9032
15.0502
11.1939
6.87434
4.66922
3.55781
3.88854
4.68392
5.21521
6.5481
9.00935
13.9924
22.516
32.1901
41.6135
49.1803
55.3033
60.2381
66.1439
73.1963
82.7549
91.6358
101.434
115.845
124.474
126.076
122.027
113.061
90.482
68.3651
48.0565
33.1816
18.5583
12.2672
14.239
24.8258
41.4603
64.0974
88.6275
116.307
144.244
166.41
183.534
192.087
188.05
66.9365
51.9751
39.7624
32.208
26.4996
23.4731
22.0406
24.3134
24.1445
25.1565
25.0565
25.5838
22.3303
19.7942
15.0212
11.0714
6.82129
4.59343
3.75244
3.75131
3.92923
5.18203
7.31742
10.685
17.8916
28.669
38.3285
46.9061
55.4649
62.0749
66.8726
75.0557
82.9776
92.2996
104.274
122.337
133.238
138.519
136.608
123.332
99.023
73.9071
53.1005
34.3343
22.9899
14.622
13.5437
19.0244
33.3883
52.6556
78.4374
107.721
135.606
161.175
182.268
192.932
88.9692
69.1654
52.5591
40.3862
31.432
26.1946
22.5537
23.7188
24.7162
27.5658
28.0855
28.1711
26.6702
25.9325
22.3644
19.6861
16.5606
12.5364
8.48432
6.43518
4.38592
2.79107
3.69389
5.75246
9.1367
15.5771
25.5197
35.2789
44.8093
53.8924
60.3842
67.1479
76.1069
86.405
98.3283
115.16
129.376
141.92
147.232
142.585
127.193
106.273
81.6544
57.6797
40.5589
27.7205
19.1165
13.5939
16.493
26.4926
44.7296
68.7765
97.3804
125.51
150.842
172.685
115.043
90.8675
70.2664
52.2493
40.6972
32.4908
25.265
21.4174
20.7271
23.3522
26.2003
28.178
28.9152
29.4437
27.602
25.962
24.1409
23.8075
20.748
16.4224
12.5338
8.2658
3.67786
2.86776
4.97224
8.87676
14.7009
21.8465
31.4838
41.1237
48.7108
56.4181
67.4757
78.669
92.1939
109.841
126.084
138.928
147.96
146.758
138.564
126.664
108.769
85.6731
66.172
48.0945
33.2422
22.5607
17.123
15.5972
21.4541
35.6586
57.2281
83.3252
111.885
136.791
141.639
116.602
92.8011
69.4327
52.1468
40.0239
32.059
24.9493
19.8437
18.5071
20.6739
23.8829
26.9763
30.0411
31.3636
30.9782
29.9481
30.7071
30.6893
35.7992
32.4374
26.4772
19.5697
12.6785
3.75179
4.85245
8.97106
13.4174
20.118
26.5146
34.5759
41.8492
52.5303
64.2501
79.4348
96.809
114.934
132.363
143.043
146.086
141.374
134.462
121.59
107.059
89.5457
71.1947
53.4397
37.5374
26.917
20.9395
18.2796
19.5934
28.1021
44.5993
68.5066
95.0637
147.755
131.792
112.467
88.0193
66.8157
49.3385
37.3294
29.6088
24.3956
19.8527
17.5864
18.1013
21.9174
26.5507
30.558
33.5673
35.5325
36.4253
36.9669
44.157
49.6667
52.1444
45.0285
37.3325
22.9186
12.0303
6.05337
7.84704
12.6792
17.4193
23.2665
28.2746
37.8968
48.1886
61.4773
76.1307
95.2678
114.788
129.103
137.936
143.788
142.23
134.421
125.02
112.617
93.7997
75.1876
57.4782
42.6396
32.0209
26.9313
22.4942
20.519
23.4625
34.9056
52.8991
127.848
123.304
109.854
89.2891
70.8756
55.1549
39.7494
31.3002
26.7763
23.6405
20.0842
16.7223
17.6158
20.998
26.2355
31.36
37.1743
41.2182
43.4811
50.2762
56.5225
65.4742
66.5002
59.333
44.3485
30.0233
13.9143
5.33056
7.18533
10.0841
15.243
18.5291
26.0202
33.1892
44.5764
55.7037
72.442
90.9797
107.762
118.48
129.659
138.012
139.647
137.052
131.383
118.423
101.015
81.0522
64.1466
50.2821
40.4153
32.1075
27.6219
22.3454
21.9916
26.8886
100.439
102.272
94.484
77.846
61.4809
48.3755
35.4032
28.685
25.5039
23.5623
21.3954
19.7054
18.4283
18.6934
21.9353
26.4053
31.6715
39.1737
45.4502
54.8167
61.9566
72.3072
74.4187
74.9567
67.7634
56.9498
39.8359
25.543
16.0762
9.05272
8.92242
11.0822
16.2651
20.4704
28.8633
36.5404
48.7674
65.544
82.8539
94.6715
110.053
124.491
133.553
138.062
137.613
127.424
114.153
98.05
82.733
69.6612
60.1204
48.6786
39.3732
30.11
24.2556
19.2148
64.6767
74.4078
72.4595
62.8335
49.6408
38.4692
27.5032
23.7327
22.4204
21.8777
20.566
20.2674
20.2495
20.075
20.7004
23.3312
27.5707
32.4949
39.3272
53.0266
63.6297
75.1701
80.3231
82.2775
80.4118
74.3171
58.7691
45.706
35.4004
19.3038
11.5913
9.42909
11.1226
11.8536
17.4546
22.2927
30.9867
43.2947
58.8029
73.7129
90.1534
107.286
121.652
132.684
138.303
133.977
125.693
113.778
101.072
89.3672
80.3793
68.8814
57.5653
44.3765
33.2971
24.948
29.1567
39.2562
44.0293
41.9233
34.0306
27.3421
18.5119
16.2608
16.894
18.5598
18.6909
18.4844
19.2058
20.1491
20.4634
21.5692
24.7054
29.0024
33.4078
40.0096
52.8058
68.4402
76.2104
80.2609
86.5474
83.6922
69.3216
56.7437
48.7501
34.1355
25.1814
18.5636
16.705
13.02
13.5672
12.8293
18.8293
26.5659
37.0237
50.7457
67.2821
86.957
106.004
123.479
135.145
139.315
138.39
132.786
125.283
116.067
107.186
94.4303
80.618
64.9418
49.561
36.312
10.8251
16.275
17.0115
17.9262
16.8351
14.9981
9.36744
8.69061
10.0062
12.2873
14.7361
15.9633
16.561
17.3003
18.2749
19.4957
21.2808
25.5588
30.1796
35.7184
40.3643
51.8247
62.3564
69.9752
78.6545
83.955
76.9172
66.3156
60.1206
48.6042
42.7748
38.7689
39.0501
30.093
25.497
18.2633
15.3456
14.473
21.5894
29.7053
41.4474
60.1447
79.1119
99.7724
118.897
133.872
144.786
149.376
147.662
143.843
135.866
119.963
104.269
87.8122
69.4565
52.6755
11.218
10.8603
10.6054
11.526
9.77807
8.95129
6.64133
4.96967
4.62118
6.31399
8.77276
11.6325
13.5044
14.2371
14.3635
15.3076
16.8036
19.9586
24.5963
31.578
36.8847
42.4282
47.971
59.6516
71.7318
79.589
79.2371
76.1632
70.044
60.51
57.9213
57.1332
60.5493
55.727
52.5623
38.944
29.9214
20.1332
15.9751
16.2324
24.9689
38.2754
53.506
72.6131
90.7331
110.474
132.029
149.807
158.22
162.645
161.091
146.387
127.604
110.729
90.4883
70.8019
15.7873
14.2249
13.0427
14.9823
13.9318
13.0614
10.7335
8.14667
4.63396
3.57785
4.25193
6.09282
8.36703
10.4185
11.3555
11.4231
12.3058
14.0174
17.4606
23.7031
30.7001
38.0534
43.6069
49.0935
57.1959
65.7891
67.256
68.2784
71.4982
69.1733
70.937
73.0846
77.3956
75.2525
75.1592
66.8755
57.0281
41.7081
30.0297
19.1887
13.8251
19.3841
31.4387
48.158
67.229
89.2262
114.839
140.038
158.642
171.404
177.06
169.301
153.475
138.211
119.374
97.4124
24.9834
19.8481
17.0827
18.2405
16.7778
17.0897
16.1725
15.5837
11.8653
9.01257
6.34429
4.61893
4.00145
5.61971
7.42124
8.34485
8.76494
9.07246
11.062
15.6263
21.4497
29.9356
38.1419
45.3683
49.1772
55.7673
59.3052
62.458
66.2155
72.3437
80.3296
85.2322
90.6844
91.6824
93.0341
86.8051
79.2712
66.6224
51.9531
35.5307
20.8342
13.1731
15.2817
25.7786
41.1838
62.2787
89.6866
116.532
141.585
164.275
182.17
184.418
176.91
165.965
149.164
127.183
34.1849
28.3025
21.9129
21.042
20.1921
20.0734
18.8698
19.9311
18.4956
17.3257
13.6855
10.2424
6.24015
4.09803
3.65173
5.14513
5.99425
5.78705
6.78719
8.71019
12.1851
18.9881
27.7775
37.4028
44.6881
50.747
55.1279
59.8462
65.2481
72.2373
81.1993
91.1198
100.253
105.238
109.42
109.582
102.499
90.2326
77.0795
58.24
39.8911
25.3738
15.4659
12.3515
20.0872
34.4307
56.9588
82.5973
108.179
134.098
160.7
177.182
185.154
185.966
176.269
156.61
45.1195
35.4072
29.0535
25.3816
22.1471
22.2085
22.2584
22.1858
21.3531
22.5973
21.061
18.5923
13.8511
9.85843
5.91569
3.95821
3.58876
3.6736
3.9765
4.8882
6.68475
9.19733
15.4632
24.7529
34.1089
43.0124
50.527
56.211
61.3462
67.6462
75.6597
84.8378
93.0748
104.98
116.997
126.198
125.38
120.387
106.68
87.212
63.2999
45.0848
31.1587
18.2955
11.9666
16.0833
28.3443
46.6677
70.1809
95.3779
124.523
150.96
171.732
186.513
192.53
183.499
62.8965
47.976
36.9873
29.8855
24.8899
22.4054
22.4238
24.2482
24.1949
24.6699
25.0683
24.7704
21.4764
18.5611
13.7821
9.70024
5.82687
3.85914
2.75018
3.18165
3.6488
5.10702
7.69059
12.2513
20.1041
30.6092
40.2941
48.7233
57.0874
63.0621
68.7158
76.516
84.1172
94.4773
107.427
127.017
135.688
139.481
133.565
120.643
93.3711
69.531
49.5385
33.227
20.4714
13.3867
14.232
21.9632
38.0079
58.7202
85.7606
115.164
142.709
167.205
186.617
193.732
84.1379
64.1801
48.9526
37.0941
29.3884
24.1088
21.9401
23.0915
24.9917
26.9051
27.7576
27.6918
26.4923
25.0686
21.5553
19.015
14.6847
10.4849
6.805
5.21413
3.08702
3.00526
4.26452
6.62372
10.1862
17.0726
27.7021
37.2221
46.7733
55.53
62.1073
68.5631
77.7816
88.7115
101.575
119.143
133.312
143.772
145.622
141.526
123.848
101.676
76.5958
54.882
36.1479
24.5461
16.5024
13.7244
18.0644
30.2485
50.1952
75.9835
105.074
132.49
157.804
177.287
109.058
84.8469
65.2813
47.7908
38.2536
29.6204
23.6008
19.9331
20.8477
23.4221
26.5855
28.3831
29.4168
29.0891
27.0881
25.6221
22.6692
24.3211
20.03
16.0448
11.8152
8.60937
2.54531
3.32242
5.4967
9.43765
15.8147
23.2754
33.0239
42.4024
50.1527
58.3157
69.4291
81.2596
95.8366
114.136
129.281
141.967
147.666
146.952
137.722
124.649
104.214
82.256
60.8777
43.2406
29.4502
20.6304
16.2932
16.5662
24.2607
40.4518
63.6541
90.5665
119.083
142.734
135.994
110.078
87.042
63.9168
48.921
36.9944
29.4313
22.5095
18.6363
18.1538
21.3678
24.6476
27.9708
30.5153
31.2982
30.7523
28.6798
31.5577
31.7992
35.2188
29.8543
25.4228
16.2243
9.61485
2.90211
5.03696
9.50322
14.1844
20.8174
27.6783
35.6551
43.3672
54.5357
66.9131
83.3103
101.635
119.696
136.403
144.809
147.16
141.922
133.189
119.214
104.011
84.6087
65.8717
49.0234
34.0442
25.2232
20.2625
18.0938
21.0851
31.7635
50.0861
75.5277
102.289
144.795
126.929
106.985
82.11
62.2797
45.1082
34.0457
27.3518
22.3227
18.2046
17.5225
18.8675
23.434
27.8269
31.5996
34.3494
34.7161
37.3734
38.366
45.3477
50.1775
52.1307
41.8097
33.6313
19.7378
9.07466
5.36176
8.28233
13.107
17.9192
23.7599
29.2798
39.1981
50.1419
64.2733
80.0395
100.243
119.307
132.632
140.446
145.383
140.723
132.336
121.199
108.563
88.8238
71.4246
53.9945
40.6407
30.5546
25.8271
21.7263
20.7263
25.5091
39.0956
58.9051
127.749
120.065
104.92
83.4228
66.3458
49.6889
35.9165
29.1485
25.2524
22.4668
19.2694
16.6849
18.6141
22.4744
27.6055
33.0696
37.208
42.8217
44.8294
51.6081
58.199
68.163
63.7653
55.7935
41.0574
25.5761
10.4808
5.23237
7.35058
10.5287
15.5716
19.3187
26.848
34.753
46.87
58.6882
76.5988
95.5759
111.686
121.734
133.644
139.524
139.987
135.878
129.628
114.611
96.7878
76.9063
61.1172
47.3805
37.977
30.9707
26.2631
21.7948
22.7709
29.6946
102
100.511
90.6067
72.6136
57.3398
43.741
32.5833
27.3346
24.6504
23.0446
21.3285
19.4672
18.349
19.4787
22.9199
27.678
32.8095
42.6581
48.3161
57.147
64.8782
75.0332
73.0839
73.6317
64.7798
52.7575
35.0275
22.6944
13.2499
8.30747
8.4096
11.3843
16.3127
21.1608
30.151
38.2315
52.2855
70.1101
86.8538
98.5368
115.492
127.291
136.589
138.925
137.619
124.702
112.088
95.1466
80.5703
67.6208
58.144
46.8485
36.8266
28.6446
22.8258
19.1732
68.1305
74.4105
69.8907
58.7482
45.7743
34.2843
25.0542
23.0835
21.9743
21.4393
20.6345
20.3045
20.1009
20.0913
21.0486
24.2253
28.5501
33.7286
41.9952
55.1545
66.0142
76.8501
80.1389
82.1454
79.6232
71.5204
54.8599
43.8664
31.9626
17.392
10.8156
9.97982
11.2605
12.2172
18.1877
23.3809
33.7814
47.0275
63.0263
78.3642
95.9891
111.315
125.871
135.479
139.945
132.751
124.654
111.807
99.2872
86.6368
78.1516
66.4581
54.1864
41.331
31.0271
23.6018
31.5979
40.6196
43.5599
39.3121
31.6355
23.9244
16.7443
15.9358
17.3327
18.5831
18.8578
18.7379
19.5464
20.4015
20.6006
22.3204
25.6706
30.2777
34.6503
42.9672
57.2134
71.9041
77.0375
82.7064
86.9626
81.0941
65.4133
55.2323
46.0048
33.4288
24.6931
19.6312
17.2618
13.3378
13.0028
13.4115
20.1996
28.7794
40.4353
55.5276
73.5474
92.7062
111.896
127.727
138.743
139.96
138.52
131.756
124.292
113.085
104.716
91.2925
76.891
61.003
46.17
33.7759
12.2343
17.15
16.4296
17.1446
16.27
13.0294
8.63071
8.98275
10.762
13.1406
15.2195
16.2516
16.5385
17.4994
18.2349
19.6625
21.8922
26.7837
31.3953
36.9045
42.7615
55.0345
63.9106
72.6276
80.3632
83.4268
73.9328
65.0056
57.8053
48.5338
42.8376
40.9791
38.3453
29.2533
23.4226
17.1109
13.9967
16.1081
23.2099
32.621
46.5524
65.5953
85.1335
105.874
124.514
137.02
147.298
150.035
147.565
141.274
132.629
115.728
99.4529
82.7737
65.2119
49.0434
11.0173
11.3297
10.4584
10.7445
9.6763
8.27
6.05537
4.61032
4.90648
6.87744
9.42095
12.2044
13.7396
14.1988
14.4043
15.3216
17.7185
21.4505
26.6491
33.3549
38.7309
43.3711
50.2867
62.8047
73.8059
79.8948
78.5192
74.6635
68.0042
61.0126
58.6061
60.0242
60.1725
56.4748
49.2205
36.8172
26.8385
19.4239
14.7012
18.3202
28.1878
41.9625
58.7247
77.2905
96.4228
115.732
138.096
153.403
160.92
161.862
159.596
142.173
123.649
106.21
86.7826
66.84
14.9697
14.1533
12.8494
14.3863
13.8346
12.6474
10.2135
7.31931
4.20727
3.68
4.65282
6.53243
8.9978
10.7282
11.3371
11.2756
13.171
15.2882
19.1904
25.4894
32.9547
39.1369
44.4533
50.7835
60.2989
66.6895
67.7697
69.2546
72.0769
70.3468
72.5965
76.2631
77.5124
76.9879
72.8595
66.1025
52.8826
39.8493
26.6052
18.0148
13.9368
22.1497
35.5088
52.3439
73.2301
95.4194
122.095
145.397
163.281
171.903
176.875
165.478
149.816
133.605
115.214
92.0704
22.8736
18.7485
16.5191
17.3597
16.8321
16.806
16.1965
14.8338
11.1393
8.29788
5.94179
4.24596
4.28647
6.14345
7.73022
8.21668
9.27126
10.0404
12.2078
16.6837
23.4623
31.4071
39.3037
45.8999
50.5582
56.1705
59.9289
63.0002
67.5387
74.929
82.3425
87.7531
90.5236
93.5683
90.8846
86.0327
76.5695
64.3762
46.9588
32.5838
17.73
12.2677
17.5926
29.0629
46.1486
68.9442
96.9812
123.205
148.031
168.198
184.195
182.517
174.022
161.445
144.492
121.003
32.5082
26.4213
20.5582
20.0051
20.0973
19.3999
19.2495
19.726
18.3486
16.4139
12.938
9.09177
5.5569
3.70854
3.94571
5.09415
6.3406
6.39721
7.3571
9.20084
13.8453
20.4358
29.6583
38.9236
46.3384
51.4172
56.2157
60.8601
67.0144
73.7542
83.4794
93.8565
99.9193
106.806
108.87
108.984
99.6505
88.9085
71.1342
54.1162
35.2362
21.55
13.4941
13.7716
23.1965
39.6764
63.6432
89.8656
115.216
140.167
166.109
179.52
185.497
183.406
172.251
149.991
42.4455
33.1343
27.8606
23.8498
22.1751
22.2271
22.7722
21.7913
21.7967
22.2236
20.8107
17.4056
13.0106
8.80419
5.35738
3.5848
3.99915
4.29912
4.28388
5.16535
7.19584
9.94522
17.1304
26.8903
36.5994
44.9792
52.1634
57.5185
63.0547
69.0786
77.8089
87.0542
94.8757
108.603
118.872
127.337
124.862
118.878
100.138
81.0199
56.752
39.9243
26.4271
16.309
12.3139
18.5904
32.3592
52.3061
76.5005
102.013
131.837
156.541
176.306
188.558
191.866
178.332
59.1399
44.7634
34.9638
28.3019
24.9893
23.1503
24.2533
25.1066
25.339
24.4932
25.3928
24.0113
21.0371
17.4533
12.9076
8.57535
5.21676
3.57934
2.56275
2.79191
3.48511
5.18582
8.09153
13.811
23.1459
33.295
42.6794
51.1665
59.1102
64.0096
70.5544
78.5764
86.2185
97.2138
111.551
129.928
136.989
138.926
129.138
113.514
86.6976
64.1553
44.9679
31.3744
19.5566
13.2541
15.2924
25.368
42.8309
64.8842
92.6858
121.351
148.444
171.511
188.49
192.094
79.1794
59.9461
45.7732
34.8022
29.0395
24.0755
23.0396
23.5824
26.2154
26.5576
27.668
27.3944
26.6618
24.3115
21.0669
18.3517
13.7819
9.49666
6.32109
4.55868
2.34272
2.92299
4.55512
7.33331
11.8746
19.6182
30.1827
39.6214
49.1387
56.876
63.5634
70.7733
79.9897
91.1441
105.291
121.807
136.115
144.611
143.2
136.031
118.734
95.6459
71.141
51.8669
34.7436
23.2227
14.9633
14.2448
20.2428
34.5451
55.4911
82.3915
111.713
138.093
162.546
179.717
102.994
79.7372
60.3868
44.5534
36.9956
28.564
23.3667
19.9413
21.9166
23.8569
27.0044
28.6761
30.1015
29.012
26.7821
25.2254
22.1528
24.1063
19.4798
15.7323
11.3113
8.38076
2.3257
3.93901
6.66407
10.9643
17.464
25.5816
35.4157
43.8647
51.7693
61.2113
72.0232
84.2112
99.9093
117.477
131.547
143.763
146.209
143.472
134.938
120.911
98.784
77.9664
57.3114
39.5691
26.3461
19.177
15.9771
18.2176
27.6807
45.7216
70.2297
97.6694
125.255
147.619
130.096
104.291
80.8838
59.5886
47.0494
36.1651
28.7188
21.9247
18.6731
18.4687
22.229
25.6765
29.2839
31.4096
31.3818
30.5613
28.3807
31.747
33.5542
34.7896
28.3326
24.3075
14.4134
7.05542
3.26743
6.10926
10.5153
15.75
22.1421
29.2173
37.0478
45.833
57.1999
70.3161
87.1606
105.284
123.149
138.292
144.656
144.716
140.673
130.897
116.241
99.9996
80.5906
61.0357
44.2519
30.8972
23.6667
19.8836
18.2727
22.9137
35.7807
56.116
82.2368
108.749
141.009
122.05
100.169
76.52
58.291
42.6165
32.5591
26.62
21.3749
17.2542
17.5325
20.0447
25.148
29.4578
32.6799
35.1372
34.574
37.718
40.4344
46.9505
50.5434
50.9064
39.9173
29.8959
17.2692
7.86685
5.75627
9.31285
14.1033
18.9771
24.5593
31.289
41.3941
53.0664
67.5634
83.8862
104.093
121.991
133.84
141.059
146.484
140.935
131.981
119.747
104.882
83.6874
66.014
49.4658
37.44
29.436
24.7672
21.1868
21.3324
28.2744
43.41
65.0225
126.791
116.424
98.9915
78.3683
62.1376
45.263
33.1102
27.5414
23.7006
21.1468
18.1886
17.1277
20.0286
24.5616
29.2376
35.068
38.0245
43.7554
46.7248
53.3672
60.0002
69.5184
62.2569
52.2674
37.9109
22.0868
7.99242
5.48361
7.8026
11.4911
16.1063
20.8324
28.2221
37.1147
49.2008
62.0475
80.2647
99.0641
113.492
123.669
135.958
140.881
139.898
135.025
126.363
109.77
90.8869
72.1277
57.2235
45.2095
35.9235
30.1403
24.962
21.8154
23.9607
33.0332
102.828
98.4149
85.8772
68.1627
53.7835
40.0777
30.5992
26.5347
23.7907
22.4539
20.9969
19.456
18.8786
20.9352
24.232
29.2282
34.1621
44.3841
50.6646
58.9501
66.9686
76.1966
72.8325
71.7973
62.3065
49.4888
31.9797
21.1203
11.906
8.49436
8.81625
12.4773
17.1003
22.8757
31.6778
40.5952
55.5774
73.8582
88.8315
101.818
119.469
129.966
138.219
139.484
134.858
120.295
107.413
91.1982
77.0609
65.7456
55.9508
45.09
34.2988
27.445
21.5145
19.6047
71.7359
74.4892
67.3905
55.5762
42.9323
31.3689
23.8729
22.8493
21.5603
20.8908
20.494
20.5628
20.4998
20.6751
21.9959
25.5713
29.782
34.7767
44.8829
57.1296
67.8109
77.6467
80.1219
81.496
78.1524
68.2536
51.4594
41.8075
27.8652
15.3683
10.0448
10.2984
11.1016
13.3251
19.1674
25.0177
36.0728
50.2211
65.7515
81.5942
100.569
115.397
129.592
138.276
140.318
130.907
122.369
109.468
97.0506
85.0454
76.1268
64.4608
51.0116
38.7969
29.0121
22.7921
34.7339
42.1728
43.015
37.0335
29.714
21.1924
15.6999
15.6311
17.4653
18.4023
18.6556
18.9843
20.2454
20.9437
21.0811
23.3371
26.8176
31.1348
35.5927
45.7294
60.4098
73.7462
77.4825
84.5502
86.9994
78.2872
62.3458
54.0283
42.1839
31.2496
22.8105
19.0677
15.9938
13.3955
12.1122
14.5014
21.4714
30.8452
42.9542
58.841
78.6765
97.9687
117.289
132.127
141.82
140.554
138.513
131.214
123.277
111.557
102.235
88.2864
72.7775
57.0407
42.7286
31.9057
13.679
17.4487
16.7118
16.8018
16.2104
11.4543
8.21621
9.08224
11.1933
13.7115
15.4153
16.5226
17.0252
18.0558
18.6474
20.1848
22.9052
27.6837
32.3732
37.7569
45.4088
57.7686
65.4723
74.9711
82.4612
82.0667
71.4034
64.2836
54.9561
47.3055
41.6896
41.9968
36.0143
28.4013
21.0825
16.3481
12.7495
17.5998
24.7182
35.0228
51.1673
70.149
90.5161
111.174
129.835
141.089
150.529
151.752
148.796
140.426
129.332
112.32
95.2086
78.1542
60.9317
46.3788
11.1685
11.6111
11.1969
10.2854
9.79467
7.80519
5.73411
4.48802
5.3281
7.51778
10.1819
12.7505
14.2146
14.3941
14.6796
15.5188
18.0344
21.8937
27.7859
34.1761
39.9116
44.4084
52.944
65.9265
76.5936
80.0633
78.2741
73.9391
65.667
60.5043
58.2985
61.9018
58.4993
57.4169
45.9997
35.3927
24.2481
18.9531
13.7332
20.2581
31.6038
45.5105
63.9493
82.0968
102.674
122.304
144.515
157.32
164.089
161.93
155.698
137.05
118.919
100.747
81.9439
64.1129
14.8812
14.1497
13.8491
14.1069
13.7712
12.0826
9.63774
6.36112
3.85284
3.82657
5.13825
7.07458
9.76458
11.2226
11.5817
11.5277
13.3578
15.9483
20.7006
27.1568
35.0485
41.0307
46.2581
53.1921
63.8267
67.3623
68.2615
70.4772
71.374
70.6298
73.152
78.4912
76.6509
78.8247
70.6714
63.8388
48.0403
36.9422
22.413
16.0146
15.3196
25.1386
39.7738
56.8959
79.5759
102.938
129.771
151.288
167.824
173.228
174.311
160.639
145.724
128.984
110.167
88.3377
21.2708
17.6152
17.0326
16.754
16.982
16.4627
16.2917
13.9698
10.5616
7.76568
5.64386
4.03945
4.81261
6.79796
8.17639
8.37377
9.17328
10.6177
13.414
18.1755
25.8601
34.0326
41.6759
47.3007
53.7204
57.7876
61.394
64.4409
69.2831
76.9391
83.7294
90.3182
90.7074
95.9972
89.5291
84.1381
73.8604
62.0088
42.4748
29.3584
16.7318
12.3337
19.9869
32.6613
51.3333
76.3457
104.096
130.055
154.065
172.454
183.635
179.273
170.498
156.645
139.236
116.688
30.8547
24.6473
20.8435
19.8758
20.3237
18.7905
19.6789
19.4178
18.3336
15.6737
12.4079
8.11881
5.15173
3.58887
4.54774
5.36948
6.08829
6.7283
8.07924
10.1523
15.7672
23.1018
32.552
41.0441
48.5998
53.0396
57.7969
62.5759
69.2284
75.9903
86.2697
97.6216
101.255
109.639
109.8
107.289
97.0824
87.4475
65.8121
49.5252
32.3831
18.1919
11.649
15.3766
26.565
45.6522
70.1748
96.6071
121.637
146.288
169.116
180.523
185.24
180.89
168.037
145.414
39.8635
31.607
27.939
23.5639
22.9187
22.7916
23.5529
21.5541
22.485
22.096
20.7492
16.4071
12.3965
7.93304
5.07775
3.47977
3.83135
4.44936
4.65021
5.71435
7.85025
11.7741
19.6413
29.4515
39.4763
47.4675
53.9432
59.1687
64.8571
70.9583
80.3117
89.6267
97.7948
113.107
121.963
126.903
124.68
117.211
94.3783
74.1659
51.9911
35.051
21.4612
14.0211
12.9545
21.5307
36.5248
58.0251
82.2997
108.232
137.193
160.46
179.404
189.924
190.317
174.794
55.3134
41.8959
33.8734
27.5262
24.5012
22.9164
24.9527
24.54
25.3631
24.8573
25.8732
23.352
20.7723
16.3815
12.1546
7.71197
4.88498
3.67556
3.12691
3.21376
4.07214
6.02033
9.07504
15.6488
26.2062
36.1845
45.0432
53.695
60.9886
65.3974
72.8669
81.1062
89.2689
100.654
116.867
131.333
138.609
138.296
125.731
105.639
80.2256
57.5161
38.8792
27.6121
17.4081
13.3747
16.8812
29.2887
47.4587
71.0865
99.7276
127.651
154.283
176.524
190.707
191.619
74.3566
56.3708
43.7612
33.4858
28.0688
23.4289
23.923
23.8477
26.9189
27.3299
28.2341
27.1293
26.6204
23.4166
20.4773
18.0886
13.8337
9.62972
6.98243
4.99107
2.28575
3.06267
4.93805
8.09129
13.564
22.5887
32.6691
42.248
51.5902
58.5699
65.2853
73.5849
83.0716
94.4955
110.261
125.375
140.328
146.77
142.673
131.051
112.619
88.1381
64.3602
47.3795
32.4284
22.054
14.0554
15.1958
23.02
39.1875
61.4101
89.1552
118.29
143.926
167.391
182.851
97.0322
75.2171
56.9805
43.078
35.3419
27.1171
22.8645
19.9771
22.4921
24.8827
27.7428
28.7322
29.9731
28.3319
26.4162
25.2867
22.96
22.3212
17.7586
14.0218
9.01057
5.81018
2.45519
4.40613
7.73603
12.8201
19.6044
28.6548
38.3994
46.2642
54.1696
64.5512
75.286
88.1159
104.922
121.863
135.216
145.772
145.273
139.608
129.648
114.46
91.8514
72.8782
53.5328
37.0705
24.4603
18.2645
15.5588
19.536
31.3145
51.2431
76.7188
104.947
131.125
152.907
123.861
98.9545
75.9712
56.445
44.2244
34.4764
27.3747
20.6708
18.322
19.3255
23.3473
26.467
29.9662
31.6598
31.41
30.8218
29.4816
30.5921
34.5613
33.5737
26.5765
21.7948
13.922
5.30835
4.10974
7.59169
11.982
18.0091
24.2058
31.8538
39.4161
49.2469
60.8334
74.9455
91.9855
110.095
127.63
140.58
144.949
142.418
137.386
126.364
111.887
95.5593
76.5374
57.5987
40.9694
28.7947
22.0186
18.9812
18.6395
25.1715
40.0708
62.3569
88.6142
115.176
137.157
117.804
94.3028
71.7173
53.5765
39.4524
30.7288
25.265
20.3106
17.0475
17.9581
21.0527
25.9466
30.0448
33.2506
35.8811
35.3314
36.6356
41.7167
47.7086
50.7216
48.1644
39.4739
27.114
15.507
7.17308
6.76733
11.0414
15.7691
21.0573
26.3294
34.5925
44.815
57.3351
71.898
89.4288
109.303
125.486
135.552
142.31
144.987
138.378
129.457
117.481
99.9827
79.4296
61.6313
45.6568
34.041
28.0991
23.5545
20.6896
22.1914
31.4267
47.9131
71.131
125.7
113.697
94.516
74.9174
58.8792
42.0795
31.869
26.8824
23.3454
20.2861
17.5601
17.4099
20.5176
25.447
30.3474
36.6836
39.468
43.0019
47.8763
54.297
62.0608
69.2436
62.4029
49.752
35.6938
18.9915
6.43849
6.4261
8.92012
13.3465
17.2417
23.4023
30.6129
40.8994
52.4165
67.1163
85.4044
103.285
115.448
126.192
137.193
140.694
138.95
134.166
122.892
105.642
86.0022
68.0935
53.3947
42.9016
33.7176
28.9006
23.5021
21.8046
25.1822
36.315
