12.7475
11.1707
11.3008
11.77
9.85765
9.54722
7.3039
5.44874
4.58418
5.90855
8.18535
10.9905
13.2989
14.5703
14.5999
15.1678
15.9962
18.6932
22.5097
28.8723
34.6322
40.9474
45.3938
55.5557
68.6972
79.3093
81.6191
79.0514
73.7217
63.4198
57.4633
53.937
59.6477
54.8229
54.3802
42.1861
33.3513
21.4854
17.3851
14.0546
21.9082
34.2971
48.52
68.1167
86.3457
106.36
125.97
146.43
156.837
163.05
161.37
152.176
133.764
116.573
97.1
78.1794
18.2066
14.9237
13.8633
14.8969
13.9526
13.2236
11.0944
8.69216
5.21938
3.43281
3.93716
5.64621
7.72169
10.3768
11.6503
11.9938
12.0714
13.8446
16.9136
22.2129
28.5593
36.9097
42.494
47.74
54.8464
65.982
68.9434
69.3894
71.5764
70.2927
68.4746
69.0953
76.309
73.6247
76.3271
68.1321
61.3811
44.0737
33.5816
20.3546
15.0956
17.1577
28.0809
43.4721
61.2774
83.171
106.518
132.313
152.9
168.544
174.368
172.472
158.613
143.634
125.455
105.643
27.7778
21.1477
17.6247
18.04
16.6148
16.765
15.7524
15.6172
12.52
9.53929
6.90611
5.16565
3.94799
5.33615
7.32993
8.75725
8.83169
9.48355
11.4474
14.8254
19.6456
28.1455
36.24
43.7104
48.3993
55.3117
58.7238
61.6321
64.3531
69.4167
75.763
80.9329
89.2102
89.0907
93.5153
87.2963
82.0973
69.2632
57.295
38.5933
25.6301
14.9071
13.2714
22.2696
36.2361
55.899
81.4873
108.534
134.33
158.102
176.151
183.744
178.652
168.724
153.638
134.953
36.792
31.0375
24.6257
22.1576
20.5643
20.5224
18.2053
19.4838
18.5734
17.7541
14.6213
11.4983
7.12962
4.71889
3.62238
5.27956
5.9461
6.41408
7.55703
9.07356
11.3389
17.956
25.614
35.1238
42.9432
49.961
53.8276
58.4935
63.0875
69.995
77.224
87.3274
99.7983
102.59
109.338
108.931
104.955
91.9028
83.3796
62.2831
45.9597
29.6433
17.2487
11.1203
17.1882
29.7198
49.8813
74.5997
101.123
126.67
151.911
172.465
183.221
186.281
179.822
164.954
49.7048
39.2951
31.7736
28.0916
23.3546
22.8128
22.0065
22.572
21.0035
22.4445
21.4528
19.8923
15.0091
11.2172
6.86144
4.66755
3.54394
4.06723
4.95889
5.41144
6.6985
9.02164
13.7653
22.1266
31.753
41.292
48.879
54.843
59.6901
65.642
72.1436
81.5015
90.7504
99.6759
113.454
121.88
124.364
120.55
112.457
90.3392
69.1859
48.5055
33.2196
18.7698
12.5658
13.9517
24.2023
40.5788
63.2237
87.6743
114.697
142.601
165.032
182.504
191.762
189.108
68.6324
53.0607
40.5155
32.7691
26.8719
23.5616
21.8638
24.0826
23.8053
24.7701
24.7156
25.4704
22.2592
19.8113
14.9978
11.0925
6.79439
4.6038
3.85262
3.86002
3.97103
5.15625
7.23305
10.3667
17.5047
28.2031
37.9011
46.4147
54.9881
61.7198
66.3036
74.1627
82.4264
90.9608
102.179
119.733
131.483
137.023
135.796
123.045
99.7762
74.8343
53.6198
35.0324
23.8434
15.1035
13.3215
18.4689
32.5059
51.7573
76.929
105.828
133.731
159.603
181.254
193.182
91.7392
71.522
54.3653
41.7506
32.2038
26.8196
22.7413
23.723
24.4335
27.274
27.7183
27.9959
26.5652
25.9804
22.3976
19.7752
16.1332
12.1211
8.01029
5.96871
3.96238
2.77039
3.58781
5.62414
8.97635
15.1005
24.9482
34.7705
44.3734
53.5305
60.0967
66.4323
75.1893
84.5054
95.7101
112.192
126.655
139.822
145.945
141.668
127.026
107.027
82.4678
58.7088
41.8109
28.7145
19.6178
13.469
16.0281
25.6668
43.5007
67.0056
95.3525
124.14
150.089
172.634
117.855
93.2191
72.2533
53.9569
41.599
33.4382
25.8135
21.937
20.7943
23.2858
26.0364
28.1791
28.7991
29.4714
27.6838
26.0685
23.6958
22.7712
19.6699
15.4135
11.4994
7.80832
3.72288
2.86555
4.92762
8.59589
14.2472
21.345
31.1342
40.826
48.5214
56.0841
66.8451
77.1464
90.2761
107.458
123.655
136.834
146.823
145.846
138.621
127.67
110.288
87.5501
68.1782
49.6252
34.2148
23.0974
17.0229
15.3405
20.9466
34.7497
56.1503
82.773
111.534
136.935
144.73
119.444
95.1993
71.6222
53.5089
41.2403
32.7328
25.6111
20.1682
18.5322
20.5402
23.9389
26.9137
29.9994
31.4024
31.06
29.5215
29.6466
29.0057
34.3523
30.9372
25.4004
19.1696
12.8599
3.71693
4.70302
8.65349
13.0293
19.7716
26.0222
34.2599
41.4953
51.7517
63.1685
78.108
94.9427
112.724
130.371
141.814
145.268
141.383
135.343
123.248
108.921
91.5395
72.9013
54.6925
38.3682
26.9692
20.8199
18.1171
19.2027
27.4559
43.9084
67.7732
94.4883
150.74
134.987
115.602
90.7835
68.8029
50.9677
38.2936
30.2247
24.7649
19.9947
17.5635
18.1872
21.7713
26.3789
30.431
33.4832
35.0286
35.4396
35.3603
42.5081
47.5017
50.8725
44.6166
37.5826
23.2991
12.6504
6.07678
7.54069
12.3696
17.0497
23.0073
28.0811
37.3596
47.4398
60.7324
75.089
93.6522
113.199
128.577
137.466
143.433
142.574
135.536
126.025
113.833
95.3332
76.402
58.2506
42.7547
31.84
26.635
22.3023
20.1764
23.0405
34.3409
52.324
130.604
126.893
114.274
93.8358
74.7034
58.3345
41.8387
32.3857
27.1824
23.7803
20.2382
17.006
17.5646
20.7964
26.0967
31.1584
36.5306
40.1167
41.8929
48.5965
54.3053
63.8512
65.8912
59.4421
44.4035
30.6427
14.2155
5.14024
6.91444
9.87717
15.0079
18.3817
25.5861
32.5808
44.196
55.1954
71.3738
89.7151
107.628
117.946
129.086
137.534
140.322
137.799
132.698
119.898
103.001
82.4553
64.5612
50.4325
40.4831
31.9683
27.4384
22.2239
21.6752
26.4112
102.153
104.706
97.8987
81.7286
65.0407
51.2483
37.4829
29.954
26.0714
23.885
21.7046
20.0566
18.5023
18.5351
21.7204
26.0048
31.3054
38.2216
44.0087
53.3531
60.1115
70.6331
73.5023
74.3518
67.423
57.2329
40.1142
25.6768
16.4501
9.17309
8.95371
10.9933
16.1847
20.3173
28.8937
36.4321
48.2993
64.6388
82.8284
94.267
109.433
123.748
133.42
138.494
138.641
128.811
116.034
100.243
83.7715
70.3396
60.7971
49.1664
39.4812
30.2496
24.4146
19.2738
66.0766
76.6103
75.6748
66.3771
53.1841
41.2324
29.4915
24.7008
22.8679
22.1065
20.7242
20.3938
20.3125
20.0447
20.5437
22.9589
27.2296
32.1036
38.2505
51.9823
62.1877
74.0199
79.3673
81.5424
79.4318
75.0266
59.9963
46.58
36.7682
20.7314
11.9295
9.2141
11.0626
11.7076
17.2853
22.0463
30.4141
42.314
58.3407
72.9233
88.8188
105.656
120.786
131.883
138.126
134.275
126.45
114.758
101.535
89.8816
81.0375
69.558
57.8925
44.8812
33.5581
25.1674
29.8759
40.5825
46.221
44.7042
36.938
29.7276
20.2579
17.1376
17.1195
18.6932
18.8067
18.6163
19.2016
20.1487
20.4541
21.2912
24.3142
28.5346
32.9335
39.1367
51.6284
67.6335
75.7481
79.3957
85.7128
84.4808
70.7486
57.6613
49.8112
35.1292
23.8809
16.3997
14.9238
11.3893
12.4197
12.7651
18.5598
26.0978
36.8496
49.8752
65.9832
85.3984
104.881
122.514
134.907
139.314
138.849
133.331
125.289
116.227
107.632
95.0465
81.1322
65.743
50.196
36.8072
10.9546
16.8569
18.2835
19.6235
18.7998
16.8055
10.7243
9.43234
10.214
12.3663
14.8018
16.0613
16.7067
17.4406
18.4434
19.4185
21.0664
25.0643
29.5304
34.9702
39.671
50.8817
61.4424
68.8382
77.3541
83.9105
77.996
67.1606
61.0012
49.3294
41.175
36.2737
36.9802
28.3352
24.0994
18.1668
15.3448
14.3243
21.4284
29.1347
40.4837
59.0607
78.2629
99.3615
118.771
133.456
144.316
149.105
147.211
143.767
136.666
121.199
105.412
88.9463
70.393
53.4488
11.2201
10.7105
10.4584
11.4074
9.58862
8.93417
6.71766
5.12563
4.69777
6.36913
8.77828
11.6552
13.5698
14.4151
14.5337
15.349
16.6314
19.6009
23.9744
30.8218
36.18
41.8497
47.152
58.4627
70.5429
79.7077
80.1392
76.9065
71.009
60.9807
55.9729
54.3748
58.2454
53.4842
50.7118
38.3765
29.5027
19.7177
15.7061
15.899
24.3421
37.4767
52.6582
71.9197
90.1005
109.37
130.49
148.68
157.628
162.322
161.24
147.669
128.643
111.59
91.4124
71.9263
15.9461
14.1491
12.9779
14.8584
13.8053
12.7225
10.4602
7.93627
4.45838
3.3425
4.19943
6.10381
8.34345
10.5224
11.5536
11.5821
12.2653
13.9076
17.2355
23.259
30.14
37.5823
43.141
48.4894
56.2468
66.0775
68.2026
68.7264
71.7228
69.1867
68.5518
70.1604
75.2451
73.183
73.3875
66.1425
56.8208
41.3972
29.9198
19.4175
14.1102
19.0751
31.0721
47.4994
66.3967
87.6964
112.619
137.695
157.053
170.183
176.362
170.143
154.382
138.799
120.135
98.6611
25.3098
19.9552
17.0663
18.0745
16.5708
16.5818
15.6642
15.1028
11.4875
8.67825
6.2424
4.62347
4.00208
5.61093
7.49478
8.45582
8.7293
9.02039
11.0308
15.3278
20.9964
29.3767
37.5724
44.7939
48.7353
55.4271
59.2636
61.9601
65.4539
70.8926
77.2984
82.1985
88.4562
89.3861
90.952
86.0545
78.802
66.3498
52.098
35.9755
21.5516
13.4474
14.982
25.4696
40.8367
61.2701
88.1248
114.74
140.2
162.655
180.859
184.146
176.974
165.769
149.485
128.229
34.8034
28.748
22.2789
21.0777
19.9744
19.5817
18.3144
19.3216
17.9987
16.8996
13.5143
10.1889
6.2293
4.07809
3.63482
5.17524
5.96634
5.8167
6.80845
8.64562
11.9581
18.5515
27.1641
36.7537
44.0917
50.2955
54.7667
59.3009
64.7281
71.5838
80.0646
90.1438
99.7907
103.96
107.924
108.266
101.599
89.6045
77.6173
59.1326
41.019
26.1665
15.7232
12.1374
19.742
33.5438
55.4021
80.985
107.015
132.644
159.114
176.425
184.606
185.523
176.605
158.017
46.2043
36.1036
29.6977
25.8962
22.1479
21.8105
21.7771
21.6582
20.7593
22.0645
20.8217
18.4718
13.7444
9.79442
5.85501
3.86958
3.47676
3.64273
4.08317
4.93545
6.66399
9.11875
15.2113
24.2093
33.5686
42.6083
50.1264
55.6647
61.0032
67.1654
74.8507
84.1148
92.7378
103.682
115.104
124.112
123.838
119.112
106.718
87.7224
64.2892
45.6322
31.3484
18.1929
11.9595
15.7705
27.7435
45.9096
69.4159
94.1707
122.722
149.356
170.149
185.296
192.191
184.284
64.1155
48.6721
37.4581
30.2608
25.173
22.202
22.0316
23.8027
23.6346
24.0874
24.6463
24.4875
21.2683
18.4246
13.671
9.60521
5.75585
3.77014
2.8127
3.25926
3.69611
5.06288
7.58231
11.9218
19.6369
30.1635
39.8978
48.2552
56.6872
62.8416
68.2794
75.9435
83.7307
93.385
105.559
124.88
134.226
138.45
133.736
121.236
94.5061
70.4369
50.067
33.3125
20.724
13.4658
13.9203
21.3808
37.0986
57.5281
84.2337
113.446
141.053
166.006
186.101
193.946
86.1021
65.6891
50.0368
37.8732
29.7705
24.446
22.3016
23.2849
24.9128
26.8341
27.5957
27.2923
26.1371
24.8734
21.413
18.8447
14.5078
10.3223
6.64015
5.06928
3.01851
2.89691
4.12443
6.42548
9.87079
16.7278
27.377
36.9061
46.5407
55.5397
61.9304
68.0352
77.0395
87.1264
99.3425
116.716
131.212
142.576
145.667
141.664
124.428
102.501
77.1712
55.1143
36.7595
24.9981
16.7937
13.5143
17.5089
29.3468
48.9547
74.059
103.273
131.31
156.908
176.827
111.107
86.4224
66.7091
48.9121
38.931
30.4039
24.4482
20.6034
21.1753
23.521
26.6206
28.1942
29.0023
28.8101
26.968
25.4596
22.4742
23.5102
19.1761
15.1824
11.0506
7.95591
2.45047
3.20823
5.33065
9.25506
15.5208
23.1008
32.9796
42.5658
50.317
58.0494
68.7285
79.9141
94.0681
111.78
127.546
140.826
147.712
147.047
138.477
125.522
105.214
83.196
62.0722
44.2395
30.2687
21.0854
16.1052
16.1729
23.546
39.3879
62.5153
89.7723
118.473
142.369
138.544
112.303
89.2542
65.9401
50.3462
38.2202
30.7102
23.5105
19.2839
18.4545
21.4848
24.5182
27.5821
30.1645
31.0797
30.5559
28.4642
30.6984
30.461
34.0116
28.7692
24.3041
15.8316
9.67578
2.77675
4.92887
9.34924
14.0378
20.6988
27.5385
35.6685
42.9667
53.7785
65.9409
81.9572
99.6525
117.88
135.068
144.169
146.762
142.018
133.563
119.718
104.823
85.8704
67.107
50.1974
34.9506
25.3336
20.1191
17.8361
20.5958
30.9816
49.2453
74.5647
101.29
147.472
129.856
110.141
84.8923
64.5544
47.0977
35.7879
28.4708
23.1883
18.7903
17.7658
18.7445
22.9932
27.3795
31.1721
34.0007
34.464
36.5775
37.0673
43.8332
48.6977
51.0048
41.3681
33.8057
20.0924
9.45416
5.35538
8.20599
12.9936
17.8379
23.707
29.0011
38.6363
49.4412
63.4669
78.87
98.9379
118.441
132.321
140.231
145.353
140.588
132.332
121.362
108.913
89.3582
72.261
54.5676
40.6628
30.4181
25.5925
21.5158
20.394
25.1189
38.4541
58.2093
130.45
123.87
109.7
88.178
70.4063
53.2064
38.525
30.5801
26.1044
23.0599
19.7062
16.7727
18.259
21.9718
27.1452
32.5524
36.7725
41.9344
43.5464
50.0184
56.3351
66.3368
62.8189
55.4824
40.9907
25.9385
10.7293
5.20951
7.28241
10.4442
15.4871
19.1689
26.5677
34.3544
46.466
57.9627
75.5889
94.6665
111.431
121.287
133.267
138.818
139.765
135.736
130.144
115.339
98.1694
77.7675
61.3858
47.3741
37.8933
30.8244
26.1878
21.7001
22.4198
29.1902
103.839
103.443
94.7007
76.927
61.251
47.0349
34.8164
28.5234
25.2266
23.425
21.5108
19.6447
18.2171
19.093
22.4258
27.1614
32.4383
41.6196
46.9145
55.5772
62.9591
73.1156
71.7984
73.0872
64.7507
53.3898
35.7274
23.4331
13.7923
8.56894
8.43847
11.3401
16.2386
21.0499
30.0635
37.9977
51.6289
69.2373
86.5899
98.1493
114.804
126.265
136.155
138.881
138.126
125.552
113.716
96.4731
81.1193
67.8961
58.4858
47.03
37.0167
28.8702
22.8951
19.1361
69.6332
77.0269
73.5605
62.7831
49.4971
37.3214
27.04
24.0376
22.3543
21.6778
20.6945
20.291
20.0344
19.9375
20.6923
23.7997
28.2201
33.3539
41.1642
54.1568
64.6474
75.5892
78.8901
81.1652
79.0278
72.9373
56.7472
45.6638
33.9168
19.0662
11.0046
9.74418
11.1783
12.0786
17.9404
23.06
33.0627
46.0706
62.501
77.6467
94.7193
109.678
124.912
134.44
139.622
132.854
125.407
112.218
99.3595
86.5604
78.1734
66.5328
54.3527
41.6919
31.155
23.7019
32.3944
42.3153
46.2069
42.4382
34.6026
26.5057
18.3514
16.7216
17.4787
18.7101
18.9302
18.7343
19.4692
20.3226
20.4241
21.9638
25.3023
29.8399
34.2022
42.0654
56.0647
70.9005
76.1438
81.6405
86.3053
82.8634
67.7019
57.1616
47.7891
34.2139
22.644
17.0916
15.1166
11.4786
12.1756
13.2893
19.9791
28.3954
40.1736
54.8839
72.445
91.0169
110.666
126.616
137.985
139.345
138.514
131.383
123.576
112.566
104.756
91.4812
77.228
61.6412
46.6545
34.0007
12.501
17.94
17.7828
18.9512
18.1863
14.7287
9.73936
9.53568
10.8232
13.0678
15.2151
16.2816
16.6226
17.5109
18.2684
19.5991
21.692
26.2976
30.8185
36.2568
41.6674
53.6977
62.7212
71.4021
79.2074
84.7908
76.041
66.7942
59.3806
49.0678
40.4282
38.0294
35.8136
26.9753
22.2381
16.8904
13.8417
15.8474
23.1601
32.2103
45.694
64.5942
84.48
105.391
124.204
136.2
146.505
149.061
146.285
140.392
133.079
116.462
100.502
84.0566
66.2572
49.7304
10.8977
11.0808
10.1377
10.5963
9.45707
8.23846
6.13113
4.7726
4.93923
6.85535
9.39145
12.1869
13.7894
14.347
14.5092
15.4104
17.6517
21.085
26.0262
32.6463
37.9365
42.6515
49.3475
61.8019
73.023
81.3451
80.3392
76.4287
69.4941
61.2043
55.8954
56.749
57.3368
53.8466
47.7824
36.2976
26.5525
19.2005
14.538
18.0465
27.5547
41.1788
57.911
76.8656
95.6587
114.215
136.318
152.015
159.509
160.971
159.954
143.185
124.225
106.85
87.4263
67.3731
14.9228
14.0026
12.6299
14.2838
13.5921
12.2186
9.9018
7.08596
3.94076
3.46955
4.63096
6.53532
8.97994
10.8106
11.5039
11.4574
13.1571
15.0662
18.7288
24.8241
32.1361
38.4074
43.8132
49.9188
59.2154
67.6829
69.1165
70.1301
72.8204
70.0322
69.6172
72.9806
74.9292
74.4842
71.5068
66.1831
53.3734
40.3104
27.2788
18.8631
13.9027
21.7283
34.8595
51.6791
72.0888
93.4509
119.537
143.187
161.291
170.576
176.388
166.349
149.979
133.724
115.415
92.5599
23.1651
18.8816
16.3731
17.2494
16.5239
16.3084
15.7252
14.4052
10.7454
8.02513
5.85814
4.21584
4.27632
6.06763
7.73917
8.29729
9.24141
9.8413
11.8713
16.2883
22.8666
30.7794
38.7319
45.5208
49.8907
56.2278
59.9431
62.6297
66.8207
72.9847
78.8302
84.4981
87.9596
90.7837
89.3068
86.0845
76.6882
64.8822
47.879
33.7374
18.3059
12.4463
17.1478
28.6135
45.32
67.0821
94.7938
121.193
146.16
166.693
183.422
183.013
173.85
161.328
144.579
121.888
32.9818
26.7358
20.5915
19.9094
19.7331
18.9277
18.7775
19.1795
17.8426
16.0701
12.7608
8.98918
5.50471
3.62411
3.89255
5.12988
6.36042
6.29655
7.16124
9.0556
13.43
19.9169
29.0423
38.4073
45.671
50.9802
55.7154
60.3193
66.3253
72.8677
82.2157
92.6665
98.9464
105.256
107.29
108.375
99.3369
88.9783
72.2408
55.5976
36.1464
22.3113
13.8195
13.6121
22.6848
38.3585
61.8548
88.2202
113.73
138.788
164.803
179.304
184.749
183.223
172.437
151.29
42.9845
33.5412
28.1711
24.0648
21.9471
21.7036
22.2582
21.2043
21.165
21.7719
20.5718
17.2396
12.9222
8.70204
5.26557
3.47477
3.92595
4.17222
4.16398
5.11269
7.12209
9.79581
16.7584
26.4638
35.9957
44.4898
51.6872
57.0363
62.4675
68.4318
76.923
86.1459
94.1809
107.161
117.074
126.312
124.051
118.414
100.92
82.853
58.121
41.1918
27.4829
16.92
12.3089
18.2516
31.6828
51.5711
75.684
100.958
130.065
155.426
174.415
187.215
191.028
178.769
59.9478
45.3394
35.5243
28.8065
25.1329
22.7344
23.7471
24.5402
24.6634
23.9814
25.083
23.8368
20.9325
17.318
12.8243
8.48205
5.12249
3.42937
2.47099
2.85299
3.51089
5.14525
7.98424
13.6009
22.4059
32.6623
42.1654
50.5507
58.529
63.7235
69.8791
77.7305
85.3611
95.613
109.461
128.875
136.227
138.734
130.067
115.504
88.0313
65.4958
45.9953
32.067
19.7935
13.3302
15.0983
24.7974
41.9344
63.7244
90.8586
119.85
146.707
170.407
187.826
192.498
80.7465
61.2621
46.8058
35.3274
29.2512
24.1446
22.9466
23.347
25.8389
26.2206
27.3514
27.0905
26.4085
24.0994
20.9658
18.2118
13.6846
9.39805
6.23884
4.6031
2.45045
2.98947
4.52044
7.23626
11.4025
19.0284
29.6087
39.0891
48.6084
56.6729
63.0549
69.8133
78.647
89.1544
102.805
119.675
134.359
143.853
143.399
137.356
120.078
97.141
72.1705
52.7225
34.9289
23.3571
15.0828
14.0169
19.6686
33.5919
54.1065
80.6738
110.161
137.125
161.9
179.644
104.618
81.0709
61.6613
45.3147
37.4418
28.8896
23.561
19.9953
21.7761
23.5445
26.7558
28.4317
29.7044
28.6256
26.664
25.0595
21.99
23.985
19.4427
15.6466
11.3015
8.42804
2.24482
3.82794
6.33582
10.5263
16.9558
25.2668
35.0271
43.8264
51.6046
60.4091
70.6497
82.5113
97.8838
115.573
130.165
143.187
146.529
144.702
136.286
122.586
100.581
79.6056
58.3372
40.5127
27.0491
19.3374
15.8506
17.7964
26.8954
44.5912
69.1032
96.811
124.614
147.041
132.266
106.365
83.0092
61.1509
48.0072
36.7979
29.1618
22.1859
18.7358
18.315
22.0282
25.42
28.8738
30.8998
31.1094
30.3
28.1728
31.6014
32.8596
34.1316
27.7813
23.8022
13.9326
7.15147
3.05627
5.83233
10.1776
15.4147
21.8176
29.0796
36.9154
45.2489
56.2483
69.1055
85.7646
103.822
121.699
137.718
144.446
145.273
141.193
131.894
117.209
101.581
81.9157
62.4032
45.5626
31.6907
23.8497
19.8547
18.0685
22.4889
35.0589
55.1343
81.1718
107.694
143.765
125.097
103.356
78.9398
60.1784
44.0357
33.3691
27.0794
21.7107
17.3637
17.4568
19.7761
24.7703
28.9338
32.3287
34.8304
34.4226
37.586
39.7471
46
49.7612
50.4711
39.3972
30.1184
17.5019
7.90081
5.48708
9.07702
13.8165
18.8251
24.4113
30.8994
40.6036
52.186
66.6683
82.8832
103.064
121.812
133.473
140.746
145.791
140.291
131.235
119.724
105.429
84.7954
67.2959
50.4871
38.0552
29.5644
24.7565
21.1739
21.1654
27.829
42.882
64.4326
129.756
120.511
103.581
82.4635
65.6578
48.0647
34.797
28.3683
24.1658
21.3578
18.3255
16.9216
19.6089
23.9538
28.8315
34.5167
37.7105
43.6046
45.9993
52.2738
58.8968
68.6735
61.5416
52.2738
38.2044
22.439
8.05831
5.3645
7.6513
11.3249
16.0293
20.6961
27.8923
36.7975
48.8289
61.3513
79.3768
98.7291
113.082
123.157
135.37
140.342
139.538
135.367
127.476
111.295
92.6888
73.3225
57.9969
45.4677
36.0533
30.2528
25.13
21.77
23.7321
32.5865
105.052
101.669
89.9067
72.0372
57.1867
42.6984
32.1994
27.3519
24.2736
22.6716
21.101
19.4106
18.633
20.4099
23.8091
28.719
33.718
44.0312
49.854
57.8784
65.8213
75.4273
72.0306
71.7152
62.7731
50.3302
32.6247
21.713
12.3783
8.68779
8.76905
12.4503
16.988
22.84
31.6454
40.344
54.9072
73.4238
88.3591
100.988
118.35
128.992
137.783
139.908
136.334
122.331
109.711
92.9932
78.3589
66.5328
56.6048
45.7305
34.8508
27.7095
21.6725
19.7179
73.5034
77.3978
71.0967
59.2472
46.1632
33.8118
25.3245
23.5645
21.9159
21.1411
20.6343
20.51
20.4031
20.451
21.6698
25.0775
29.3646
34.4384
43.9103
55.9418
66.6778
76.8482
79.3003
80.9374
78.5879
70.3631
53.6075
43.6221
29.9256
16.5717
9.80193
9.92422
10.9943
13.2334
18.9027
24.6094
35.4523
49.5594
64.8233
80.555
98.9239
113.813
128.095
137.804
140.846
131.995
123.426
110.6
97.5956
85.0658
76.2838
64.8541
51.4474
39.1993
29.3258
23.051
35.741
44.1308
45.6803
39.9195
32.4761
23.3133
16.9114
16.2555
17.7182
18.5644
18.8219
19.0325
20.224
20.9381
21.0738
23.0787
26.4802
30.7915
35.2104
44.9563
59.6578
73.3597
77.2237
83.87
87.0957
80.557
64.4456
55.5269
44.0928
31.6938
20.9845
17.2492
14.5489
12.0635
11.7385
14.3211
21.3284
30.6405
42.4057
58.1593
77.447
96.5663
116.057
131.589
141.85
140.915
138.74
131.143
122.935
111.043
102.175
88.5457
73.3266
57.6721
43.1895
32.2269
13.9188
18.2866
17.9881
18.5113
18.0133
12.8537
9.10521
9.55033
11.3155
13.6908
15.5209
16.6443
17.0408
18.107
18.7986
20.1507
22.626
27.3557
31.9405
37.1624
44.5777
57.106
64.9397
74.0736
82.0994
84.0262
73.2905
65.6572
56.6059
47.4311
39.4356
39.5374
34.0371
26.4676
20.3023
16.0382
12.6708
17.5209
24.6855
34.8402
50.73
69.7623
90.3213
111.305
130.1
140.624
149.787
150.964
147.757
139.554
129.778
113.127
96.1826
79.1445
61.85
46.957
10.7695
11.1121
10.6728
9.98982
9.58347
7.74773
5.7788
4.58465
5.35293
7.48225
10.1337
12.7996
14.285
14.5923
14.8989
15.718
18.1349
21.8101
27.4699
33.7507
39.4766
43.9373
52.3654
65.088
76.2763
81.8088
79.8807
75.1601
66.9665
60.1625
55.5342
58.96
56.0955
54.8989
44.7955
34.7166
23.9082
18.6893
13.6103
20.1592
31.0754
44.9973
63.2809
81.8471
102.138
120.944
142.768
156.153
162.861
160.933
156.622
138.608
119.89
101.812
83.0539
64.5327
14.3964
13.5997
13.2563
13.7536
13.4365
11.7437
9.41426
6.19485
3.63675
3.71726
5.13203
7.08305
9.80068
11.384
11.8509
11.7565
13.6256
16.0096
20.4718
26.6625
34.5015
40.3136
45.6467
52.1871
63.0768
68.5968
69.3297
70.8619
72.025
69.6412
69.9319
75.4232
74.1977
76.236
69.5484
63.7633
48.1425
37.173
22.8982
16.5351
15.0081
24.8591
39.2359
56.3161
78.7379
100.988
127.294
149.132
165.863
171.487
174.109
161.482
145.732
129.01
110.46
88.3955
21.1907
17.2867
16.5033
16.3713
16.5558
16.0368
15.8885
13.6471
10.2723
7.60489
5.5999
4.0454
4.8295
6.83878
8.36489
8.63411
9.50281
10.7022
13.2884
17.7816
25.2535
33.1913
40.9748
46.6735
52.8301
57.5286
60.8072
63.4765
68.2996
74.6796
80.3725
87.3515
88.0493
92.8765
87.8139
83.6059
73.4253
62.0408
42.8655
30.0436
16.8842
12.1773
19.6466
32.2291
50.6496
74.5201
102.191
128.111
152.371
170.874
183.336
180.015
170.283
156.594
139.473
117.025
30.8488
24.5615
20.5271
19.478
19.9071
18.4964
19.3241
19.0518
18.0047
15.5413
12.3471
8.12359
5.16099
3.58389
4.57325
5.49102
6.38693
6.8484
8.06436
9.94144
15.3797
22.3902
31.8371
40.3665
48.0289
52.5014
57.2348
61.7363
68.3029
74.5524
84.5137
95.946
99.5077
107.354
107.69
106.166
96.0423
86.9393
66.2445
50.409
32.7367
18.5696
11.8259
15.0656
25.9546
44.1779
68.4992
95.2359
120.469
144.873
168.472
180.901
184.83
180.867
168.661
146.218
40.3987
31.8545
28.1146
23.5341
22.6522
22.4626
23.2807
21.2131
22.0917
21.9168
20.7081
16.4063
12.3993
7.91884
5.05763
3.47171
4.00537
4.53874
4.65972
5.65708
7.76019
11.3334
19.1513
28.9087
38.9177
46.9265
53.4595
58.3821
64.1511
69.8714
78.8936
88.3351
96.3646
110.743
119.555
125.332
123.086
116.114
94.4109
75.2294
52.6967
35.76
22.2712
14.5527
12.867
21.0475
35.746
57.1682
81.3797
107.01
135.795
159.845
178.118
189.105
190.227
175.17
56.2583
42.56
34.5392
27.9819
24.6196
22.8314
24.7676
24.2888
25.012
24.5827
25.7634
23.3387
20.768
16.3721
12.1433
7.69872
4.88843
3.60115
3.05265
3.14085
3.9412
5.80146
8.86545
15.2309
25.5844
35.6165
44.5451
52.94
60.5063
64.702
71.8216
80.1089
88.0444
98.5882
114.405
129.696
137.023
136.998
125.468
106.603
81.3933
58.7189
40.2801
28.7969
18.0746
13.3353
16.5662
28.563
46.5509
69.8566
97.6969
126.1
152.618
175.196
190.074
191.741
76.0214
57.7214
44.8381
34.1887
28.5772
23.7919
23.967
23.698
26.7199
27.0766
28.0972
27.1002
26.6866
23.4724
20.5185
17.3424
13.0527
8.7871
6.12675
4.26263
2.30604
3.02734
4.86327
7.92826
13.1863
21.8999
32.1132
41.5945
51.0665
58.1122
64.6537
72.378
81.4711
92.0965
107.286
122.64
138.039
144.959
141.771
131.205
113.754
89.2981
65.6197
48.496
33.1269
22.2013
14.0495
14.8767
22.3708
38.2074
59.9456
87.8081
117.192
143.198
167.196
182.808
98.7675
76.6605
58.256
43.8454
35.9677
27.6207
23.2625
20.0415
22.4687
24.7753
27.7642
28.7107
30.0446
28.3884
26.4584
24.4929
21.8634
21.2964
16.8241
13.0745
8.91395
6.02652
2.50038
4.38677
7.49787
12.3452
19.1308
28.1715
38.0085
45.997
53.8204
63.5928
73.9179
86.2729
102.715
119.557
133.281
144.53
144.77
140.108
131.243
116.229
93.8514
74.5962
54.7429
37.6456
24.9243
18.2743
15.3899
19.13
30.4266
50.1968
75.9249
104.201
130.79
152.423
126.288
101.018
77.9323
57.8814
45.332
35.215
28.0096
21.0326
18.4227
19.2847
23.3342
26.3478
29.8863
31.5339
31.2778
30.0156
28.348
29.2635
32.6932
31.6032
25.3578
20.9814
13.3365
5.24552
3.95054
7.24167
11.5969
17.5755
23.91
31.5479
39.0975
48.3746
59.7235
73.483
90.2269
108.041
125.779
139.32
143.99
142.247
138.243
127.638
113.327
97.2082
77.9236
58.366
41.672
28.9866
21.9421
18.9586
18.2623
24.6172
39.2964
61.367
87.6787
114.275
139.915
120.624
97.0147
73.9546
55.3975
40.7083
31.4965
25.7557
20.5464
17.1264
17.9631
20.8487
25.739
29.7998
32.9554
34.9667
34.2066
35.3768
39.9471
45.4695
49.4372
47.7369
39.1748
27.4406
16.0832
7.29979
6.49628
10.7157
15.4373
20.7204
26.1341
33.942
43.9924
56.5251
70.8404
87.9823
107.889
124.902
135.103
141.928
145.344
139.022
130.006
117.971
101.207
80.2404
62.392
46.0278
34.2423
28.0299
23.4248
20.61
21.8719
30.8534
47.2228
70.3462
128.684
117.503
98.6467
78.6802
62.1386
44.4565
33.2487
27.4984
23.6094
20.493
17.7668
17.2885
20.2863
25.188
29.9878
35.5912
38.1881
41.6947
45.9974
51.9617
60.4191
68.3762
61.8036
49.6759
36.0805
19.2669
6.32188
6.12895
8.73677
13.0822
17.1633
22.9342
30.0445
40.3622
51.8321
66.0393
84.1823
103.01
115.218
125.643
136.878
140.958
139.147
134.504
123.966
106.671
87.0816
68.5505
53.7549
43.0592
33.9597
29.0394
23.5988
21.7079
24.8199
35.8047
