14.8684
13.1397
13.4832
13.9923
11.9029
11.3346
8.67078
6.37027
5.37728
6.86014
9.53802
12.7717
15.3662
16.7171
16.7603
17.47
18.4604
21.6106
26.2553
33.7316
40.4067
47.7234
53.0932
64.8204
80.4078
91.9882
93.9848
91.1939
85.3186
73.0117
67.7115
64.4993
71.0495
65.1575
64.7085
49.6531
39.162
25.1074
20.3436
16.5118
25.5555
40.2254
56.857
79.5686
100.649
124.341
147.542
171.025
182.674
189.935
187.337
175.645
154.457
134.818
111.998
90.1431
21.2352
17.5656
16.4987
17.7024
16.7173
15.7315
13.3067
10.3701
6.3085
4.17801
4.66094
6.53521
8.89887
11.8318
13.2316
13.6136
13.7228
15.7487
19.4538
25.7874
33.2929
42.9814
49.637
55.6105
64.064
76.2337
78.9509
79.6743
82.6728
80.9806
80.6012
82.1795
90.3575
86.9823
90.1783
79.71
71.4445
51.2799
38.9799
23.5455
17.2795
19.9958
32.7358
50.8525
71.7373
97.5242
125.386
155.417
178.983
196.79
202.963
199.748
183.384
166.299
145.211
122.222
32.1446
24.592
20.8173
21.3702
19.8917
19.931
18.8119
18.55
14.9684
11.406
8.27436
6.09045
4.60342
6.09366
8.31788
9.90124
9.96474
10.7176
13.0568
17.1678
22.9325
32.8805
42.3867
50.9879
56.4347
64.3414
68.3499
71.9005
75.3573
81.2273
89.7674
96.0149
105.45
105.192
110.475
102.363
95.8606
80.7068
66.5625
44.7944
29.4477
17.2464
15.6837
26.238
42.5815
65.5239
95.8964
127.418
157.116
184.357
205.163
213.146
206.962
195.796
178.126
156.278
42.763
35.9874
28.6634
25.9383
24.2831
24.1695
21.588
23.0119
22.007
21.0063
17.3401
13.5585
8.46094
5.5416
4.17722
6.00407
6.73184
7.17717
8.49138
10.406
13.1414
20.869
30.0183
41.1558
50.2037
58.2082
62.8241
68.0996
73.6181
81.6492
90.4991
102.314
116.759
120.287
128.311
127.767
122.711
107.449
97.0825
72.355
53.133
34.4324
20.1326
13.1455
20.2204
34.8712
58.772
87.7598
118.115
147.722
177.072
200.217
212.38
216.007
208.122
190.424
57.3061
45.1539
36.7331
32.457
27.1723
26.6336
25.8338
26.4698
24.7601
26.4451
25.2986
23.3323
17.7279
13.2318
8.12439
5.45799
4.09727
4.5343
5.50096
6.12048
7.63132
10.401
16.135
25.9676
37.1614
48.1548
56.9334
63.8104
69.5698
76.4453
84.386
95.4064
106.002
116.739
133.114
143.06
145.593
141.216
131.365
105.349
80.1533
56.2766
38.6058
21.7789
14.5003
16.3428
28.3987
47.6483
73.8211
102.279
133.817
166.146
191.893
211.961
222.243
218.48
79.2652
61.0206
46.6585
37.6442
30.8736
27.2282
25.4756
28.1345
27.8854
29.0748
29.0418
29.741
26.0548
23.191
17.6524
13.0488
8.05906
5.42363
4.41428
4.368
4.51172
5.90283
8.38408
12.2524
20.663
33.0719
44.3328
54.162
64.0758
71.8212
77.3503
86.4569
95.9435
106.291
119.72
140.552
154.031
160.506
158.771
143.565
115.862
86.6443
62.0595
40.3263
27.3191
17.358
15.7312
21.9616
38.4712
60.6871
90.0981
123.805
156.103
185.722
210.512
223.63
105.497
81.7571
62.2678
47.7198
36.7993
30.6141
26.1408
27.4483
28.4779
31.852
32.4726
32.701
31.0188
30.2553
26.1415
23.0117
18.9592
14.265
9.4968
7.07132
4.72803
3.15964
4.20605
6.64396
10.5809
17.8881
29.4742
40.7193
51.8001
62.4546
69.9636
77.3264
87.6969
98.9948
112.436
131.995
148.889
164.035
170.776
165.494
148.023
124.117
95.2531
67.4824
47.8304
32.6708
22.543
15.9822
19.1619
30.568
51.4703
78.8595
111.814
144.674
174.196
199.777
135.922
107.014
83.0549
61.803
47.7138
38.2268
29.6092
25.0218
23.9332
27.0029
30.2533
32.6805
33.5309
34.2852
32.1675
30.2489
27.6847
26.9163
23.3413
18.3294
13.7892
9.25113
4.26799
3.32325
5.79651
10.2202
16.8664
25.0645
36.3605
47.5979
56.4233
65.1601
77.7737
90.163
105.628
125.938
144.948
160.296
171.403
169.839
160.93
147.56
126.848
100.241
78.0291
56.6864
39.2895
26.7669
20.0913
18.2771
24.885
41.011
66.0176
96.3718
129.42
158.459
166.507
137.041
109.434
82.1146
61.4664
47.2539
37.6277
29.2394
23.0635
21.3364
23.6812
27.5912
31.1517
34.8109
36.462
36.1091
34.4719
34.9504
34.5976
40.7684
36.8322
30.2162
22.6377
14.9051
4.32256
5.52779
10.2546
15.3475
23.1655
30.438
39.8988
48.1392
60.2236
73.6394
91.1129
111.031
132.007
152.46
165.519
168.985
164.013
156.212
141.61
124.637
105.013
83.5442
63.0284
44.4526
31.6996
24.4558
21.4407
22.8081
32.5663
51.5903
79.2453
109.894
173.49
154.97
132.61
103.949
78.7785
58.2472
43.8827
34.5619
28.3703
22.9653
20.147
20.8655
25.1741
30.6379
35.352
38.971
40.8865
41.6531
41.9494
50.3523
56.4301
59.6844
52.009
43.394
26.6546
14.177
7.1116
8.88969
14.5238
19.9697
26.8147
32.5041
43.4402
55.1865
70.631
87.5481
109.451
132.13
149.549
159.407
166.411
165.025
156.317
145.129
131.542
109.592
87.9311
67.3215
49.8457
37.1116
31.2687
26.1345
23.8675
27.2274
40.3311
61.1552
150.074
145.297
130.417
106.529
84.6542
65.9393
47.3074
36.7686
31.1981
27.408
23.234
19.4746
20.3027
24.1636
30.1921
36.1862
42.536
46.9529
49.3907
57.4237
64.276
74.8531
76.7392
68.9978
51.578
35.3249
16.7261
6.37843
8.27864
11.5716
17.5555
21.3938
29.8485
37.9938
51.4148
64.1796
83.2078
104.612
124.915
136.759
149.873
159.66
162.258
158.944
153.231
137.978
118.1
94.6017
74.6329
58.1971
46.9791
37.1908
32.0976
26.0059
25.5023
31.1203
117.556
120.177
111.842
92.7016
73.5473
57.9351
42.3098
33.873
29.8329
27.4491
24.8555
22.957
21.385
21.6198
25.2589
30.4477
36.5958
44.8711
51.9287
62.9613
70.8915
82.6991
85.7155
86.7156
78.624
66.489
46.9553
30.2597
19.1862
10.6729
10.4867
12.7964
18.8135
23.5446
33.4481
42.2625
56.2188
75.2754
96.1108
109.273
126.992
143.711
154.931
160.277
160.583
148.755
133.724
114.641
96.1561
80.611
69.8248
56.3824
45.7961
35.2312
28.4568
22.5263
75.8665
87.7258
86.0295
74.9717
59.6976
46.2939
32.9897
27.9726
26.2123
25.4075
23.8096
23.5038
23.5029
23.2972
23.94
26.9874
31.8944
37.4859
45.1053
61.1586
73.0714
86.3532
92.5359
95.0105
92.793
86.6973
69.202
53.7886
41.9953
23.1564
13.665
10.8092
12.8957
13.593
20.1537
25.7022
35.5319
49.4898
67.9997
84.9469
103.664
123.547
140.847
153.49
160.709
155.875
146.481
132.344
117.279
103.503
93.2953
79.9025
66.9582
51.9199
38.9424
29.2694
34.3201
46.4457
52.4761
50.2268
41.1225
33.0713
22.3804
19.2503
19.6858
21.5504
21.674
21.4437
22.2627
23.372
23.6718
24.8706
28.4358
33.305
38.4449
45.8768
60.4668
78.5665
87.8438
92.4305
99.9949
97.6169
81.5733
66.6278
57.3534
40.1059
28.5138
20.3529
18.4856
14.2034
15.2263
14.9067
21.7405
30.509
42.8546
58.3129
77.2139
100.191
122.706
143.022
157.022
161.893
160.845
154.093
145.1
134.456
124.497
109.703
93.8729
75.9477
58.0009
42.5406
12.7673
19.4869
20.7852
21.9081
20.8512
18.6184
11.666
10.4642
11.7589
14.2809
17.0695
18.4868
19.2083
19.9961
21.0988
22.4625
24.4721
29.234
34.5941
41.0487
46.3406
59.3993
71.6968
80.5007
90.6355
97.5656
90.1443
77.6419
70.4424
56.7517
48.7859
43.5622
44.2284
33.93
28.9357
21.1714
17.8592
16.7394
25.0625
34.3167
47.5181
69.2389
91.5266
115.724
137.976
155.342
168.138
173.223
170.924
166.827
158.218
139.68
121.73
102.867
81.3008
61.6805
13.2044
12.756
12.4992
13.4471
11.4445
10.5188
7.82378
5.88644
5.45588
7.33638
10.1531
13.4561
15.647
16.4759
16.5879
17.6416
19.2574
22.7994
28.1209
36.1872
42.3254
48.8109
55.1165
68.258
82.4198
92.2819
92.4246
88.7536
82.0025
70.4325
66.208
64.6852
68.9701
63.3388
60.0446
44.8446
34.5169
23.137
18.372
18.5913
28.4766
43.9478
61.6252
84.0301
105.061
127.895
152.71
173.439
183.188
188.646
187.095
170.564
148.826
129.362
105.786
83.015
18.5622
16.6941
15.3802
17.5614
16.3475
15.2069
12.5348
9.51615
5.40297
4.09576
4.94324
7.0435
9.61845
11.9803
13.0726
13.1295
13.9714
15.9303
19.8929
27.0847
35.1338
43.7872
50.2333
56.4286
65.579
76.2191
78.3077
79.1834
82.9483
80.1115
80.917
83.024
88.6229
86.0691
86.2488
77.176
66.1898
48.273
34.8669
22.4321
16.126
22.32
36.1982
55.4312
77.4691
102.754
132.087
161.508
183.445
198.449
205.358
197.24
178.859
161.1
139.317
113.982
29.1778
23.2572
20.013
21.3111
19.5643
19.8368
18.7261
18.0561
13.7877
10.4922
7.44638
5.44049
4.62787
6.37022
8.44006
9.49856
9.88408
10.2458
12.5298
17.7615
24.4729
34.2907
43.8125
52.2777
56.7028
64.4526
68.7816
72.1604
76.4408
83.1251
91.5272
97.1555
104.071
105.064
106.862
100.293
91.8798
77.2252
60.5683
41.6634
24.7494
15.5023
17.607
29.6866
47.5021
71.5601
103.199
134.411
163.595
189.759
210.909
214.023
205.504
192.735
173.537
148.491
40.198
33.1642
25.7837
24.6836
23.4426
23.3032
21.9127
23.106
21.4853
20.2371
16.099
12.0946
7.39177
4.76214
4.13311
5.81597
6.74431
6.52963
7.67753
9.9636
13.8876
21.6835
31.8431
43.0724
51.4518
58.5991
63.7261
69.0984
75.3738
83.3705
93.4485
105.024
115.921
121.268
126.023
126.336
118.503
104.425
89.8804
68.2312
47.1847
30.0401
18.2069
14.2813
23.0953
39.3561
65.2789
95.0812
124.81
154.774
185.588
205.049
214.501
215.561
204.664
182.568
53.1143
41.6007
34.1612
29.8662
25.7144
25.7057
25.7782
25.7233
24.7228
26.2725
24.5881
21.8006
16.298
11.6022
6.92109
4.54157
4.00451
4.06828
4.44063
5.51368
7.59967
10.5394
17.707
28.4448
39.2457
49.6634
58.3201
64.9242
70.9091
78.1773
87.1612
97.906
107.622
120.913
134.445
145.209
144.578
139.018
123.943
101.578
74.1064
52.6986
36.3871
21.1905
13.9501
18.4675
32.5359
53.7024
81.0174
109.873
143.358
174.192
198.292
215.472
222.899
213.145
73.9628
56.2129
43.2207
34.9918
29.0192
25.985
25.9908
28.1099
27.979
28.6018
29.0574
28.8288
25.032
21.7224
16.199
11.4157
6.85102
4.47539
3.12767
3.60165
4.16665
5.79235
8.80607
14.1097
23.0027
35.2227
46.4409
56.1694
65.81
72.9891
79.2053
88.3269
97.2367
108.892
123.432
146.231
156.612
161.378
155.203
140.38
109.177
81.3142
57.9321
38.709
24.1851
15.6684
16.5776
25.3997
43.839
67.4387
98.713
132.526
164.562
193.004
215.756
224.351
98.7722
75.1969
57.2871
43.354
34.1647
28.1538
25.8468
27.1015
29.2278
31.5323
32.3881
32.1776
30.7645
29.2198
25.1574
22.1317
17.0628
12.1624
7.80916
5.94198
3.5637
3.37583
4.87302
7.59589
11.5809
19.612
31.8533
42.9078
53.9713
64.3238
71.6671
79.1108
89.542
101.828
116.373
136.71
153.371
166.218
169.118
164.37
144.309
118.578
89.2906
63.7939
42.4671
28.7134
19.52
16.039
20.9497
34.7964
57.7005
86.9265
120.811
152.66
181.918
204.793
127.698
99.1687
76.4503
55.996
44.7325
34.7927
28.0509
23.6274
24.5448
27.4155
31.034
32.9314
33.9995
33.7554
31.4773
29.7097
26.2269
27.7279
22.6915
18.0624
13.2535
9.56843
2.92875
3.79928
6.24065
10.8162
18.0705
26.8214
38.0911
49.128
58.0053
67.2524
79.7607
93.2492
109.942
130.964
148.883
164.156
171.313
170.344
160.142
145.107
121.299
95.9254
71.5463
50.8178
34.8217
24.4042
19.1059
19.1971
27.9599
46.3667
73.257
104.338
137.322
164.696
159.019
128.905
102.195
75.315
57.5951
43.7138
35.0622
26.8182
22.0901
21.2934
24.8292
28.4581
32.1709
35.2469
36.2491
35.6201
33.1995
36.1573
36.0712
40.2127
34.1557
28.9511
18.7285
11.3212
3.24169
5.73028
10.8501
16.2925
23.9328
32.0139
41.2243
49.9192
62.6267
76.861
95.6607
116.569
137.66
157.466
167.558
170.176
164.627
154.737
138.378
121.253
99.4284
77.565
58.0203
40.5511
29.7775
23.6256
21.168
24.3466
36.6315
57.6188
86.9318
117.67
169.294
148.712
125.712
96.797
73.5354
53.6011
40.7512
32.6061
26.5434
21.5644
20.4779
21.678
26.7946
31.9851
36.4052
39.6221
40.1406
42.8933
43.6865
51.813
57.5465
59.8859
48.3355
39.216
22.9825
10.6118
6.14744
9.49351
15.0263
20.6716
27.4053
33.6834
44.9988
57.5871
74.0298
91.9749
115.458
137.843
153.504
162.346
168.573
163.306
153.302
141.013
126.908
103.963
83.8182
63.7301
47.6769
35.6159
30.1104
25.2125
24.1722
29.4596
45.0342
67.8119
149.346
141.118
124.213
99.3909
79.2246
59.7378
43.3856
34.8764
29.9344
26.5353
22.6813
19.3032
21.3164
25.7573
31.714
37.9617
42.8512
49.0494
51.1215
58.9649
66.5495
78.1075
73.5823
65.0267
48.0116
30.2644
12.6803
6.37805
8.48614
12.1061
17.9512
22.2196
30.8397
39.927
53.9611
67.3476
88.1347
110.159
129.285
140.742
154.778
161.577
162.144
157.684
151.059
133.843
113.256
90.157
71.3616
55.099
44.2196
36.0527
30.7675
25.3859
26.4927
34.2493
119.256
118.241
107.382
86.7571
68.8393
52.7661
39.1849
32.5341
28.972
26.9766
24.7991
22.5808
21.1733
22.3764
26.3545
31.8764
37.9003
48.8193
55.214
65.4446
74.2346
86.0879
84.3679
85.7689
75.9306
62.3861
41.9157
27.5309
16.1008
9.95682
9.86751
13.1651
18.8474
24.4235
34.8618
44.0842
60.1227
80.6319
100.412
113.807
133.313
147.122
158.164
161.366
160.352
145.668
130.951
110.899
93.4476
78.2032
67.3463
54.4017
43.2046
33.5818
26.825
22.4249
79.9034
87.822
83.1016
70.5117
55.2239
41.59
30.2802
27.496
25.7329
25.0431
23.9942
23.513
23.3061
23.3149
24.4001
27.9969
33.0502
38.9902
48.299
63.5011
75.954
88.6365
92.5282
95.3533
92.8836
84.6369
65.6593
52.8016
38.8013
21.3765
12.8196
11.5196
13.0019
14.0284
20.8577
26.7555
38.6151
53.7451
72.6796
90.3671
110.488
128.295
145.575
156.845
162.71
154.619
145.103
129.781
114.844
99.8027
90.2104
76.9445
63.1931
48.3822
36.4413
27.6991
37.1659
48.14
52.0402
47.4078
38.3529
29.2087
20.3572
19.0109
20.2232
21.66
21.9625
21.7333
22.7246
23.7178
23.9419
25.8093
29.6593
34.8525
39.9565
49.3619
65.7509
82.9012
89.0624
95.8054
101.212
95.9187
78.0592
65.968
54.9449
39.4581
27.7046
21.5462
18.9268
14.4955
14.7065
15.4731
23.2969
33.0097
46.7632
64.0836
84.4843
106.62
129.196
147.749
160.849
162.301
160.479
152.09
143.084
129.999
120.828
105.57
89.4358
71.1743
53.9942
39.4885
14.5236
20.5918
20.0133
21.1426
20.1084
16.1491
10.6299
10.7556
12.5174
15.1827
17.6842
18.8752
19.2794
20.3324
21.2805
22.8797
25.3548
30.8233
36.2057
42.5
48.9966
63.3266
73.7895
84.0755
93.3917
98.5285
87.8072
77.2558
68.5578
56.8832
48.5586
45.9106
43.0518
32.6272
26.4896
19.6065
16.1693
18.4861
27.008
37.8133
53.4677
75.5055
98.4684
122.577
144.303
158.524
170.162
172.795
169.735
162.444
153.352
134.197
115.926
96.727
76.372
57.4932
12.8153
13.1948
12.0461
12.5749
11.2341
9.69841
7.09068
5.52226
5.73144
7.9785
10.9496
14.1513
15.9949
16.5089
16.7423
17.8126
20.5915
24.7444
30.7474
38.5154
44.7175
50.1439
58.0827
72.5119
85.5705
93.9529
92.5497
88.0251
80.1482
71.1347
66.6778
67.81
68.2471
64.0455
56.3764
42.4172
31.1262
22.4677
17.0473
21.1131
32.1575
48.1787
67.624
89.5583
111.598
133.466
158.9
176.539
185.103
186.345
184.649
164.991
143.618
123.585
101.088
77.9564
17.4301
16.5099
14.8847
16.8136
15.9369
14.5547
11.722
8.44851
4.75473
4.21589
5.41444
7.56324
10.4251
12.4276
13.1616
13.0459
15.236
17.6045
22.0671
29.3481
37.9795
45.1369
51.3249
58.4616
69.3111
78.0286
79.3618
80.8755
84.1323
81.5231
82.5558
86.5962
88.4025
87.816
83.8421
76.7489
61.8791
46.6914
31.449
21.4219
16.0873
25.4543
40.7472
60.4799
84.6023
109.727
140.179
167.392
188.017
198.197
204.633
192.185
173.904
155.27
133.899
107.219
26.78
21.9621
19.1701
20.2658
19.3834
19.3924
18.6024
17.1934
12.84
9.66423
6.96533
4.9991
4.96925
7.01499
8.86541
9.46368
10.7297
11.5131
14.0427
19.3248
27.0784
36.2078
45.4474
53.1451
58.2379
65.2655
69.4683
72.8463
77.9213
85.8661
93.6183
99.9535
103.506
106.946
104.638
99.7605
89.279
75.3653
55.4213
38.767
21.2028
14.3939
20.1887
33.5787
53.1731
78.9015
111.238
141.738
170.502
194.148
213.229
211.961
201.905
187.494
167.885
141.181
37.9319
30.8723
23.9402
23.2559
23.1595
22.458
22.2439
22.9187
21.2258
19.2321
15.1928
10.7055
6.50046
4.29691
4.47639
5.8516
7.36899
7.36936
8.52151
10.6989
15.9767
23.5331
34.2326
44.9906
53.5388
59.5071
64.9796
70.3019
77.2979
84.9768
96.0335
107.953
115.165
122.885
125.336
125.951
115.712
103.447
83.4681
63.8653
41.7758
25.5523
15.9483
15.9372
26.5989
45.2204
72.7906
103.332
132.839
161.952
192.087
208.275
215.052
213.15
200.327
175.238
49.3525
38.5298
32.3087
27.683
25.489
25.5575
26.2575
25.2836
25.1709
25.9424
24.334
20.4759
15.2512
10.3518
6.21596
4.10629
4.59514
4.91501
4.91652
6.02179
8.43199
11.4637
19.7553
31.0802
42.229
51.9603
60.3165
66.4327
72.7662
79.7231
89.6521
100.307
109.52
124.978
136.86
147.051
144.544
137.842
116.959
95.2257
66.9886
47.2343
31.483
19.3553
14.3474
21.34
37.1482
60.1953
88.2996
117.851
152.186
181.151
203.821
218.504
222.452
207.572
69.081
52.3599
40.9035
33.0944
28.9223
26.6247
27.8923
29.0303
29.2197
28.5261
29.6061
28.1547
24.5611
20.4987
15.1312
10.0742
6.07431
4.13134
2.87974
3.25173
4.04417
5.97268
9.39132
15.9155
26.4802
38.3546
49.3337
59.0099
68.3048
74.0616
81.3628
90.5725
99.4372
111.704
128.155
149.952
158.5
161.074
150.533
132.892
101.639
75.2926
52.9518
36.9061
23.0795
15.5867
17.9152
29.3081
49.398
74.7982
106.732
140.112
171.681
198.772
218.559
223.398
92.7328
70.4228
53.7858
40.6274
33.7537
27.9193
26.6331
27.3965
30.4254
30.9927
32.2957
32.0637
31.0849
28.4597
24.6099
21.447
16.0455
11.0409
7.2531
5.2976
2.77366
3.41947
5.30219
8.47127
13.5783
22.406
34.7176
45.6281
56.6909
65.7846
73.4191
81.4568
92.0176
104.542
120.651
139.923
156.876
167.231
166.272
158.479
138.677
111.857
83.2782
60.753
40.7068
27.1958
17.7102
16.6776
23.5397
39.8301
63.8504
94.8417
129.002
159.811
188.329
208.615
120.424
93.3815
70.8517
52.0437
43.0408
33.1637
27.0867
23.1602
25.4196
27.7401
31.4496
33.4087
34.9408
33.7487
31.1764
29.3469
25.6564
27.9589
22.5216
18.1412
13.0633
9.73934
2.64783
4.50173
7.56703
12.4287
19.9919
29.3803
40.7636
50.7266
59.8059
70.3305
82.7304
96.5714
114.625
135.048
151.538
166.048
169.58
166.753
157.1
141.09
115.599
91.3888
67.3447
46.6327
31.2892
22.5977
18.7464
21.1081
31.9173
52.5744
81.1153
112.916
144.92
170.836
152.219
122.312
95.068
69.861
54.9216
42.0488
33.2572
25.4054
21.6357
21.3151
25.673
29.6942
33.8104
36.2859
36.4065
35.5102
32.9073
36.8494
38.4213
39.9983
32.5467
27.9592
16.4822
8.32739
3.62654
6.88366
11.9925
18.0178
25.4992
33.7791
42.8361
52.7045
65.7597
80.709
100.246
121.151
141.849
159.808
167.452
167.789
163.238
152.249
135.368
117.159
94.7404
72.0261
52.5475
36.7245
27.803
23.1536
21.3044
26.529
41.3849
64.5964
94.7646
125.374
165.319
143.456
118.173
90.0962
68.6
50.0479
38.064
31.028
24.9593
20.0499
20.2956
23.0687
28.9534
33.9381
37.8078
40.7019
40.078
43.7738
46.4296
53.917
57.8974
58.5502
45.6955
34.5753
19.8525
9.0728
6.5001
10.6144
16.1347
21.8299
28.3743
36.0126
47.5726
60.9976
77.8302
96.6313
120.071
141.104
154.614
162.929
169.202
163.01
152.719
139.452
122.823
98.3632
77.7603
58.4462
44.0343
34.2453
28.8633
24.7308
24.9312
32.6141
50.1322
74.9715
148.822
137.333
117.545
93.1603
74.0192
53.9037
39.2875
32.3179
27.7647
24.6393
21.1948
19.72
23.0041
28.1319
33.6739
40.3476
43.8606
50.6196
53.6459
61.2614
68.7173
79.998
71.7361
60.9633
44.3557
26.2338
9.7127
6.5109
8.91931
13.1466
18.5985
23.9611
32.464
42.7217
56.7681
71.4132
92.4901
114.414
131.044
142.762
157.204
163.165
162.192
157.505
148.074
128.829
106.941
84.9325
67.0771
52.64
41.9846
35.1941
29.2785
25.3503
27.8302
38.0583
120.635
115.96
101.931
81.1981
64.2593
47.7858
36.3714
31.1924
27.8847
26.1459
24.4239
22.5207
21.7248
23.9638
27.9348
33.6239
39.2985
51.313
58.2297
67.737
76.8172
87.9033
84.0333
83.5483
72.8514
58.357
37.9006
25.141
14.2022
9.93063
10.2202
14.3812
19.7171
26.3862
36.6586
46.7562
63.9684
85.1145
102.464
117.274
137.814
150.433
160.357
162.758
158.157
141.272
126.002
107.049
90.0866
76.465
65.3278
52.773
40.2673
32.1064
25.3536
22.9897
84.2491
87.9981
80.3552
66.4966
51.6273
37.6474
28.5537
26.8941
25.2585
24.3997
23.8753
23.8511
23.7426
23.8779
25.4143
29.4227
34.3214
40.1548
51.4223
65.6036
77.8719
89.5527
92.5357
94.6492
91.3865
80.9626
61.437
49.9393
33.6172
18.3723
11.4842
11.6722
12.7227
15.316
22.0624
28.7122
41.4903
57.6739
75.4838
93.7696
115.61
133.316
149.782
160.869
164.065
153.121
142.614
127.88
112.811
98.3515
88.4957
75.1667
59.65
45.4814
34.1706
26.7657
41.0276
50.0748
51.5517
44.7035
36.0774
25.7268
18.9859
18.5257
20.4892
21.5224
21.8307
22.1908
23.5701
24.3422
24.5117
26.8974
30.7975
35.8009
41.0034
52.4829
69.3628
85.1754
89.7396
97.9204
101.478
92.6912
73.9103
63.8199
50.0454
36.2323
25.355
21.0947
17.6829
14.7812
13.8634
16.7058
24.8164
35.4904
49.3611
67.6224
90.4125
113.176
135.696
153.555
165.425
163.614
160.652
152.126
142.536
128.693
118.505
102.527
84.8334
66.6322
49.9792
37.3824
16.2892
21.0035
20.3854
20.7213
19.9527
14.0953
10.0356
10.7804
13.0748
15.9456
18.0102
19.29
19.769
20.9559
21.6961
23.3028
26.307
31.8484
37.255
43.3879
52.2976
66.8333
75.9421
86.987
96.2205
96.8332
84.3064
75.6563
64.7097
54.6836
46.9975
47.1164
40.4184
31.6874
23.8875
18.6242
14.7579
20.3012
28.68
40.4555
59.0421
81.3615
105.032
129.292
151.255
163.506
174.069
175.625
171.76
162.053
150.227
130.483
110.691
90.9973
71.052
54.0692
12.9756
13.4988
12.9527
12.0893
11.4799
9.18991
6.74182
5.32799
6.21823
8.75058
11.8282
14.8617
16.5262
16.7465
17.0919
18.0208
20.8988
25.2912
32.0736
39.4009
46.1401
51.3434
61.2278
75.9937
88.8649
93.8729
91.6924
86.4072
76.9495
69.7345
65.9977
69.9309
66.1719
64.8697
52.528
40.4503
27.8785
21.8698
15.9542
23.3808
36.1953
52.6913
73.8901
95.2004
119.01
141.01
166.34
181.54
189.241
186.928
180.937
159.401
138.094
117.223
95.3764
74.4659
17.2298
16.4114
16.0054
16.4671
15.9879
14.0723
11.1793
7.39699
4.43328
4.46175
5.95571
8.18402
11.2891
12.9965
13.4333
13.327
15.5382
18.4495
23.8845
31.2649
40.4453
47.233
53.399
61.1482
73.7557
78.8184
79.6524
81.8228
82.9835
80.9535
82.7851
89.0059
87.0838
89.5408
81.0623
73.752
55.7323
43.0268
26.3761
18.9238
17.5275
29.0266
45.7947
65.7744
92.0204
118.243
149.134
174.224
193.383
199.72
201.941
186.285
168.489
149.065
127.416
102.132
24.9009
20.6041
19.7281
19.5171
19.6128
19.0656
18.7447
16.1802
12.2314
9.10553
6.6317
4.76068
5.52427
7.8108
9.44588
9.69794
10.7026
12.3041
15.4937
20.8794
29.6874
39.0026
47.9605
54.416
61.7676
66.7555
70.8076
74.0685
79.769
87.7741
95.0737
102.673
103.151
108.993
102.445
97.0291
85.6184
72.2777
49.8371
34.7713
19.6631
14.2283
23.0861
37.789
59.2399
87.3865
119.73
149.718
177.613
198.975
212.69
207.62
196.773
180.864
160.863
134.892
36.0558
28.9287
24.2556
23.1031
23.548
21.9374
22.7886
22.5772
21.3362
18.4902
14.624
9.63882
6.06456
4.18352
5.18624
6.17366
7.17969
7.89627
9.41239
11.7237
18.1783
26.411
37.4091
47.25
56.0587
61.1633
66.7971
72.0224
79.6818
87.1084
98.8447
111.828
115.848
125.265
125.693
123.487
112.04
101.421
76.9353
58.3149
38.0723
21.4095
13.7019
17.6839
30.3977
52.0129
80.5639
111.374
140.529
168.987
195.774
209.033
213.91
209.046
194.644
168.632
46.8084
36.9583
32.613
27.4902
26.5296
26.4861
27.3498
25.0773
26.1164
25.8737
24.2651
19.3163
14.5383
9.33453
5.92429
4.05735
4.52567
5.2113
5.41527
6.65752
9.08984
13.3973
22.6051
33.8817
45.4748
54.7662
62.3251
68.0836
74.7456
81.4446
92.0883
102.984
112.154
129.477
139.868
146.17
143.758
135.614
109.677
86.7819
60.8776
41.0619
25.4047
16.6354
14.9888
24.6492
41.9798
66.7873
95.0483
124.982
158.478
185.594
207.135
219.499
220.441
202.728
64.8573
49.0301
39.6666
32.2191
28.4601
26.6801
28.9366
28.5131
29.4562
28.9873
30.1377
27.3417
24.2296
19.2462
14.257
9.09153
5.75719
4.32251
3.57846
3.68634
4.64025
6.85611
10.4371
17.9436
30.129
41.7099
51.9895
61.8116
70.3089
75.1862
83.6383
93.2547
102.481
115.378
133.947
151.258
159.981
159.823
145.764
123.137
93.7266
67.1766
45.8204
32.633
20.6277
15.6116
19.5561
33.7134
54.75
81.8788
114.698
147.231
177.926
203.742
220.737
222.175
87.5362
66.3583
51.5677
39.4479
32.9516
27.4599
27.81
27.7182
31.2679
31.8184
32.8913
31.7661
31.0906
27.4814
23.9743
20.8164
15.7705
10.8398
7.6401
5.39476
2.63333
3.47175
5.70885
9.33628
15.5449
25.8541
37.6809
48.636
59.4051
67.5224
75.1604
84.3423
95.0217
108.021
126.021
143.591
161.454
169.22
164.875
151.821
131.08
102.707
75.3691
55.5928
38.2027
25.9621
16.5012
17.6815
26.6283
45.1915
70.6851
102.827
136.693
166.554
194.045
212.032
113.902
88.3158
67.1557
50.6329
41.5718
31.9341
26.9316
23.336
26.2093
28.9891
32.3421
33.5255
34.9638
33.1671
30.843
29.103
26.2332
25.61
20.2415
15.8894
10.526
6.90549
2.92659
5.13773
8.88366
14.6431
22.4455
32.8267
44.0724
53.24
62.3685
74.1055
86.2769
101.054
120.41
139.707
155.518
168.205
167.987
161.899
151.167
133.72
107.822
85.6617
63.0079
43.6615
28.9198
21.3624
18.2459
22.722
36.1018
59.1564
88.8914
121.431
152.097
177.329
145.339
116.05
89.4461
66.3899
52.0669
40.4356
32.1873
24.2073
21.3554
22.3827
27.0454
30.6892
34.735
36.8556
36.5963
35.6148
33.8755
35.0279
39.1232
37.9978
30.2581
24.8568
15.8978
6.20151
4.6551
8.57677
13.6255
20.5776
27.7983
36.6473
45.3821
56.3504
69.632
85.9328
105.637
126.227
146.893
162.179
167.389
164.744
159.49
147.205
130.799
112.032
89.9344
67.9046
48.3363
33.7437
25.7344
22.2398
21.7272
29.2463
46.3826
71.999
102.465
133.168
160.79
138.263
111.085
84.4782
63.2025
46.4738
36.1862
29.5995
23.7128
19.8624
20.85
24.3078
29.9571
34.8702
38.567
41.3451
40.6676
42.1254
47.5051
54.189
57.928
55.4319
45.44
31.5139
18.1749
8.45547
7.67725
12.5549
17.9875
24.1381
30.3001
39.4963
51.2531
65.8202
82.6336
102.575
125.751
145.014
157.01
164.732
168.421
161.423
151.097
137.116
117.272
93.1558
72.0817
53.2705
39.6379
32.5807
27.388
24.1375
25.7844
36.2565
55.3052
82.0978
147.764
134.227
112.262
89.0903
70.1695
50.1081
37.7992
31.5074
27.2753
23.7152
20.5119
20.1557
23.7084
29.4693
35.0778
42.1188
45.2619
49.3475
54.5862
61.8242
70.8667
79.6928
72.0926
57.8852
41.7632
22.5937
7.6939
7.35551
10.1872
15.2545
19.8338
26.6398
34.9162
46.8922
60.3091
76.9413
98.1327
119.54
133.95
146.144
159.205
164.181
162.198
156.557
143.811
123.834
100.581
79.3066
62.1662
49.9352
39.3258
33.6712
27.446
25.2903
29.1088
41.857
