13.1458
11.5197
11.654
12.1378
10.1657
9.84557
7.53214
5.61902
4.72745
6.09321
8.44116
11.334
13.7145
15.0257
15.0562
15.6418
16.4961
19.2773
23.2131
29.7745
35.7145
42.227
46.8124
57.2918
70.844
81.7877
84.1697
81.5217
76.0255
65.4017
59.259
55.6225
61.5116
56.536
56.0795
43.5045
34.3936
22.1569
17.9284
14.4939
22.5928
35.3689
50.0363
70.2454
89.044
109.684
129.907
151.006
161.738
168.145
166.412
156.932
137.944
120.216
100.134
80.6225
18.7756
15.39
14.2966
15.3624
14.3887
13.6369
11.4411
8.96379
5.38249
3.54008
4.0602
5.82265
7.96299
10.7011
12.0143
12.3687
12.4487
14.2773
17.4422
22.9071
29.4518
38.0631
43.8219
49.2319
56.5603
68.0439
71.0978
71.5578
73.8131
72.4893
70.6145
71.2545
78.6935
75.9254
78.7122
70.2613
63.2992
45.4511
34.6311
20.9907
15.5673
17.6938
28.9585
44.8307
63.1923
85.7701
109.846
136.447
157.678
173.811
179.817
177.861
163.569
148.123
129.375
108.944
28.6459
21.8086
18.1755
18.6037
17.134
17.2889
16.2446
16.1053
12.9112
9.83739
7.12193
5.32708
4.07136
5.50291
7.55899
9.03092
9.10768
9.77991
11.8051
15.2887
20.2595
29.025
37.3726
45.0764
49.9118
57.0402
60.559
63.5581
66.3641
71.5859
78.1306
83.4621
91.9979
91.8747
96.4376
90.0243
84.6628
71.4277
59.0855
39.7994
26.431
15.373
13.6861
22.9655
37.3684
57.6458
84.0338
111.926
138.528
163.043
181.656
189.486
184.235
173.997
158.439
139.171
37.9417
32.0074
25.3952
22.85
21.2069
21.1637
18.7742
20.0927
19.1538
18.3089
15.0782
11.8576
7.35242
4.86636
3.73558
5.44454
6.13191
6.61452
7.79318
9.3571
11.6932
18.5171
26.4144
36.2214
44.2852
51.5223
55.5097
60.3214
65.059
72.1823
79.6372
90.0564
102.917
105.796
112.755
112.335
108.235
94.7748
85.9852
64.2295
47.3959
30.5696
17.7877
11.4678
17.7253
30.6485
51.4401
76.9309
104.283
130.629
156.658
177.854
188.947
192.102
185.441
170.108
51.2581
40.523
32.7666
28.9695
24.0845
23.5257
22.6942
23.2774
21.6599
23.1459
22.1232
20.514
15.4781
11.5678
7.07585
4.81341
3.65469
4.19433
5.11386
5.58054
6.90783
9.30357
14.1955
22.8181
32.7453
42.5823
50.4064
56.5569
61.5554
67.6933
74.398
84.0484
93.5863
102.791
117
125.688
128.251
124.317
115.972
93.1623
71.348
50.0212
34.2577
19.3564
12.9585
14.3876
24.9586
41.8469
65.1994
90.4141
118.281
147.057
170.19
188.207
197.754
195.017
70.7771
54.7189
41.7816
33.7932
27.7117
24.2979
22.547
24.8352
24.5492
25.5441
25.4879
26.2663
22.9548
20.4305
15.4665
11.4392
7.00671
4.74767
3.97302
3.98064
4.09512
5.31738
7.45908
10.6907
18.0517
29.0845
39.0856
47.8651
56.7065
63.6486
68.3756
76.4803
85.0022
93.8033
105.372
123.475
135.592
141.305
140.039
126.89
102.894
77.1728
55.2954
36.1272
24.5885
15.5754
13.7378
19.046
33.5217
53.3747
79.3331
109.136
137.91
164.591
186.918
199.219
94.606
73.757
56.0642
43.0552
33.2101
27.6577
23.4519
24.4643
25.197
28.1263
28.5845
28.8708
27.3954
26.7923
23.0975
20.3932
16.6374
12.4999
8.26062
6.15524
4.08621
2.85696
3.69993
5.79989
9.25687
15.5724
25.7279
35.8571
45.7601
55.2034
61.9748
68.5083
77.5389
87.1462
98.701
115.698
130.613
144.191
150.506
146.096
130.996
110.371
85.0448
60.5434
43.1176
29.6118
20.2309
13.89
16.529
26.4689
44.86
69.0995
98.3323
128.02
154.779
178.029
121.538
96.1321
74.5112
55.6431
42.8989
34.4831
26.6202
22.6225
21.4441
24.0135
26.85
29.0597
29.6991
30.3924
28.549
26.8832
24.4362
23.4827
20.2846
15.8952
11.8587
8.05233
3.83922
2.95509
5.08161
8.86452
14.6924
22.0121
32.1072
42.1018
50.0377
57.8367
68.934
79.5572
93.0972
110.816
127.519
141.11
151.411
150.403
142.953
131.66
113.735
90.286
70.3087
51.176
35.284
23.8192
17.5548
15.8199
21.6012
35.8356
57.9051
85.3598
115.019
141.214
149.253
123.177
98.1742
73.8604
55.181
42.5291
33.7557
26.4114
20.7984
19.1113
21.182
24.687
27.7548
30.9369
32.3837
32.0307
30.444
30.5731
29.9121
35.4257
31.904
26.1941
19.7686
13.2618
3.83309
4.85
8.92391
13.4364
20.3895
26.8354
35.3305
42.792
53.369
65.1425
80.5489
97.9097
116.246
134.445
146.246
149.808
145.802
139.573
127.099
112.325
94.4001
75.1795
56.4016
39.5672
27.812
21.4705
18.6833
19.8028
28.3139
45.2805
69.8911
97.4411
155.451
139.205
119.214
93.6204
70.953
52.5605
39.4903
31.1692
25.5389
20.6196
18.1124
18.7556
22.4517
27.2033
31.382
34.5296
36.1232
36.5471
36.4653
43.8364
48.9861
52.4623
46.0108
38.757
24.0272
13.0458
6.26668
7.77634
12.7562
17.5825
23.7263
28.9586
38.5271
48.9223
62.6303
77.4356
96.5788
116.736
132.595
141.762
147.916
147.029
139.771
129.963
117.39
98.3123
78.7896
60.071
44.0908
32.8349
27.4673
22.9993
20.8069
23.7605
35.414
53.9592
134.685
130.859
117.845
96.7681
77.0379
60.1574
43.1461
33.3977
28.0319
24.5235
20.8707
17.5374
18.1135
21.4463
26.9122
32.1321
37.6722
41.3703
43.2021
50.1151
56.0023
65.8465
67.9503
61.2997
45.7912
31.6003
14.6597
5.30086
7.13051
10.1858
15.4768
18.9561
26.3856
33.5989
45.5771
56.9202
73.6042
92.5187
110.991
121.632
133.12
141.832
144.707
142.105
136.845
123.645
106.22
85.032
66.5788
52.0085
41.7482
32.9673
28.2958
22.9184
22.3526
27.2365
105.345
107.978
100.958
84.2826
67.0733
52.8498
38.6543
30.8901
26.8862
24.6315
22.3829
20.6834
19.0805
19.1143
22.3992
26.8175
32.2837
39.416
45.384
55.0204
61.9899
72.8405
75.7993
76.6753
69.53
59.0215
41.3677
26.4792
16.9642
9.45974
9.23351
11.3368
16.6904
20.9522
29.7966
37.5706
49.8086
66.6587
85.4168
97.2128
112.852
127.615
137.59
142.822
142.974
132.836
119.661
103.375
86.3894
72.5377
62.697
50.7029
40.715
31.1949
25.1775
19.8761
68.1414
79.0043
78.0395
68.4514
54.846
42.5209
30.4131
25.4727
23.5825
22.7974
21.3719
21.0312
20.9473
20.6711
21.1857
23.6764
28.0806
33.1068
39.4458
53.6067
64.131
76.3331
81.8476
84.0906
81.9141
77.3712
61.8711
48.0356
37.9172
21.3792
12.3023
9.50204
11.4083
12.0734
17.8255
22.7353
31.3646
43.6363
60.1639
75.2021
91.5944
108.957
124.561
136.004
142.442
138.471
130.401
118.344
104.708
92.6904
83.5699
71.7317
59.7016
46.2837
34.6068
25.9539
30.8094
41.8507
47.6654
46.1011
38.0923
30.6566
20.891
17.6732
17.6545
19.2773
19.3944
19.1981
19.8016
20.7784
21.0933
21.9565
25.074
29.4263
33.9627
40.3598
53.2418
69.7471
78.1153
81.8768
88.3913
87.1209
72.9595
59.4632
51.3678
36.227
24.6272
16.9122
15.3902
11.7453
12.8078
13.164
19.1398
26.9133
38.0012
51.4338
68.0452
88.0671
108.158
126.342
139.122
143.668
143.188
137.498
129.204
119.859
110.995
98.0167
83.6675
67.7974
51.7646
37.9574
11.2969
17.3837
18.8548
20.2367
19.3873
17.3306
11.0595
9.72711
10.5332
12.7527
15.2644
16.5632
17.2288
17.9857
19.0197
20.0253
21.7247
25.8475
30.4532
36.0631
40.9108
52.4718
63.3625
70.9894
79.7715
86.5327
80.4333
69.2593
62.9075
50.8709
42.4618
37.4073
38.1358
29.2206
24.8525
18.7345
15.8244
14.7719
22.098
30.0451
41.7488
60.9064
80.7086
102.467
122.482
137.627
148.826
153.765
151.811
148.259
140.937
124.987
108.706
91.7259
72.5928
55.1191
11.5708
11.0452
10.7852
11.7639
9.88825
9.21335
6.92758
5.2858
4.84457
6.56816
9.05261
12.0194
13.9939
14.8656
14.9878
15.8287
17.1512
20.2135
24.7236
31.785
37.3107
43.1575
48.6256
60.2896
72.7473
82.1986
82.6435
79.3098
73.2281
62.8864
57.722
56.074
60.0656
55.1556
52.2965
39.5758
30.4246
20.3339
16.1969
16.3959
25.1028
38.6479
54.3038
74.1672
92.9161
112.788
134.568
153.326
162.554
167.395
166.279
152.284
132.663
115.077
94.2691
74.174
16.4444
14.5913
13.3835
15.3227
14.2367
13.1201
10.7871
8.18428
4.59771
3.44696
4.33066
6.29455
8.60419
10.8513
11.9147
11.944
12.6486
14.3422
17.7741
23.9859
31.0818
38.7568
44.4892
50.0047
58.0045
68.1424
70.3339
70.8741
73.9642
71.3488
70.6941
72.3529
77.5966
75.4699
75.6808
68.2094
58.5964
42.6908
30.8548
20.0242
14.5512
19.6711
32.0431
48.9838
68.4716
90.4369
116.138
141.998
161.961
175.501
181.874
175.46
159.206
143.136
123.89
101.744
26.1008
20.5788
17.5996
18.6393
17.0886
17.1
16.1537
15.5748
11.8465
8.94945
6.43747
4.76795
4.12715
5.78627
7.72897
8.72005
9.00208
9.30227
11.3755
15.8068
21.6525
30.2947
38.7466
46.1938
50.2583
57.1592
61.1156
63.8964
67.4993
73.1079
79.7139
84.7672
91.2204
92.1794
93.7942
88.7437
81.2645
68.4232
53.726
37.0997
22.2251
13.8676
15.4502
26.2656
42.1128
63.1847
90.8786
118.326
144.581
167.738
186.511
189.9
182.504
170.949
154.156
132.236
35.891
29.6464
22.9751
21.7364
20.5986
20.1936
18.8867
19.9254
18.5612
17.4277
13.9366
10.5073
6.42397
4.20553
3.7484
5.33696
6.15278
5.99847
7.02121
8.9158
12.3318
19.1313
28.013
37.9023
45.4696
51.8672
56.4782
61.154
66.7508
73.8208
82.5666
92.9608
102.909
107.209
111.297
111.649
104.774
92.4046
80.0428
60.9805
42.3008
26.9842
16.2145
12.5167
20.3589
34.5921
57.1334
83.5158
110.36
136.789
164.086
181.938
190.375
191.32
182.123
162.955
47.6481
37.2318
30.6257
26.7055
22.8401
22.492
22.4576
22.335
21.408
22.754
21.4724
19.0491
14.1739
10.1005
6.03797
3.9905
3.58541
3.75656
4.21077
5.08968
6.87224
9.40372
15.6867
24.9659
34.6177
43.9398
51.6929
57.4042
62.9095
69.2643
77.1898
86.7433
95.6358
106.922
118.701
127.991
127.708
122.835
110.052
90.4637
66.2982
47.0582
32.328
18.7614
12.3332
16.2633
28.6105
47.3443
71.5852
97.1135
126.557
154.024
175.467
191.087
198.197
190.043
66.1191
50.1931
38.6287
31.2065
25.9596
22.8958
22.7201
24.5465
24.3732
24.8402
25.4164
25.2527
21.9329
19.0003
14.0982
9.90538
5.93572
3.88796
2.9006
3.36111
3.81162
5.22109
7.81926
12.2943
20.2505
31.1062
41.1447
49.7631
58.4587
64.8054
70.4131
78.3167
86.3473
96.3032
108.858
128.782
138.42
142.776
137.916
125.024
97.4594
72.638
51.6315
34.3535
21.3716
13.8867
14.3553
22.0489
38.2579
59.3259
86.8661
116.992
145.461
171.193
191.916
200.007
88.7928
67.7419
51.6005
39.0567
30.7008
25.2099
22.9985
24.0126
25.6913
27.6727
28.4581
28.1451
26.9538
25.6507
22.0822
19.4336
14.9612
10.6448
6.84766
5.2277
3.11284
2.98744
4.25332
6.62629
10.1793
17.2505
28.2325
38.0594
47.9951
57.2753
63.8657
70.1613
79.447
89.8491
102.447
120.364
135.312
147.032
150.219
146.091
128.316
105.704
79.5827
56.8366
37.9082
25.7793
17.3185
13.9366
18.056
30.2639
50.4845
76.3733
106.5
135.413
161.811
182.352
114.58
89.1231
68.7937
50.4406
40.1476
31.3541
25.2122
21.2473
21.837
24.256
27.4524
29.0752
29.9087
29.7105
27.8107
26.2552
23.1765
24.2449
19.7754
15.6569
11.3959
8.20453
2.52705
3.30849
5.49723
9.54427
16.0058
23.8226
34.0102
43.896
51.8894
59.8635
70.8763
82.4115
97.0078
115.273
131.532
145.227
152.328
151.642
142.805
129.444
108.502
85.7959
64.0119
45.622
31.2146
21.7444
16.6085
16.6783
24.2818
40.6187
64.4688
92.5776
122.176
146.818
142.874
115.813
92.0434
68.0007
51.9195
39.4146
31.6699
24.2452
19.8865
19.0312
22.1562
25.2844
28.4441
31.1071
32.0509
31.5108
29.3537
31.6578
31.4129
35.0745
29.6683
25.0637
16.3264
9.9782
2.86352
5.08289
9.6414
14.4765
21.3456
28.3991
36.7831
44.3094
55.459
68.0016
84.5184
102.767
121.564
139.289
148.674
151.349
146.456
137.737
123.459
108.099
88.5538
69.2041
51.7661
36.0428
26.1253
20.7478
18.3935
21.2394
31.9498
50.7841
76.8947
104.455
152.081
133.915
113.583
87.5452
66.5717
48.5695
36.9063
29.3605
23.9129
19.3775
18.321
19.3302
23.7117
28.2351
32.1463
35.0632
35.541
37.7205
38.2257
45.203
50.2196
52.5987
42.6609
34.8621
20.7202
9.74957
5.52273
8.46242
13.3997
18.3954
24.4478
29.9074
39.8437
50.9863
65.4503
81.3346
102.03
122.142
136.456
144.613
149.896
144.981
136.467
125.155
112.316
92.1507
74.5192
56.2729
41.9335
31.3687
26.3923
22.1881
21.0313
25.9038
39.6558
60.0283
134.527
127.741
113.128
90.9336
72.6064
54.8691
39.7289
31.5357
26.9202
23.7805
20.322
17.2969
18.8296
22.6584
27.9935
33.5696
37.9217
43.2449
44.9072
51.5816
58.0956
68.4099
64.7821
57.2163
42.2716
26.7491
11.0646
5.3723
7.50998
10.7705
15.971
19.768
27.3979
35.428
47.918
59.774
77.951
97.6248
114.914
125.078
137.431
143.156
144.133
139.978
134.211
118.944
101.237
80.1977
63.3041
48.8545
39.0775
31.7876
27.0061
22.3782
23.1204
30.1024
107.084
106.676
97.6601
79.331
63.1651
48.5047
35.9044
29.4148
26.0149
24.157
22.183
20.2585
18.7864
19.6897
23.1266
28.0102
33.452
42.9203
48.3806
57.314
64.9266
75.4005
74.0421
75.3713
66.7743
55.0583
36.8439
24.1654
14.2233
8.83672
8.70217
11.6945
16.7461
21.7077
31.003
39.1851
53.2423
71.401
89.2958
101.217
118.391
130.211
140.41
143.221
142.442
129.475
117.27
99.4879
83.6543
70.0179
60.3134
48.4997
38.1734
29.7723
23.6106
19.7341
71.8093
79.4341
75.8593
64.7451
51.0439
38.4877
27.885
24.7887
23.0528
22.3552
21.3411
20.925
20.6604
20.5606
21.3389
24.5435
29.1019
34.3962
42.4506
55.8493
66.6677
77.9514
81.3555
83.7017
81.4976
75.2168
58.5207
47.0909
34.9768
19.662
11.3485
10.0487
11.5277
12.456
18.501
23.7807
34.0959
47.5103
64.4542
80.0731
97.6792
113.106
128.815
138.641
143.986
137.006
129.326
115.725
102.465
89.2654
80.6163
68.612
56.0513
42.9947
32.1285
24.4426
33.4068
43.6377
47.6509
43.7644
35.6839
27.334
18.9249
17.2441
18.0249
19.2948
19.5217
19.3197
20.0776
20.9577
21.0623
22.6502
26.093
30.7724
35.271
43.3799
57.8167
73.1161
78.5234
84.1918
89.0025
85.4531
69.8177
58.948
49.2826
35.2831
23.3516
17.6257
15.589
11.8373
12.5561
13.7046
20.6034
29.2827
41.4291
56.599
74.7089
93.8612
114.124
130.572
142.297
143.7
142.843
135.489
127.438
116.084
108.03
94.3401
79.6414
63.5675
48.1124
35.0633
12.8917
18.5006
18.3385
19.5434
18.7547
15.189
10.0437
9.83367
11.1614
13.4762
15.6905
16.7903
17.1421
18.0581
18.8393
20.2116
22.3699
27.1194
31.7816
37.3898
42.9695
55.3758
64.6813
73.6336
81.6828
87.4408
78.4174
68.8816
61.2363
50.6012
41.6916
39.2178
36.9328
27.8183
22.933
17.4182
14.2742
16.3427
23.8838
33.2169
47.1219
66.6128
87.12
108.685
128.085
140.457
151.083
153.719
150.856
144.779
137.238
120.101
103.643
86.6834
68.3277
51.2845
11.2383
11.4271
10.4545
10.9274
9.7526
8.49591
6.32272
4.92174
5.09358
7.06958
9.68494
12.5677
14.2203
14.7954
14.9626
15.892
18.2033
21.7439
26.8395
33.6665
39.122
43.9844
50.8896
63.7332
75.3051
83.8873
82.8499
78.8172
71.6659
63.117
57.6421
58.5224
59.1286
55.5292
49.2756
37.4319
27.3822
19.8005
14.9924
18.6104
28.4158
42.4656
59.7207
79.2677
98.648
117.784
140.578
156.765
164.493
166.002
164.952
147.659
128.107
110.189
90.1583
69.4785
15.3891
14.4402
13.0246
14.7301
14.0169
12.6004
10.2112
7.30739
4.06391
3.57797
4.77568
6.73955
9.26057
11.1484
11.8634
11.8154
13.5683
15.537
19.3141
25.5999
33.1404
39.6076
45.1823
51.4788
61.066
69.7981
71.2764
72.3217
75.0961
72.2207
71.7927
75.2612
77.2707
76.8118
73.7413
68.2513
55.0413
41.5701
28.1313
19.4526
14.3372
22.4073
35.9489
53.2941
74.3416
96.3712
123.272
147.661
166.331
175.907
181.9
171.547
154.666
137.903
119.021
95.4524
23.889
19.4716
16.8848
17.7885
17.0402
16.8181
16.2166
14.8553
11.0812
8.27591
6.0412
4.34758
4.40995
6.25724
7.98101
8.55657
9.53019
10.1488
12.2423
16.7973
23.5812
31.7412
39.9422
46.9433
51.4498
57.9849
61.8163
64.5869
68.9088
75.2655
81.2936
87.1387
90.7084
93.6206
92.0976
88.7746
79.0847
66.9097
49.3753
34.7918
18.878
12.8352
17.6837
29.5076
46.7363
69.1784
97.7561
124.98
150.727
171.902
189.154
188.732
179.283
166.369
149.097
125.697
34.0125
27.5713
21.235
20.5316
20.3498
19.5191
19.3643
19.7789
18.4002
16.5722
13.1596
9.27009
5.67674
3.73737
4.01419
5.29018
6.55917
6.49331
7.38503
9.33859
13.8497
20.5393
29.9499
39.6075
47.0982
52.5734
57.4565
62.2043
68.3979
75.1448
84.7849
95.5623
102.038
108.545
110.642
111.762
102.441
91.7589
74.4983
57.3351
37.276
23.0085
14.2514
14.0374
23.3936
39.5572
63.7877
90.977
117.284
143.125
169.953
184.907
190.522
188.948
177.825
156.018
44.3277
34.5894
29.0514
24.8169
22.633
22.3818
22.9538
21.8669
21.8264
22.4523
21.2146
17.7783
13.326
8.97398
5.43011
3.58336
4.04864
4.3026
4.2941
5.27246
7.34466
10.1019
17.2821
27.2908
37.1205
45.8801
53.3024
58.8186
64.4196
70.5703
79.3269
88.8379
97.124
110.51
120.733
130.259
127.928
122.114
104.073
85.4421
59.9373
42.479
28.3417
17.4487
12.6936
18.8219
32.6729
53.1827
78.0492
104.113
134.129
160.283
179.865
193.065
196.997
184.356
61.8212
46.7563
36.6345
29.7067
25.9183
23.4448
24.4892
25.3071
25.4341
24.7308
25.8668
24.5817
21.5866
17.8592
13.2251
8.74713
5.28258
3.53654
2.5482
2.94215
3.62061
5.30604
8.23374
14.0259
23.1061
33.683
43.4831
52.1304
60.358
65.7149
72.0628
80.1596
88.0286
98.6009
112.882
132.902
140.485
143.069
134.132
119.113
90.7823
67.5425
47.4326
33.0691
20.412
13.7468
15.5701
25.5724
43.245
65.7159
93.6979
123.596
151.292
175.733
193.696
198.513
83.2698
63.1765
48.2685
36.4314
30.1653
24.8992
23.6637
24.0765
26.6464
27.04
28.2061
27.9371
27.2338
24.8525
21.6209
18.7809
14.1122
9.69175
6.4338
4.74695
2.52702
3.08289
4.66171
7.4624
11.7588
19.6231
30.5339
40.3107
50.1274
58.4439
65.0254
71.995
81.1046
91.9405
106.018
123.415
138.558
148.349
147.88
141.648
123.831
100.177
74.4258
54.37
36.0204
24.087
15.5541
14.4549
20.2833
34.6417
55.7973
83.1949
113.604
141.41
166.959
185.258
107.887
83.6043
63.5882
46.7308
38.6118
29.7924
24.2973
20.6201
22.4566
24.2803
27.5919
29.3202
30.6327
29.5201
27.4973
25.8427
22.6772
24.7346
20.0503
16.1356
11.6546
8.69142
2.31497
3.94757
6.5338
10.8552
17.4856
26.0564
36.1217
45.1959
53.2172
62.2969
72.8575
85.0898
100.943
119.184
134.233
147.661
151.108
149.224
140.545
126.417
103.724
82.0933
60.1602
41.7788
27.8944
19.9417
16.3459
18.3525
27.7358
45.9846
71.2626
99.8362
128.508
151.636
136.399
109.689
85.6032
63.0619
49.5075
37.9479
30.0731
22.8792
19.3213
18.8873
22.7166
26.2144
29.7762
31.8655
32.0816
31.2468
29.0532
32.5889
33.8864
35.1982
28.6495
24.546
14.3679
7.37495
3.15178
6.01459
10.4956
15.8964
22.4994
29.9883
38.069
46.6629
58.0061
71.265
88.4447
107.067
125.502
142.022
148.96
149.813
145.605
136.016
120.872
104.755
84.4755
64.3533
46.9864
32.681
24.5949
20.4752
18.6331
23.1917
36.1544
56.8572
83.7083
111.059
148.257
129.006
106.586
81.4067
62.059
45.4118
34.4119
27.9256
22.3892
17.9063
18.0024
20.3941
25.5443
29.838
33.339
35.9189
35.4983
38.7606
40.9892
47.4375
51.3163
52.0483
40.6284
31.0597
18.0488
8.14771
5.65857
9.36069
14.2482
19.4133
25.1742
31.865
41.8724
53.8168
68.7517
85.4733
106.285
125.619
137.645
145.144
150.348
144.675
135.336
123.465
108.723
87.4453
69.3988
52.0648
39.2444
30.4883
25.5301
21.8356
21.8268
28.6986
44.222
66.446
133.81
124.276
106.817
85.0405
67.7096
49.5667
35.8844
29.2548
24.921
22.0252
18.8982
17.4504
20.2217
24.7023
29.7325
35.5953
38.889
44.9672
47.4368
53.9074
60.7373
70.8195
63.4647
53.9073
39.3982
23.1402
8.31014
5.53216
7.89041
11.6788
16.5302
21.3429
28.7639
37.9474
50.3548
63.2686
81.8573
101.814
116.615
127.005
139.6
144.727
143.899
139.598
131.46
114.773
95.5853
75.6138
59.8092
46.8885
37.1799
31.1982
25.9153
22.4504
24.4737
33.6048
108.335
104.846
92.7163
74.2883
58.9738
44.0328
33.2057
28.2067
25.0322
23.3801
21.7605
20.0172
19.2153
21.0477
24.5532
29.6165
34.7717
45.4071
51.4119
59.6871
67.8782
77.7843
74.2815
73.9562
64.7347
51.9029
33.6442
22.3915
12.7651
8.95928
9.04308
12.8394
17.5189
23.5537
32.6343
41.6047
56.623
75.7183
91.1204
104.144
122.048
133.023
142.089
144.281
140.595
126.153
113.14
95.8993
80.8076
68.6119
58.3737
47.1596
35.9399
28.5754
22.3498
20.3341
75.8003
79.8163
73.3184
61.0986
47.6058
34.8685
26.1159
24.3009
22.6008
21.8018
21.2791
21.151
21.0407
21.09
22.347
25.8612
30.2822
35.5146
45.2825
57.69
68.7615
79.2497
81.7784
83.4667
81.0437
72.5618
55.2827
44.9852
30.8607
17.0896
10.1082
10.2344
11.3379
13.647
19.4934
25.3784
36.5601
51.1081
66.849
83.0723
102.015
117.37
132.098
142.11
145.248
136.12
127.283
114.057
100.645
87.7241
78.6677
66.8808
53.0551
40.4243
30.2422
23.7713
36.8579
45.5098
47.1078
41.167
33.491
24.0418
17.4399
16.7635
18.2719
19.1446
19.4101
19.6272
20.8561
21.5924
21.7323
23.7999
27.3077
31.7538
36.3107
46.3612
61.5221
75.6522
79.6369
86.4909
89.8173
83.0743
66.4595
57.262
45.4707
32.6842
21.6402
17.7882
15.0035
12.4405
12.1053
14.7686
21.9949
31.5981
43.7309
59.9768
79.8672
99.584
119.684
135.701
146.283
145.319
143.076
135.241
126.776
114.513
105.368
91.3127
75.618
59.4744
44.5392
33.234
14.3538
18.858
18.5502
19.0898
18.5762
13.2554
9.38975
9.84879
11.6692
14.1186
16.006
17.1644
17.5734
18.6729
19.386
20.7804
23.333
28.2105
32.9387
38.3237
45.9707
58.8905
66.969
76.3883
84.6649
86.6519
75.5808
67.7089
58.3748
48.9134
40.668
40.7729
35.1008
27.2947
20.9368
16.5394
13.0668
18.0685
25.4569
35.929
52.3154
71.9424
93.1439
114.784
134.165
145.018
154.468
155.682
152.374
143.915
133.834
116.663
99.1883
81.6178
63.7828
48.4244
11.1061
11.4593
11.0064
10.302
9.88294
7.98984
5.95938
4.72792
5.52021
7.71608
10.4504
13.1996
14.7314
15.0484
15.3644
16.2092
18.7016
22.4916
28.3283
34.8054
40.7103
45.3104
54.0019
67.122
78.6599
84.3652
82.3769
77.5087
69.0592
62.0426
57.2697
60.8026
57.8486
56.6145
46.1954
35.8016
24.6554
19.2734
14.0357
20.7891
32.0465
46.4035
65.2585
84.4048
105.33
124.724
147.23
161.033
167.951
165.963
161.516
142.939
123.637
104.994
85.6493
66.5493
14.8463
14.0247
13.6706
14.1834
13.8563
12.1106
9.70845
6.38843
3.75039
3.83342
5.29241
7.3044
10.107
11.7397
12.2212
12.1239
14.0514
16.5099
21.1115
27.4958
35.5796
41.5734
47.0732
53.8179
65.0479
70.7404
71.4961
73.0763
74.2757
71.8175
72.1173
77.7802
76.5164
78.6185
71.7218
65.756
49.647
38.3347
23.6138
17.0518
15.4772
25.636
40.462
58.076
81.1984
104.143
131.272
153.792
171.046
176.847
179.55
166.528
150.286
133.041
113.912
91.1579
21.853
17.8269
17.019
16.8829
17.0731
16.5379
16.385
14.0736
10.5933
7.84253
5.77488
4.17182
4.98043
7.0525
8.6263
8.90393
9.79977
11.0366
13.7037
18.3373
26.0426
34.2286
42.2553
48.1321
54.481
59.3264
62.7075
65.4602
70.4339
77.0134
82.8842
90.0813
90.8009
95.7789
90.5581
86.2187
75.7199
63.9797
44.2051
30.9826
17.4119
12.5579
20.2606
33.2362
52.2323
76.8488
105.384
132.115
157.133
176.214
189.065
185.641
175.604
161.487
143.831
120.683
31.8129
25.329
21.1686
20.0867
20.5292
19.0744
19.928
19.6472
18.5673
16.027
12.7329
8.37745
5.32227
3.69588
4.71616
5.66261
6.58652
7.06242
8.31637
10.2521
15.8603
23.0899
32.8321
41.628
49.5298
54.1421
59.0234
63.6656
70.4373
76.8822
87.1547
98.9443
102.617
110.709
111.055
109.484
99.0437
89.6563
68.3147
51.9843
33.7598
19.15
12.1954
15.5364
26.7656
45.5584
70.6399
98.2121
124.234
149.401
173.736
186.554
190.606
186.519
173.931
150.787
41.6612
32.85
28.9932
24.2695
23.3601
23.1645
24.0082
21.876
22.7821
22.6016
21.3552
16.9189
12.7868
8.16629
5.21569
3.58021
4.13054
4.68058
4.80534
5.83387
8.0027
11.6876
19.7498
29.8121
40.1339
48.393
55.1301
60.2065
66.1558
72.0549
81.359
91.0955
99.376
114.204
123.291
129.249
126.933
119.743
97.3612
77.5804
54.3435
36.8776
22.9671
15.0075
13.2691
21.7052
36.8631
58.9548
83.923
110.354
140.039
164.84
183.684
195.014
196.171
180.644
58.0163
43.89
35.6185
28.8563
25.3889
23.5449
25.5416
25.0479
25.7936
25.3508
26.5685
24.0681
21.417
16.8837
12.5228
7.93931
5.04119
3.71368
3.14804
3.239
4.06435
5.98276
9.1425
15.7069
26.3839
36.7295
45.9371
54.5943
62.3971
66.7239
74.066
82.6123
90.7958
101.669
117.981
133.749
141.305
141.279
129.389
109.935
83.9369
60.5539
41.5389
29.6968
18.6394
13.752
17.0839
29.4556
48.0058
72.0397
100.75
130.04
157.387
180.67
196.014
197.733
78.3971
59.5252
46.2393
35.2571
29.4702
24.5354
24.716
24.4385
27.5549
27.9228
28.9752
27.9471
27.5205
24.2059
21.1598
17.8844
13.4606
9.0617
6.31821
4.39584
2.3781
3.12194
5.01525
8.17602
13.5984
22.5843
33.1167
42.8943
52.6623
59.9282
66.6741
74.6398
84.0171
94.9745
110.639
126.472
142.353
149.489
146.201
135.305
117.309
92.0887
67.6704
50.0115
34.1621
22.8951
14.4886
15.3416
23.0699
39.4013
61.8188
90.552
120.854
147.673
172.421
188.521
101.854
79.0561
60.0765
45.2155
37.0917
28.4839
23.9895
20.6678
23.1709
25.5495
28.6318
29.6079
30.9835
29.2755
27.2852
25.2583
22.5466
21.9619
17.3499
13.4831
9.19251
6.21484
2.57852
4.52386
7.73217
12.731
19.7286
29.0519
39.1962
47.4344
55.5023
65.5801
76.2278
88.9689
105.925
123.294
137.446
149.046
149.294
144.486
135.345
119.861
96.7842
76.9273
56.4536
38.822
25.7032
18.8453
15.8708
19.7278
31.3774
51.7654
78.2974
107.457
134.878
157.186
130.234
104.175
80.3676
59.6902
46.7486
36.3154
28.8849
21.6898
18.9984
19.8874
24.0634
27.1712
30.8202
32.5193
32.2552
30.9536
29.2339
30.1779
33.7149
32.5908
26.1503
21.6371
13.7533
5.40944
4.07399
7.46796
11.9593
18.1247
24.6572
32.5337
40.3193
49.8863
61.5899
75.7793
93.0465
111.417
129.71
143.674
148.49
146.693
142.563
131.626
116.868
100.246
80.3587
60.1899
42.9743
29.8925
22.6278
19.551
18.833
25.3865
40.5244
63.2847
90.4188
117.847
144.287
124.393
100.046
76.2657
57.1287
41.9804
32.4807
26.5606
21.1885
17.6616
18.5244
21.5002
26.5434
30.731
33.9853
36.0594
35.2755
36.4823
41.1955
46.8904
50.9821
49.2287
40.3991
28.2981
16.5858
7.5279
6.69929
11.0506
15.9197
21.368
26.9508
35.0027
45.3672
58.2915
73.0542
90.7317
111.261
128.806
139.325
146.363
149.886
143.366
134.069
121.658
104.37
82.7479
64.3417
47.4662
35.3124
28.9058
24.1568
21.254
22.5554
31.8177
48.6986
72.5446
132.705
121.175
101.729
81.139
64.0804
45.8458
34.2877
28.3577
24.3472
21.1334
18.322
17.8287
20.9202
25.9752
30.9249
36.7035
39.3815
42.9976
47.4349
53.5855
62.3073
70.513
63.7351
51.2283
37.208
19.869
6.51944
6.32048
9.0098
13.4911
17.6997
23.6509
30.9834
41.6235
53.4518
68.103
86.813
106.229
118.819
129.569
141.156
145.363
143.495
138.707
127.839
110.005
89.8029
70.6927
55.4347
44.4048
35.0209
29.9469
24.3362
22.3863
25.5955
36.9235
