14.2164
12.4743
12.7824
13.4526
11.4275
10.886
8.28911
6.05602
5.12911
6.59569
9.17585
12.375
14.8858
16.1793
16.2007
17.0326
17.993
21.1215
25.7043
33.0716
39.4835
46.4669
51.5794
63.1293
78.4599
88.8914
90.2472
87.7701
82.089
70.0551
66.3394
63.8184
70.2918
64.4959
64.0283
48.6704
38.4771
24.6138
19.8715
16.144
25.2141
39.6261
55.5278
77.5808
97.7119
120.7
143.677
166.343
177.116
184.66
182.192
169.872
149.413
130.451
107.865
86.3676
20.3469
16.7992
15.761
17.1157
16.123
15.257
12.8977
10.033
6.0906
4.10543
4.49252
6.36043
8.69199
11.5266
12.8409
13.291
13.3473
15.3028
18.9462
25.1978
32.5025
41.9098
48.3462
54.0515
62.3263
73.4531
75.7538
76.7398
79.9983
78.4003
79.3399
81.0971
88.9855
85.5214
88.6008
77.8931
69.6066
49.7762
37.7853
22.6943
16.5616
19.7705
32.0882
49.8298
69.8737
95.23
122.634
151.847
174.144
191.773
197.828
193.712
177.615
161.327
140.492
117.477
30.8737
23.55
19.9644
20.677
19.2306
19.4479
18.38
18.0715
14.5103
11.0919
7.92112
5.81278
4.43533
6.00862
8.14121
9.75283
9.76316
10.4653
12.631
16.7653
22.3848
32.1602
41.3635
49.7369
54.9147
62.4803
66.2723
70.0346
73.6655
79.4789
88.634
94.8127
103.736
103.357
108.528
99.8761
93.1161
78.0298
64.0746
42.874
27.8676
16.4138
15.2506
25.5065
41.2651
63.8003
93.7646
124.025
152.61
179.416
199.994
207
201.268
190.613
173.008
150.915
40.5217
34.3213
27.2832
24.9672
23.5084
23.5364
21.0484
22.4265
21.3842
20.365
16.6114
12.9687
8.06075
5.33381
4.09719
5.98118
6.61333
6.94263
8.19301
10.0963
12.7323
20.4138
29.3926
40.1766
48.8912
56.6163
61.0232
66.321
71.7747
79.5147
88.406
99.9661
113.821
117.717
125.634
124.913
119.445
104.133
93.6154
69.5288
50.7496
32.9195
19.4948
12.7247
19.7161
34.1973
57.7526
85.5609
114.803
143.728
172.698
194.779
206.793
210.284
202.129
183.942
54.3244
43.2954
35.1647
31.1717
26.3272
26.0012
25.1763
25.7158
24.1261
25.7056
24.3588
22.3792
16.9224
12.5864
7.72952
5.25008
4.00041
4.37228
5.26661
5.864
7.3627
10.1301
15.7331
25.3171
36.1946
46.7904
55.2984
62.1832
67.7319
74.3724
82.302
93.0498
103.035
114.053
130.256
139.959
141.761
137.207
127.127
101.738
76.8699
54.0349
37.3094
20.867
13.7932
16.0103
27.9142
46.6181
72.0712
99.6529
130.776
162.189
187.112
206.366
215.983
211.444
75.2636
58.4409
44.7089
36.2148
29.7962
26.3932
24.7825
27.338
27.1482
28.286
28.1736
28.7665
25.1083
22.2566
16.8898
12.4487
7.66987
5.16487
4.21925
4.21798
4.41804
5.82669
8.22772
12.0143
20.1173
32.2355
43.0967
52.7413
62.3648
69.7972
75.1917
84.3928
93.3002
103.782
117.245
137.556
149.814
155.751
153.602
138.675
111.342
83.1014
59.7064
38.6056
25.85
16.441
15.2285
21.3911
37.5419
59.206
88.1952
121.122
152.476
181.225
204.942
216.933
100.037
77.7697
59.0975
45.4104
35.3421
29.4533
25.3594
26.6694
27.7909
30.995
31.5794
31.6756
29.9881
29.1586
25.1466
22.1351
18.6208
14.096
9.53979
7.23573
4.93153
3.13828
4.15341
6.46809
10.2733
17.5149
28.6944
39.6677
50.3837
60.5967
67.8961
75.5013
85.5747
97.154
110.561
129.486
145.471
159.576
165.548
160.323
143.016
119.493
91.8124
64.8551
45.6045
31.169
21.4947
15.285
18.5448
29.7883
50.2941
77.3324
109.495
141.124
169.607
194.168
129.354
102.172
79.0077
58.7492
45.76
36.5327
28.408
24.0817
23.3056
26.2572
29.4597
31.6834
32.5123
33.1066
31.0358
29.1917
27.1441
26.7692
23.3291
18.4654
14.0931
9.29408
4.1354
3.22452
5.59079
9.98105
16.5297
24.5642
35.4004
46.2396
54.7705
63.4367
75.8698
88.4556
103.663
123.505
141.769
156.211
166.367
165.015
155.801
142.421
122.3
96.331
74.4039
54.0776
37.3776
25.3673
19.2531
17.5376
24.1231
40.0946
64.3475
93.6912
125.803
153.808
159.259
131.108
104.346
78.0703
58.6339
45.003
36.0472
28.0531
22.3123
20.8094
23.2458
26.854
30.3322
33.7783
35.2653
34.832
33.6737
34.5272
34.5071
40.2527
36.4727
29.771
22.0042
14.2557
4.21852
5.4561
10.0871
15.0865
22.6207
29.8131
38.8772
47.0554
59.0651
72.2429
89.3166
108.852
129.232
148.83
160.838
164.259
158.962
151.189
136.716
120.377
100.685
80.0515
60.0878
42.2072
30.2655
23.5444
20.5536
22.0308
31.5981
50.1476
77.029
106.89
166.136
148.187
126.459
98.9691
75.1277
55.4763
41.9733
33.2921
27.4305
22.3224
19.7742
20.3532
24.644
29.8537
34.3595
37.7432
39.9529
40.9567
41.5657
49.6502
55.8453
58.6312
50.6301
41.9767
25.7697
13.5268
6.80642
8.82323
14.2566
19.5863
26.1609
31.792
42.6112
54.1834
69.1252
85.6015
107.119
129.067
145.164
155.095
161.675
159.924
151.144
140.573
126.627
105.469
84.5411
64.6286
47.9441
36.0043
30.2817
25.2926
23.0716
26.3812
39.2479
59.4798
143.752
138.643
123.521
100.397
79.6927
62.0162
44.6943
35.194
30.1073
26.5814
22.5827
18.8026
19.8072
23.6102
29.4992
35.2612
41.7988
46.3458
48.8902
56.5307
63.554
73.6193
74.7729
66.714
49.8654
33.7582
15.6452
5.9937
8.0792
11.3386
17.1393
20.8341
29.2571
37.318
50.1218
62.6333
81.4539
102.298
121.168
133.22
145.789
155.181
157.019
154.101
147.727
133.155
113.582
91.1353
72.1266
56.5372
45.4431
36.1018
31.0581
25.1252
24.7274
30.2335
112.934
114.995
106.238
87.5302
69.1293
54.3936
39.8074
32.2535
28.6767
26.4935
24.057
22.1568
20.7208
21.0189
24.6641
29.6902
35.6115
44.047
51.1043
61.636
69.6642
81.3023
83.6764
84.2814
76.1932
64.0344
44.7915
28.7206
18.0761
10.1789
10.0324
12.4609
18.2885
23.0169
32.4539
41.0861
54.8342
73.6978
93.1611
106.449
123.744
139.978
150.167
155.237
154.733
143.276
128.354
110.248
93.0251
78.3272
67.5996
54.7343
44.2712
33.8558
27.273
21.6051
72.7227
83.6644
81.4737
70.6502
55.8162
43.2549
30.9247
26.6851
25.2096
24.5993
23.1245
22.7888
22.7686
22.5723
23.2755
26.2337
31.0006
36.5373
44.2196
59.6233
71.5453
84.5213
90.3153
92.5129
90.4151
83.5622
66.08
51.3919
39.8042
21.7053
13.0333
10.6021
12.5062
13.3282
19.6259
25.066
34.8415
48.6807
66.1181
82.8829
101.369
120.633
136.786
149.19
155.508
150.644
141.329
127.932
113.646
100.485
90.3787
77.4504
64.7266
49.897
37.4393
28.0516
32.7839
44.1398
49.5066
47.1387
38.264
30.7435
20.8148
18.2837
18.9957
20.8687
21.0161
20.7839
21.595
22.6557
23.0091
24.2524
27.7788
32.6104
37.5638
44.9869
59.375
76.9542
85.6911
90.2455
97.314
94.1035
77.9453
63.8027
54.8146
38.3821
28.314
20.873
18.7832
14.6397
15.255
14.4253
21.1717
29.8707
41.6295
57.0586
75.6521
97.7748
119.191
138.84
151.957
156.646
155.606
149.305
140.868
130.506
120.521
106.178
90.647
73.0206
55.7266
40.8293
12.1718
18.2997
19.1277
20.1563
18.9294
16.864
10.5328
9.77174
11.251
13.8159
16.5693
17.9492
18.6212
19.4524
20.5484
21.9211
23.9282
28.7384
33.9341
40.1618
45.3857
58.2717
70.1136
78.6802
88.4392
94.3991
86.4858
74.5653
67.5997
54.6507
48.0961
43.5918
43.908
33.8366
28.6689
20.5353
17.2547
16.2734
24.2751
33.4007
46.6035
67.627
88.9537
112.184
133.688
150.526
162.798
167.959
166.032
161.737
152.768
134.887
117.24
98.7362
78.0971
59.2285
12.6136
12.2114
11.9247
12.9599
10.9945
10.0648
7.46752
5.5879
5.19607
7.09948
9.86411
13.0796
15.1844
16.0083
16.1504
17.2119
18.894
22.4415
27.6562
35.5064
41.4732
47.7064
53.9387
67.0725
80.6554
89.49
89.0943
85.638
78.7576
68.0376
65.1269
64.2407
68.0818
62.6596
59.1011
43.7887
33.6437
22.6377
17.9624
18.2518
28.0751
43.0369
60.1623
81.6463
102.02
124.217
148.453
168.443
177.903
182.878
181.131
164.598
143.478
124.504
101.745
79.6098
17.7513
15.9945
14.6653
16.8461
15.6649
14.6863
12.0687
9.16013
5.21044
4.02294
4.78088
6.85078
9.40792
11.7145
12.7681
12.8442
13.8367
15.7612
19.6328
26.6518
34.5193
42.7874
49.0317
55.2008
64.3111
73.9733
75.6227
76.7723
80.3927
77.7786
79.7618
82.1765
87.0239
84.6141
84.5092
75.195
64.1225
46.8966
33.7655
21.5758
15.545
21.7956
35.3498
54.149
75.5924
100.326
129.125
157.459
178.378
192.727
199.087
190.362
172.567
155.404
134.225
109.531
28.0914
22.3173
19.2078
20.5096
18.865
19.2157
18.1844
17.5223
13.3413
10.1338
7.13354
5.19354
4.49924
6.31882
8.34446
9.38297
9.85532
10.2011
12.4382
17.5703
24.1182
33.6597
42.8869
51.0122
55.295
62.7048
66.6829
70.2279
74.4528
81.3435
90.3228
95.8354
101.966
103.088
104.608
97.6039
89.1326
74.9103
58.4161
39.9507
23.426
14.8119
17.1828
28.9855
46.3071
70.0262
100.844
131.029
159.199
184.712
204.832
207.36
198.918
186.611
167.72
143.004
38.4376
31.8234
24.6389
23.6596
22.704
22.5706
21.2173
22.4106
20.7965
19.4811
15.3879
11.5165
7.01644
4.60784
4.10602
5.7852
6.73995
6.50697
7.63153
9.79376
13.701
21.3503
31.2331
42.0558
50.2474
57.06
61.9859
67.2912
73.3652
81.2238
91.3007
102.455
112.724
118.33
123.032
123.214
115.25
101.458
86.6683
65.4852
44.8536
28.5304
17.3899
13.888
22.5861
38.7139
64.0445
92.8726
121.637
150.781
180.691
199.224
208.187
209.1
198.197
176.093
50.7325
39.8119
32.6678
28.5391
24.9022
24.9713
25.0274
24.9458
24.0095
25.4085
23.681
20.9052
15.5742
11.0848
6.65161
4.45062
4.03521
4.13061
4.47118
5.4963
7.51635
10.3415
17.3868
27.8323
38.3522
48.3632
56.8126
63.2037
68.9778
76.0615
85.0719
95.3918
104.654
118.04
131.552
141.897
140.977
135.363
119.951
98.0613
71.1745
50.6935
35.035
20.5715
13.4553
18.0841
31.8704
52.4734
78.9116
107.243
140.015
169.74
193.096
209.716
216.481
206.327
70.721
53.9443
41.5886
33.6033
27.9862
25.1926
25.2134
27.2647
27.2048
27.7389
28.1869
27.8519
24.1482
20.8702
15.4966
10.907
6.55175
4.33923
3.09231
3.57745
4.10272
5.74235
8.64732
13.7754
22.6051
34.417
45.3067
54.7846
64.1891
70.9071
77.2642
86.0347
94.5816
106.23
120.791
142.819
152.568
156.833
150.181
135.652
104.987
78.1808
55.7012
37.3605
23.0181
15.0521
16.0025
24.6956
42.7362
66.0253
96.4296
129.491
160.462
188.006
209.833
217.832
94.6049
72.1642
55.0423
41.7087
33.0443
27.108
24.6695
25.9641
28.1007
30.2521
31.2107
31.1367
29.788
28.1872
24.2368
21.3805
16.5115
11.7892
7.65155
5.86278
3.47105
3.37912
4.79504
7.44772
11.4534
19.1965
31.1483
41.8526
52.5919
62.4381
69.8336
77.0925
87.4579
99.7474
114.211
133.965
149.897
161.658
163.738
159.132
139.255
114.325
86.1246
61.7094
40.6447
27.5997
18.5553
15.4317
20.3117
34.0116
56.4397
85.4361
118.145
148.972
177.435
199.342
122.625
95.402
73.4025
53.7361
43.0124
33.3052
26.5368
22.4129
23.4411
26.3359
29.8928
31.914
33.0764
32.7079
30.4579
28.8096
25.4893
27.3467
22.5217
18.0408
13.285
9.68039
2.86195
3.73574
6.18051
10.6117
17.782
26.1709
37.1322
47.6773
56.3918
65.5703
78.0662
91.3685
107.759
128.335
145.364
159.628
166.037
165.233
154.855
140.155
117.178
92.4889
68.4511
48.6199
33.1139
23.1968
18.3201
18.6271
27.2788
45.4841
71.5728
101.833
133.897
160.49
152.912
123.772
97.8703
71.8682
55.0068
41.5966
33.0926
25.3097
20.9546
20.4122
24.026
27.7138
31.4504
34.3115
35.1917
34.578
32.2476
35.4836
35.7551
39.6001
33.5682
28.5855
18.2426
10.8109
3.26314
5.66356
10.6854
15.949
23.4071
31.1215
40.0907
48.7622
61.3201
75.2373
93.6743
114.278
134.586
153.372
162.824
165.468
159.577
149.758
134.044
116.95
95.1344
74.0663
55.1221
38.2794
28.361
22.7832
20.3447
23.7081
35.7149
56.317
84.9234
115.014
162.808
142.719
120.295
92.3248
70.0274
50.7197
38.2811
30.7544
25.0997
20.4693
19.7023
21.2146
26.3492
31.2887
35.5307
38.6226
39.0349
42.0228
43.1389
50.989
56.4197
58.6159
47.011
37.8151
22.1933
10.2036
6.02878
9.31267
14.7375
20.1484
26.7157
32.9223
44.0744
56.3796
72.269
89.9966
112.713
134.149
149.131
157.917
163.469
158.23
148.799
136.277
122.069
99.8738
80.3101
60.7115
45.6965
34.3556
29.0401
24.4291
23.3047
28.6825
43.9592
66.2329
143.641
135.002
117.973
93.8009
74.5994
55.8703
40.3846
32.7746
28.3939
25.2617
21.6665
18.7605
20.9297
25.2703
31.0397
37.1835
41.8368
48.1488
50.4063
58.0282
65.4391
76.6427
71.698
62.7344
46.1651
28.758
11.7846
5.88328
8.26501
11.8385
17.5087
21.722
30.1879
39.0763
52.7007
65.9891
86.1278
107.466
125.58
136.878
150.269
156.881
157.401
152.781
145.754
128.869
108.828
86.4736
68.7203
53.2748
42.7014
34.8235
29.5303
24.5061
25.6036
33.3886
114.69
113.015
101.879
81.647
64.473
49.1825
36.6367
30.7351
27.717
25.9114
23.9818
21.8889
20.6317
21.9019
25.7711
31.1212
36.891
47.9649
54.3267
64.2562
72.9492
84.3676
82.1758
82.7918
72.8387
59.3207
39.3849
25.5176
14.8981
9.34094
9.45578
12.8006
18.342
23.7933
33.9019
42.9875
58.7899
78.832
97.6586
110.795
129.86
143.126
153.581
156.208
154.74
140.215
126.032
106.983
90.5934
76.033
65.3773
52.6766
41.4079
32.208
25.6654
21.5584
76.6062
83.6675
78.5854
66.0567
51.4688
38.5493
28.171
25.9552
24.708
24.1063
23.2015
22.8305
22.6015
22.5907
23.6671
27.239
32.1018
37.9245
47.2195
62.0158
74.2266
86.4105
90.1084
92.3645
89.5285
80.4177
61.6845
49.3234
35.9388
19.5557
12.1611
11.2213
12.6613
13.737
20.4503
26.2896
37.9839
52.8779
70.8669
88.1128
107.93
125.163
141.53
152.333
157.355
149.266
140.161
125.716
111.639
97.4147
87.8739
74.7257
60.9273
46.4726
34.887
26.5379
35.5289
45.6728
48.979
44.2027
35.571
26.9006
18.8274
17.9182
19.4889
20.8948
21.2038
21.069
21.9781
22.9395
23.1634
25.0971
28.864
34.0443
38.9609
48.3124
64.331
80.8493
86.6213
92.9953
97.7809
91.1823
73.5507
62.1032
51.7278
37.5874
27.765
22.0733
19.4092
14.997
14.6204
15.0799
22.7125
32.3596
45.4655
62.4354
82.6969
104.239
125.817
143.617
156.002
157.372
155.753
148.147
139.754
127.153
117.743
102.649
86.4564
68.5919
51.9136
37.9777
13.7563
19.2835
18.4734
19.2775
18.2941
14.6503
9.70439
10.1002
12.1008
14.7753
17.1129
18.2733
18.5959
19.6764
20.5033
22.1086
24.6156
30.1156
35.3009
41.4955
48.0811
61.881
71.8613
81.6627
90.3605
93.8052
83.1301
73.0923
64.9963
54.5715
48.1667
46.077
43.1156
32.8925
26.3364
19.2396
15.738
18.112
26.0972
36.6792
52.3436
73.7555
95.7243
119.045
140.003
154.065
165.622
168.7
165.922
158.849
149.129
130.124
111.825
93.0709
73.3244
55.1446
12.3879
12.7392
11.7594
12.0811
10.88
9.2988
6.80867
5.18386
5.51686
7.733
10.5929
13.7226
15.4488
15.9652
16.1963
17.2277
19.9228
24.119
29.9643
37.5043
43.5491
48.7666
56.5425
70.6177
82.9874
89.8338
88.2871
83.9517
76.4639
68.6027
65.8969
67.4913
67.6581
63.5004
55.3436
41.3973
30.1773
21.8403
16.5301
20.5993
31.6944
47.1827
66.0302
86.9056
108.418
130.13
155.276
172.486
180.939
181.998
179.451
159.86
139.032
119.423
97.5785
75.1551
16.832
15.914
14.4478
16.176
15.5556
14.2207
11.4841
8.22985
4.73067
4.13779
5.23163
7.34508
10.1172
12.0628
12.7474
12.6783
14.8094
17.19
21.5777
28.6603
37.0543
44.0056
49.9834
57.1011
67.8002
74.9858
76.2003
77.8699
81.0434
79.0981
81.6277
85.7504
87.1551
86.5654
81.9234
74.3259
59.4613
44.8067
29.9149
20.2559
15.6706
24.9052
39.9262
58.8555
82.3401
107.29
137.284
163.484
183.594
193.288
198.879
186.063
168.454
150.226
129.547
103.524
25.7191
21.0809
18.5741
19.5193
18.926
18.8967
18.2113
16.6792
12.525
9.33017
6.68097
4.77417
4.81971
6.90771
8.69189
9.23885
10.4246
11.2895
13.7265
18.7592
26.3811
35.3142
44.1932
51.61
56.8478
63.1583
67.3842
70.8375
75.9407
84.2504
92.5861
98.6698
101.785
105.208
102.191
96.7354
86.0949
72.3848
52.8005
36.6373
19.9356
13.7938
19.7812
32.6784
51.8896
77.5211
109.046
138.532
166.446
189.122
207.109
205.222
195.671
181.529
162.467
136.056
36.5523
29.7082
23.1157
22.4938
22.5975
21.8133
21.6442
22.18
20.6313
18.4559
14.5475
10.2228
6.24819
4.1699
4.43657
5.72787
7.12938
7.19304
8.27234
10.3455
15.5677
22.9781
33.3479
43.7659
52.103
57.8136
63.2091
68.4312
75.3512
82.9294
93.8644
105.532
112.35
120.093
122.414
122.542
112.047
99.9689
79.9834
60.8483
39.6196
24.2309
15.1728
15.4849
26.0821
44.6122
71.5607
101.045
129.55
157.604
186.773
201.852
208.573
206.222
193.679
168.651
47.7259
37.2563
31.3265
26.8168
24.9337
24.9922
25.6051
24.5022
24.5083
24.9883
23.3996
19.5709
14.6291
9.89944
6.02384
4.03076
4.49665
4.83394
4.8168
5.80793
8.09102
11.1824
19.2615
30.2356
41.1525
50.5747
58.6526
64.6739
70.8989
77.6722
87.4885
97.8839
106.678
122.113
133.66
143.179
140.395
133.667
112.596
91.0988
63.812
44.8909
29.7147
18.3379
13.8458
20.9031
36.3848
58.8132
86.0174
114.704
148.238
176.015
198.239
212.015
215.735
200.517
66.4971
50.3321
39.3134
31.8227
28.098
26.0302
27.2704
28.2299
28.4913
27.5402
28.5517
26.9984
23.6541
19.6245
14.5134
9.64216
5.86575
4.02463
2.88157
3.13923
3.91867
5.83096
9.09814
15.5291
26.0253
37.437
47.9889
57.5318
66.4636
71.9725
79.3315
88.3514
96.9443
109.307
125.429
146.091
154.03
156.208
145.203
127.635
97.483
72.1364
50.562
35.2775
21.9895
14.903
17.1948
28.5239
48.1591
72.9559
104.216
136.447
166.91
192.847
211.939
215.991
89.0295
67.4035
51.4675
39.1317
32.6521
27.0706
25.9057
26.5161
29.4767
29.8614
31.11
30.8023
29.9786
27.3359
23.6877
20.6347
15.4964
10.6781
7.10745
5.12579
2.63416
3.28662
5.12179
8.24559
13.3519
22.0588
33.9375
44.5504
55.2517
63.9515
71.4708
79.5776
89.9406
102.483
118.389
136.96
153.048
162.601
161.015
152.953
133.505
107.544
79.9911
58.3193
39.0658
26.1116
16.8248
16.0169
22.761
38.8426
62.3942
92.6411
125.611
155.271
182.767
202.074
115.806
89.6567
67.8991
50.096
41.598
32.1175
26.2736
22.4221
24.6431
26.8247
30.3638
32.2435
33.8463
32.6212
30.1138
28.3635
24.9087
27.1052
21.9031
17.6895
12.7184
9.42332
2.61502
4.42903
7.49309
12.3283
19.6366
28.764
39.8215
49.3216
58.2095
68.8261
80.9831
94.6872
112.338
132.091
147.912
161.647
164.397
161.32
151.724
135.953
111.073
87.6657
64.4412
44.4916
29.6236
21.5627
17.9647
20.4839
31.1242
51.4095
78.9663
109.82
140.836
165.983
146.28
117.265
90.9459
67.0016
52.9024
40.6641
32.2915
24.6522
20.9961
20.7663
24.9944
28.8707
32.9269
35.317
35.2858
34.3632
31.9114
35.6964
37.7283
39.1175
31.8572
27.3314
16.2065
7.93312
3.6739
6.86926
11.8234
17.7093
24.8966
32.8519
41.6566
51.5347
64.3156
79.0636
98.0036
118.382
138.469
155.496
162.652
162.719
158.173
147.181
130.701
112.44
90.6163
68.6287
49.7569
34.7409
26.6109
22.3572
20.5459
25.7642
40.2318
63.097
92.4672
122.277
158.551
137.234
112.63
86.0393
65.5426
47.9181
36.6095
29.9316
24.034
19.4007
19.7136
22.5383
28.2765
33.1224
36.7454
39.5084
38.8751
42.4102
45.4645
52.7912
56.8312
57.2393
44.8831
33.6151
19.4176
8.8455
6.47236
10.4714
15.8578
21.3379
27.6145
35.1814
46.5437
59.668
75.9685
94.3219
117.043
137.167
150.491
158.607
164.707
158.468
148.4
134.644
117.93
94.0983
74.2262
55.6195
42.0977
33.0979
27.8483
23.8225
23.9863
31.7918
48.8103
73.1115
142.564
130.908
111.306
88.1174
69.8677
50.8938
37.2292
30.9677
26.649
23.7775
20.4513
19.2584
22.5202
27.6172
32.8749
39.4306
42.7549
49.1987
52.5374
60.0062
67.4644
78.1667
70.0018
58.7696
42.6271
24.8344
8.98669
6.16578
8.77327
12.9206
18.11
23.424
31.733
41.7318
55.3216
69.7664
90.2499
111.388
127.611
139.054
152.871
158.407
157.302
151.822
142.083
123.426
102.193
81.1005
64.3422
50.8337
40.3924
33.8898
28.0673
24.5293
26.9415
37.1426
115.62
110.658
96.5605
76.6423
60.4743
45.0634
34.4059
29.8357
26.7503
25.2473
23.609
21.8763
21.2271
23.5396
27.2465
32.8643
38.4119
49.9056
56.9674
66.2836
75.2997
85.6756
81.893
80.7291
70.0576
55.6453
35.9581
23.7478
13.3871
9.55107
9.91301
14.0295
19.2276
25.7215
35.6187
45.6453
62.4914
83.0463
99.8823
114.484
134.331
146.134
155.413
156.837
151.635
135.26
120.775
102.543
86.6475
73.9246
62.9112
50.6993
38.5657
30.8593
24.191
22.0436
80.6598
83.7557
75.7739
62.49
48.2732
35.2712
26.8427
25.6918
24.2424
23.4897
23.0435
23.1208
23.0501
23.2472
24.7322
28.7525
33.487
39.103
50.4664
64.2366
76.2469
87.3062
90.0892
91.6344
87.8748
76.7446
57.8611
47.0085
31.3317
17.2802
11.2944
11.5796
12.4827
14.9827
21.5519
28.1299
40.5604
56.4688
73.9311
91.7447
113.08
129.752
145.714
155.478
157.773
147.192
137.592
123.086
109.124
95.6253
85.5971
72.4799
57.3575
43.6233
32.6213
25.6276
39.0548
47.4191
48.366
41.6405
33.4105
23.8287
17.653
17.5757
19.638
20.6916
20.9764
21.346
22.764
23.5491
23.7036
26.2403
30.1538
35.0081
40.0205
51.4182
67.9249
82.9204
87.1215
95.0685
97.8225
88.0264
70.1017
60.7496
47.4317
35.1371
25.6482
21.4398
17.9835
15.0619
13.619
16.3055
24.1425
34.6824
48.2978
66.1609
88.464
110.156
131.88
148.564
159.463
158.039
155.745
147.538
138.613
125.434
114.953
99.2694
81.8311
64.1366
48.0442
35.8748
15.3807
19.6194
18.7908
18.8919
18.227
12.8793
9.23832
10.2121
12.5858
15.4172
17.333
18.578
19.1432
20.302
20.9672
22.6959
25.7547
31.1276
36.4005
42.454
51.0578
64.9552
73.6172
84.2977
92.7196
92.276
80.2862
72.2806
61.7928
53.1904
46.8758
47.2213
40.4945
31.9345
23.7052
18.3817
14.3355
19.7893
27.7932
39.3798
57.5326
78.8757
101.776
125.004
145.987
158.641
169.256
170.63
167.306
157.895
145.421
126.293
107.053
87.8768
68.5117
52.1485
12.5579
13.0556
12.5899
11.565
11.0131
8.77617
6.44745
5.04634
5.99093
8.453
11.4486
14.3367
15.983
16.1848
16.5058
17.4494
20.2779
24.6173
31.2425
38.4277
44.8767
49.9329
59.5304
74.1279
86.1221
90.0235
88.0116
83.1373
73.8362
68.0312
65.551
69.6025
65.7767
64.5597
51.7221
39.7956
27.2647
21.3109
15.4416
22.7782
35.5354
51.1721
71.9048
92.3098
115.446
137.519
162.493
176.891
184.502
182.074
175.067
154.099
133.713
113.28
92.1379
72.0887
16.7324
15.9099
15.5719
15.8619
15.4844
13.5857
10.8367
7.15245
4.33215
4.30261
5.77747
7.95468
10.9793
12.6187
13.0225
12.9618
15.0195
17.9323
23.2757
30.5351
39.4086
46.135
52.0127
59.8094
71.7669
75.7423
76.7534
79.2447
80.2531
79.4163
82.2523
88.2556
86.1864
88.6307
79.4632
71.7805
54.0167
41.538
25.2013
18.0068
17.2254
28.2659
44.7217
63.9738
89.4753
115.744
145.914
170.108
188.701
194.777
195.996
180.623
163.853
145.03
123.872
99.3271
23.917
19.8066
19.1515
18.8382
19.0946
18.5107
18.3184
15.7076
11.8755
8.73173
6.34596
4.54196
5.41131
7.64364
9.19355
9.41549
10.3145
11.9385
15.0828
20.4366
29.0772
38.2663
46.8605
53.1851
60.4034
64.9765
69.0316
72.4575
77.9021
86.5105
94.1455
101.554
101.991
107.939
100.667
94.6051
83.0489
69.7229
47.7588
33.0107
18.8133
13.868
22.4733
36.7244
57.7193
85.8432
117.046
146.233
173.231
193.907
206.479
201.575
191.708
176.132
156.557
131.204
34.6931
27.7135
23.4365
22.3484
22.8521
21.128
22.127
21.8335
20.6144
17.6235
13.9515
9.12881
5.79261
4.03533
5.1135
6.03746
6.84569
7.56532
9.08432
11.4152
17.7287
25.9757
36.6015
46.15
54.6458
59.6378
64.987
70.3605
77.8406
85.4437
97.0019
109.766
113.851
123.278
123.459
120.636
109.16
98.3263
73.9993
55.6862
36.4116
20.4551
13.0982
17.2895
29.8698
51.3314
78.9046
108.625
136.768
164.486
190.154
202.98
208.284
203.393
188.941
163.503
44.8226
35.539
31.4147
26.4953
25.7698
25.627
26.4829
24.2355
25.2822
24.8448
23.3304
18.4481
13.9386
8.91993
5.70944
3.91266
4.30797
5.00287
5.22871
6.42523
8.82684
13.2388
22.0847
33.1153
44.3873
53.3725
60.6538
66.5295
72.9255
79.7857
90.3027
100.776
109.961
127.177
137.136
142.691
140.191
131.792
106.119
83.3923
58.4589
39.4114
24.131
15.7653
14.5661
24.2091
41.0685
65.2435
92.5379
121.696
154.26
180.422
201.722
213.551
213.993
196.539
62.1945
47.1079
38.0873
30.9506
27.5493
25.7673
28.0569
27.5929
28.5184
27.9496
29.0919
26.2571
23.3564
18.4194
13.6667
8.67135
5.49268
4.1328
3.51591
3.61356
4.57872
6.76927
10.204
17.5955
29.4663
40.6859
50.6467
60.3748
68.5757
73.533
81.9317
91.1959
100.374
113.176
131.406
147.671
155.852
155.5
141.373
118.781
90.2059
64.6712
43.7159
31.0471
19.5737
15.0385
18.9812
32.9323
53.3626
79.9297
112.134
143.531
173.476
198.484
214.432
215.457
83.6067
63.3834
49.2052
37.6516
31.5607
26.3436
26.8991
26.8144
30.2677
30.7298
31.7465
30.5042
29.932
26.3296
23.0247
20.3389
15.5546
10.8277
7.85106
5.61197
2.57011
3.44366
5.55235
9.09786
15.2514
25.3988
36.7332
47.5037
58.0082
65.8562
73.4069
82.739
93.4059
106.251
123.977
140.971
157.785
165.028
160.422
147.354
126.629
99.1027
72.3667
53.2736
36.4626
24.7976
15.8039
17.0862
25.8838
44.0624
69.0496
100.246
133.006
161.831
188.215
205.598
109.103
84.5743
64.0691
48.437
39.7385
30.4906
25.7089
22.4623
25.2901
27.9781
31.194
32.3066
33.7018
31.8564
29.7024
28.4324
25.8162
25.098
19.9678
15.7661
10.1315
6.53298
2.76062
4.95425
8.6984
14.415
22.0432
32.2195
43.1764
52.0196
60.9084
72.5815
84.6517
99.0777
117.974
137.023
152.037
163.907
163.346
156.976
145.777
128.699
103.278
81.9444
60.1924
41.6821
27.5032
20.5366
17.4944
21.9663
35.2101
57.6179
86.2627
118.003
147.437
171.928
139.27
111.265
85.4222
63.4669
49.726
38.7654
30.7801
23.2423
20.6013
21.7297
26.2518
29.7595
33.694
35.5984
35.3175
34.6561
33.1492
34.3978
38.8609
37.7503
29.8827
24.5061
15.6539
5.96871
4.62099
8.53611
13.4726
20.2494
27.2171
35.8165
44.3196
55.3733
68.4011
84.2688
103.429
123.791
143.507
158.068
162.981
160.135
154.477
142.084
125.806
107.447
86.0588
64.7641
46.0661
32.3768
24.7577
21.3425
20.9583
28.3029
45.0557
70.1142
99.6381
129.504
154.22
132.459
106.034
80.6391
60.2415
44.3603
34.5515
28.4081
22.8373
19.1682
20.1922
23.6717
29.1744
33.7824
37.387
40.3448
39.7266
41.1931
46.9063
53.6437
57.0316
54.1562
44.3846
30.4871
17.4361
8.06542
7.6092
12.415
17.7309
23.6769
29.6048
38.8958
50.3901
64.4677
80.8422
100.554
122.901
141.097
152.414
160.014
163.024
155.592
145.562
132.096
112.421
89.3109
69.2984
51.3366
38.2757
31.5946
26.4847
23.2634
24.9521
35.3363
53.8736
79.9798
141.338
127.841
106.274
84.2373
66.2038
47.3143
35.8336
30.2267
26.2496
22.8097
19.7446
19.5757
23.07
28.6127
34.1226
41.2471
44.3779
48.3514
53.8322
61.0517
69.7814
77.8578
70.1661
55.9413
40.1342
21.3541
7.23946
7.22553
10.0298
15.0069
19.3866
26.3135
34.4212
45.9874
58.9373
75.4657
96.0288
116.134
129.81
141.891
154.26
158.197
156.236
150.856
138.18
118.784
96.7011
76.5645
60.0371
48.2387
37.9121
32.4959
26.4258
24.5171
28.315
40.8327
