1.67333
2.05645
5.53532
6.19785
6.4694
6.66679
6.81241
7.01373
8.93776
12.2545
14.901
9.53995
5.20625
5.04237
6.72654
1.72464
2.08132
5.13943
6.13733
6.38743
6.63858
6.74288
6.88035
7.60034
12.4796
14.8952
11.5892
5.56889
5.20973
6.49073
1.90501
2.01147
4.63848
6.07166
6.36836
6.63203
6.68043
6.5251
6.67359
12.0762
14.8704
13.4763
5.8656
5.38133
6.55548
2.37012
1.96097
3.73084
6.02781
6.29874
6.64762
6.68253
6.72568
6.29702
11.2021
14.6349
14.459
6.22245
5.60067
6.27033
3.50298
2.13493
2.89024
5.8802
6.22667
6.66051
6.66051
6.57778
6.23499
10.5699
14.1965
14.9933
6.54353
5.80982
6.21936
4.56954
2.38657
2.59508
5.55959
6.22918
6.56963
6.66367
6.89945
6.23344
9.27144
13.8892
14.9341
6.85868
6.08877
6.38184
5.27382
2.45011
2.15279
5.18068
6.1356
6.45662
6.67298
6.84302
6.34056
7.75938
13.6623
14.8942
7.80736
6.26694
6.27297
6.20285
2.70307
2.1359
4.69107
6.01496
6.44094
6.67589
6.77122
6.51654
6.90854
12.4739
14.8657
9.49611
6.70589
6.44464
6.86599
2.99856
2.16264
3.78578
5.99798
6.35543
6.68565
6.76815
6.57052
6.79471
11.1814
14.6734
11.2862
7.76223
6.66767
7.25342
3.1653
2.28018
2.95221
5.84076
6.29537
6.68539
6.71126
6.51217
6.64258
10.5913
14.209
13.2284
8.42683
6.95411
7.281
3.1331
2.27941
2.46851
5.51432
6.28244
6.63251
6.68856
6.75047
6.47796
9.53707
13.9113
14.5528
8.89063
7.26783
7.29845
3.16993
2.37234
2.36485
5.14267
6.2324
6.54433
6.69215
6.86551
6.61905
8.22623
13.5749
14.7298
9.27428
7.50911
7.3906
3.55489
2.48543
2.37208
4.65951
6.15685
6.52241
6.67288
6.84323
6.60803
7.786
12.5893
14.8104
9.4902
7.66138
7.42146
4.28752
2.80959
2.43412
3.76702
6.13718
6.4531
6.65095
6.84022
6.73628
7.65094
11.7735
14.659
9.60966
7.76666
7.40551
5.29283
3.00311
2.42734
2.93875
6.03435
6.40265
6.64507
6.78639
6.77756
7.22089
11.1313
14.1601
10.4314
7.60846
7.4328
6.21819
2.98386
2.47775
2.62797
5.78126
6.39683
6.6047
6.7455
6.83682
6.95167
10.1265
13.8102
11.7515
7.29861
7.7135
6.87446
2.94546
2.51241
2.43015
5.46945
6.32078
6.54698
6.73303
6.90644
6.91862
9.20184
13.4835
12.9771
6.84477
7.79644
7.31853
2.91731
2.68121
2.4162
5.01921
6.2417
6.55051
6.69527
6.88759
6.99479
8.64631
12.8465
14.1052
6.54848
7.87772
7.31859
2.91137
2.97412
2.42775
4.12813
6.21681
6.50999
6.68519
6.87176
6.95192
7.95097
12.2874
14.3129
6.25428
8.14767
7.30302
3.00578
2.91777
2.40095
3.33422
6.13187
6.4251
6.67916
6.79901
6.93052
7.51193
11.5441
14.0267
6.09692
7.922
7.31331
3.4539
2.91721
2.34978
2.86585
5.97269
6.40945
6.67625
6.74883
6.91471
7.12283
10.212
13.8801
6.16767
7.03969
7.27294
4.21233
2.91078
2.27095
2.36489
5.76158
6.32389
6.6576
6.7336
6.92506
6.86163
9.00527
13.7374
7.00543
6.20545
7.26706
5.24162
2.90791
2.32065
2.16565
5.41682
6.24492
6.65438
6.67916
6.89685
6.71601
8.01316
13.3155
8.64248
5.66237
7.25802
6.19626
2.90037
2.52323
1.99627
4.86118
6.23271
6.59764
6.67589
6.8812
6.64059
7.04478
12.6305
10.5804
5.50588
7.30567
6.8555
2.87497
2.7782
1.89074
4.10059
6.19187
6.51337
6.67277
6.83668
6.55935
6.71672
11.5191
12.1778
5.39529
7.27684
7.20681
2.85545
2.93783
1.77021
3.12812
6.13643
6.50063
6.67589
6.79621
6.73898
6.52973
10.0261
13.6091
5.34004
7.42064
7.22325
2.82401
2.8693
1.81473
2.40429
6.04147
6.40966
6.6696
6.77106
6.91849
6.60225
8.69329
13.2487
5.27305
7.85725
7.21593
2.93516
2.80231
2.03009
2.01281
5.79808
6.32368
6.65392
6.70149
6.9062
6.74288
7.7194
12.553
5.21805
6.97141
7.22243
3.44926
2.79616
1.82078
1.75707
5.05299
6.31734
6.60679
6.67001
6.89071
6.81119
6.91382
11.4793
5.26412
6.06138
7.22598
4.23308
2.79627
2.19412
1.90195
4.18297
6.27344
6.5566
6.66045
6.84317
6.87544
6.83834
10.1822
5.40354
5.62827
7.25254
5.28883
2.80267
2.51389
1.72999
3.33051
6.24851
6.5312
6.64149
6.79651
6.93186
6.83289
8.81307
5.92907
5.60396
7.25413
6.24721
2.77956
2.80561
1.76573
2.42931
6.24197
6.46522
6.63792
6.78394
6.94417
6.86851
8.0261
7.00942
5.75051
7.25613
6.8847
2.75615
2.94406
1.59895
1.846
6.09534
6.40842
6.63505
6.74213
6.92895
6.99133
7.24332
8.37581
5.71783
7.26855
7.27542
2.74644
2.83848
1.75282
1.7233
5.77094
6.39887
6.61058
6.72014
6.92521
7.03296
6.84108
9.2695
5.71669
7.14901
7.2744
2.69552
2.74608
2.07519
1.63093
4.88588
6.38032
6.55665
6.72976
6.89331
6.99113
6.536
8.11522
5.77361
6.5111
7.26175
2.77081
2.63822
2.5026
1.74553
4.04247
6.33947
6.54765
6.72332
6.85288
7.01097
6.43942
7.43181
5.77737
5.88688
7.27267
3.26657
2.56855
2.82393
1.69207
3.00664
6.36136
6.46875
6.70109
6.84957
6.9634
6.35874
7.40558
5.79647
5.73539
7.27434
4.06711
2.52169
3.0301
1.89776
2.43228
6.39243
6.41491
6.71668
6.83658
6.92563
6.44917
6.69621
5.94082
5.57614
7.26177
5.12394
2.49654
2.95537
2.02135
1.9108
5.48394
6.41451
6.7015
6.83658
6.92899
6.75021
6.58274
6.19649
5.29365
7.01646
6.11334
2.47768
2.86679
2.2123
2.11751
4.60639
6.40204
6.65135
6.83658
6.88442
6.82938
6.64829
6.61922
4.93347
6.50736
6.8077
2.47804
2.76203
2.57057
2.12906
3.85043
6.38889
6.66408
6.83658
6.84635
6.96596
6.72675
7.5375
4.63505
5.82602
7.23953
2.47804
2.63438
2.82331
2.30687
2.93981
6.39207
6.607
6.83643
6.84307
7.01297
6.84153
8.24585
4.46418
5.26335
7.24485
2.48464
2.5455
2.86788
2.33554
2.21602
6.02723
6.5475
6.8492
6.83949
7.02896
6.83358
7.26511
4.46044
4.81633
7.23574
2.61125
2.48771
2.70957
2.53393
2.36792
5.07949
6.55374
6.84349
6.84593
7.06475
6.77859
6.94837
4.64937
4.65382
7.26945
3.15995
2.48117
2.56727
2.60353
2.346
4.2444
6.50345
6.81793
6.84562
6.9942
6.81562
6.81599
5.00305
5.06512
7.30832
4.00757
2.46825
2.46611
2.61813
2.56957
3.55192
6.45565
6.82452
6.85533
6.93201
6.93973
6.7976
5.57143
5.45253
7.30417
5.08929
2.44943
2.41266
2.51187
2.48845
2.73356
6.30528
6.76457
6.87408
6.93513
6.97893
6.83426
6.2008
5.91041
7.33674
6.09443
2.43686
2.34968
2.41885
2.69136
2.62801
6.02978
6.69859
6.89254
6.90328
6.96599
6.87264
6.64642
6.3017
7.32632
6.78813
2.41196
2.28963
2.29614
2.5402
2.4577
5.12011
6.68586
6.92117
6.90553
6.99717
6.92794
6.96007
6.69393
7.34775
7.23646
2.38396
2.22676
2.18143
2.45557
2.5099
4.24325
6.611
6.92475
6.92745
7.00699
6.9661
6.99083
6.94709
7.35956
7.27143
2.34277
2.23479
2.11616
2.35167
2.3045
3.54058
6.54039
6.93145
6.93998
7.05015
6.97208
6.9797
7.11153
7.30852
7.28738
2.42396
2.29907
2.08841
2.24482
2.33636
2.82315
6.3403
6.88422
6.94626
7.13008
6.97238
6.99543
7.10246
7.24777
7.32765
2.93904
2.255
2.1199
2.18218
2.2995
2.22237
5.53184
6.82141
6.95249
7.08554
6.98547
6.99165
7.0851
7.19818
7.32464
3.79562
2.18334
2.21052
2.19267
2.29464
2.22934
4.51511
6.81241
6.94345
7.08304
7.00785
6.99502
7.08848
7.17534
7.27387
4.93708
2.10704
2.33849
2.30578
2.20652
2.01509
3.54734
6.74923
6.93981
7.02611
7.02308
7.00795
7.05565
7.14002
7.27128
6.03387
2.04744
2.4044
2.43478
2.1523
2.03791
2.68655
6.66354
6.94008
6.96344
7.07347
7.03362
7.0705
7.13496
7.25518
6.83101
2.02168
2.29028
2.56987
2.20075
1.98025
1.83212
5.93538
6.99043
6.96968
7.13925
7.04532
7.0891
7.13992
7.19782
7.34064
2.00096
2.11545
2.68923
2.30993
1.98016
1.82432
5.02864
6.97357
6.93226
7.17053
7.0606
7.0955
7.18812
7.19751
7.38433
2.0017
2.02984
2.79958
2.43942
1.92782
1.71842
3.88634
6.96719
6.93077
7.23279
7.07336
7.08115
7.20238
7.17142
7.39253
2.16166
2.00075
2.80244
2.72666
1.83462
1.65915
2.82667
6.88115
6.93435
7.15296
7.09555
7.0931
7.22604
7.20359
7.38624
2.82705
2.00035
2.6295
2.96385
1.78991
1.51944
1.9194
6.42787
6.94749
7.10134
7.12315
7.11139
7.213
7.20045
7.33266
3.81948
2.00247
2.43584
3.08451
1.84531
1.3067
1.31805
5.09903
6.96997
7.08967
7.17775
7.13659
7.20608
7.21918
7.29291
5.0281
2.01301
2.22492
3.12399
1.91497
1.09042
0.847552
3.90859
6.99165
7.07634
7.20224
7.15873
7.20109
7.23159
7.28635
6.13758
2.02207
2.11356
3.0543
2.14315
0.9293
0.567045
2.531
7.01077
7.06013
7.27117
7.19306
7.19738
7.25072
7.25123
6.91651
2.04685
2.0696
2.84893
2.52701
0.838733
0.402071
1.21337
7.04178
7.03841
7.31452
7.20866
7.229
7.31662
7.2565
7.37617
2.0828
2.05017
2.61276
2.81927
0.792913
0.444101
0.45037
7.04853
7.02609
7.21663
7.25292
7.23463
7.37395
7.26678
7.3664
2.13737
2.02201
2.37942
2.95264
1.04603
0.434447
0.442499
6.50545
7.02313
7.2108
7.28108
7.26268
7.47086
7.27856
7.36031
2.39468
1.99599
2.15052
3.06817
1.44686
0.476352
0.475126
5.27206
7.01929
7.11288
7.29953
7.29464
7.44403
7.29539
7.35076
3.08303
1.98986
2.02367
3.03804
1.86034
0.528622
0.481368
4.17673
7.02613
7.0425
7.33492
7.30899
7.41827
7.32677
7.34103
4.03507
2.01148
1.99671
2.87649
2.39887
0.660426
0.506973
3.28289
7.03805
7.03263
7.34103
7.3165
7.47483
7.36762
7.3346
5.19315
2.09163
1.99134
2.64157
2.84248
0.897731
0.589266
2.13503
6.98448
7.03278
7.30838
7.33231
7.4818
7.40846
7.35679
6.22686
2.1968
1.97213
2.36687
3.01743
1.31709
0.785432
1.75665
6.22372
7.04888
7.293
7.33511
7.4721
7.53897
7.39144
6.91483
2.369
1.94591
2.10712
3.13035
1.80187
1.08443
1.53424
4.93549
7.06984
7.24158
7.34176
7.52535
7.72544
7.40754
7.31294
2.58502
1.9335
1.97672
3.03513
2.23142
1.38924
1.49134
3.6982
7.1051
7.18769
7.35045
7.47178
7.73331
7.45262
7.31294
2.74605
1.95565
1.95694
2.82422
2.66121
1.69818
1.25551
2.61896
7.16276
7.19424
7.3298
7.42487
7.78708
7.50577
7.3066
3.06066
2.09976
1.98755
2.55706
2.97897
1.99333
1.29285
1.58715
6.75712
7.18733
7.26973
7.44004
7.76563
7.52713
7.32229
3.70052
2.30042
1.97795
2.3056
3.06619
2.31386
1.38449
1.19785
5.72286
7.1942
7.25092
7.39184
7.73316
7.62423
7.36578
4.49071
2.55473
2.00871
2.12116
3.04588
2.57796
1.60225
1.21648
4.37665
7.20672
7.20994
7.37366
7.76148
7.76368
7.37585
5.45938
2.80843
2.0471
2.06956
2.88812
2.71267
1.86711
1.20415
3.08227
7.2131
7.19746
7.37063
7.71435
7.80406
7.41783
6.34803
2.99266
2.15284
2.09182
2.67568
2.88864
2.10469
1.1735
1.9373
7.24091
7.21025
7.33639
7.63227
7.97087
7.4769
6.92922
2.91548
2.37598
2.10695
2.48019
3.0141
2.3461
1.15532
1.28643
6.50361
7.20661
7.27316
7.62936
8.15994
7.50233
7.31917
2.77379
2.63609
2.16069
2.35196
3.05753
2.49491
1.18068
1.21925
5.52433
7.20084
7.26309
7.55664
8.1001
7.61213
7.36022
2.79556
2.80083
2.24613
2.27087
3.09712
2.5785
1.23423
1.21042
4.27537
7.20048
7.22011
7.47797
8.1026
7.74706
7.37591
2.98781
2.79712
2.34886
2.31197
2.98868
2.7256
1.39798
1.24482
2.98797
7.25047
7.21274
7.47572
7.9833
7.78161
7.41111
3.47867
2.83896
2.53708
2.36812
2.8116
2.83627
1.60559
1.28548
2.01139
7.27837
7.23497
7.41848
7.84142
7.96133
7.48977
4.25938
2.81111
2.76732
2.45082
2.68572
2.86216
1.94078
1.30164
1.57203
7.22738
7.2543
7.35193
7.83171
8.10278
7.51486
5.43606
2.93871
2.94985
2.55071
2.65838
2.93783
2.29703
1.332
1.49328
7.12566
7.26655
7.35586
7.71205
8.12211
7.6248
6.42653
3.06015
3.08824
2.67695
2.68662
2.99987
2.56276
1.34364
1.39165
6.95699
7.27944
7.31763
7.61402
8.23542
7.77855
6.92343
3.71625
3.18415
2.81568
2.79028
2.99257
2.76041
1.36734
1.37149
5.86337
7.30085
7.29513
7.61423
8.23218
7.82603
7.30725
6.04352
3.20453
2.95945
2.87892
3.03067
2.7929
1.38952
1.38073
4.93714
7.33224
7.31072
7.53854
8.08139
7.96506
7.35111
7.30409
3.1889
3.01948
2.94792
3.10467
2.80969
1.53817
1.41118
3.66004
7.28725
7.32303
7.45941
8.07183
8.07208
7.35453
7.30356
3.29465
3.00125
3.00595
3.0591
2.78893
1.80513
1.46696
2.59784
7.45566
7.3166
7.46581
7.94564
8.09171
7.45879
7.30965
3.55657
2.9675
2.98858
3.05208
2.77634
2.12002
1.54169
1.8481
7.46068
7.31726
7.40902
7.78125
8.16372
7.60902
7.3072
4.13964
2.95487
2.92616
3.08974
2.7569
2.46174
1.64276
1.72716
7.56043
7.32943
7.3621
7.77352
8.21715
7.65316
7.32575
5.90189
2.93177
2.91406
3.12344
2.81972
2.72415
1.75771
1.77756
7.95149
7.35197
7.3806
7.65278
8.20171
7.795
7.32602
8.19752
3.0175
2.78465
3.06915
2.91352
2.73181
1.85285
1.85846
7.05705
7.3784
7.37359
7.54793
8.20329
7.94292
7.33276
7.54467
3.37556
2.5447
2.88942
2.92404
2.74631
1.99249
1.92071
5.91021
7.36541
7.38305
7.55116
8.07448
7.95518
7.35132
7.21596
3.81813
2.29294
2.4622
2.98046
2.70626
2.18337
1.97423
4.50914
7.33424
7.39895
7.49065
7.95459
8.0193
7.46374
6.84659
4.44776
2.19415
2.03128
3.01406
2.6897
2.40643
2.04008
3.24461
7.4608
7.32141
7.45895
7.94097
8.02869
7.46707
6.05373
5.33408
2.16003
1.73472
2.97867
2.64744
2.51598
2.01023
2.46716
8.0006
7.28732
7.4655
7.80672
8.00998
7.59929
5.01352
5.08729
2.4383
1.55937
2.65626
2.64855
2.53576
2.01587
2.07091
8.55449
7.30004
7.44649
7.69309
7.97226
7.7282
4.51835
4.0007
3.16875
1.48311
2.23383
2.60741
2.50716
2.0642
2.09071
8.58195
7.56147
7.44643
7.69325
7.919
7.72508
5.41605
3.66308
3.99462
1.43923
1.7507
2.58045
2.488
2.10343
2.14336
8.15351
7.35742
7.30249
7.58249
7.86237
7.83585
6.44625
3.33614
4.00121
1.41024
1.51291
2.58881
2.46232
2.14705
2.06909
7.81047
7.71352
7.45231
7.5067
7.81468
7.80549
7.03379
2.86777
3.11069
1.42389
1.39554
2.29611
2.43145
2.19457
2.01448
7.61856
8.12715
7.29642
7.49412
7.7832
7.74584
7.42986
2.97227
2.36614
1.61681
1.4487
1.99791
2.42591
2.25096
2.0036
7.09922
8.53553
7.44321
7.44603
7.72289
7.69892
7.4958
3.81733
2.25483
1.95087
1.44378
1.75279
2.41149
2.26344
2.08805
6.60144
8.94862
7.2708
7.42098
7.70704
7.64786
7.48931
4.82541
2.44157
2.625
1.49665
1.52006
2.36057
2.29961
2.14273
5.9736
8.8732
7.41724
7.40575
7.66728
7.58801
7.57062
5.98381
2.28579
3.9485
1.49066
1.48861
1.98164
2.30797
2.16123
5.10098
8.6404
7.5965
7.1964
7.53251
7.5216
7.65006
6.69734
2.07966
5.60306
1.73258
1.50636
1.66211
2.32756
2.20008
4.22394
8.3877
7.78344
7.23143
7.49156
7.47448
7.52933
7.22068
1.88698
4.91021
1.94425
1.37393
1.50564
2.33064
2.2023
3.43318
8.11802
7.99657
7.14832
7.38975
7.41126
7.47577
7.32315
2.15778
3.39847
2.10482
1.23561
1.28987
2.20058
2.22382
2.74223
8.06791
8.46859
7.05781
7.35212
7.35852
7.3743
7.37993
3.24611
2.29925
2.21422
1.23841
1.16801
1.84471
2.23601
2.38017
7.93283
8.42766
7.00836
7.07696
7.36669
7.32028
7.37078
4.83418
2.61212
2.49153
1.35485
1.09366
1.60534
2.15967
2.19305
7.87746
8.72438
6.99915
6.93326
7.33219
7.27393
7.37711
6.79695
2.90134
2.83353
1.31008
1.06406
1.33417
2.15758
2.07109
7.85358
9.06035
6.96026
6.8441
7.38857
7.24878
7.36735
7.17163
2.82486
4.06544
1.201
0.987937
1.03971
1.9733
1.83027
7.72509
8.86651
6.90166
6.81162
7.3607
7.22173
7.41714
7.32989
3.23282
6.27956
1.12189
0.919354
0.889095
1.63956
1.58786
7.43087
8.70623
6.82282
6.74095
7.09496
7.20972
7.321
7.31706
4.1464
4.75811
1.08062
0.938635
0.866373
1.38527
1.35264
7.1475
8.47174
7.19165
6.80263
7.0379
7.20728
7.24208
7.28531
5.24896
4.99692
1.08437
0.885333
0.82079
1.09117
1.52403
6.76569
8.16088
7.43091
6.61555
7.06021
7.2037
7.21975
7.25639
5.70093
5.43365
1.08925
0.846493
0.826418
0.8597
1.66135
5.97723
8.13027
7.79792
6.79369
6.991
7.20983
7.19087
7.23498
5.92514
5.52264
1.17673
0.855033
0.818296
0.792175
1.47375
5.52931
8.00698
7.87214
6.58506
6.86549
7.23206
7.18796
7.21591
5.84247
5.79298
1.41245
0.898833
0.819299
0.779567
1.47203
5.21121
7.91356
8.22507
6.61438
6.88071
7.23139
7.17835
7.25057
4.88719
6.44615
1.94067
0.959907
0.831739
0.834846
1.49303
4.86937
7.96266
8.63924
6.47589
6.69074
7.07114
7.16582
7.21381
3.89912
5.00353
3.16742
0.984496
0.869758
0.91796
1.12863
4.79072
7.86517
8.69996
6.35056
6.45296
7.07634
7.15002
7.20098
3.3993
3.54377
4.74557
1.07276
0.911134
1.01161
0.984022
4.73636
7.52795
8.8017
6.39317
6.20735
7.04931
7.13786
7.15954
4.43866
3.51091
6.25294
1.17168
0.972041
1.0641
1.077
4.76507
7.22705
8.6216
6.34694
6.03361
7.0194
7.12181
7.12198
5.89286
3.94106
7.56038
1.27374
1.02604
1.08656
1.1847
4.35464
6.86913
8.37229
6.65821
5.8375
7.04295
7.05759
7.10051
6.62703
4.31533
6.91185
1.37343
1.09602
1.10061
1.29097
3.81982
6.11657
8.35883
7.14056
5.62219
7.0054
7.05986
7.08119
7.18038
4.23783
5.12507
1.55629
1.15203
1.15536
1.32326
2.90505
5.61746
8.22307
7.32549
5.33426
6.35299
7.00484
7.05916
7.17455
5.16774
4.94647
1.87167
1.20025
1.19759
1.35501
2.12249
5.20868
8.15029
7.7553
5.08599
5.44889
7.06783
7.04846
7.19081
7.44893
6.00261
2.88482
1.23672
1.21948
1.37959
1.74744
4.45705
8.18156
8.20078
4.80129
4.89506
6.96432
6.94494
7.19363
7.73929
6.96709
4.26601
1.25011
1.22223
1.39594
1.57306
3.91477
8.10815
8.29237
4.70415
4.51087
6.98413
7.04161
7.16338
7.19056
7.26618
5.55029
1.28093
1.18164
1.37478
1.50001
3.44275
7.75617
8.62292
4.96635
4.25137
6.56072
6.90467
7.10992
7.18417
8.08388
7.00645
1.40085
1.15176
1.39084
1.46352
2.79847
7.019
8.60887
5.20005
4.02433
5.8781
7.08306
7.10971
7.16926
9.23077
8.07348
1.55202
1.10042
1.43556
1.43214
2.35078
6.18594
8.45907
5.76956
3.78645
4.87769
6.91757
7.04004
7.15647
11.2625
8.97172
1.8383
1.09779
1.48441
1.47782
2.13346
4.96285
8.47265
6.39718
3.51446
4.08655
6.99635
7.04222
7.14984
12.0675
10.5424
2.1918
1.14603
1.52288
1.49986
1.8647
3.88929
8.39417
6.7002
3.27016
3.51984
6.22004
6.85769
7.13725
10.181
12.0735
2.58637
1.24976
1.62095
1.4887
1.79945
3.18308
7.82282
7.19614
3.20073
3.0423
5.51839
6.94497
7.12872
8.5321
13.8132
3.64103
1.38704
1.94404
1.42963
1.81317
2.69368
6.99561
7.7014
3.16225
2.86137
4.79732
6.86734
7.12228
7.66002
15.3619
5.23702
1.65274
2.27152
1.44718
1.76628
2.49158
6.12148
7.87209
3.52311
2.69509
3.93833
7.06584
7.09268
7.13766
15.9019
7.36035
1.99831
2.27515
1.57422
1.74779
2.41244
4.86372
8.23848
4.03471
2.54189
3.31478
7.28143
6.88621
7.12826
15.8359
9.71405
2.3959
2.38431
1.70947
1.7733
2.27081
3.86266
8.56776
4.41092
2.37418
2.82956
7.82703
7.08962
7.12493
15.3286
12.2952
3.01519
2.77233
2.38327
1.94592
2.14628
3.43052
7.75792
4.99332
2.2506
2.34409
7.8721
6.8949
7.10588
13.9444
14.1564
3.842
3.23639
3.22961
2.0292
2.10817
3.11166
6.77765
5.63309
2.16544
2.18872
7.00418
7.08926
7.09279
12.3225
15.2817
5.09046
3.67861
4.44263
2.06215
2.06726
2.92908
5.82378
5.99823
2.22803
2.08751
6.16003
6.90815
7.0683
10.3708
15.763
6.59149
4.09166
6.21174
2.19146
2.09343
2.86316
4.53077
6.5801
2.45348
2.04256
5.26338
7.87835
7.06748
8.59514
15.7098
8.11457
4.44076
7.90234
2.93435
2.13309
2.63268
3.64398
7.143
2.59201
1.98855
4.22298
8.69676
6.90524
7.62972
15.6835
9.80515
4.81621
8.35502
4.35914
2.22054
2.44411
3.28678
7.24058
2.9537
1.94138
3.46406
9.13697
7.06422
7.0681
15.6269
11.708
5.15322
7.16256
5.66355
2.36793
2.41851
3.20376
5.86153
3.42219
1.90315
2.89389
8.95028
6.90744
7.07484
15.5617
13.22
5.50255
6.44931
7.05154
2.65989
2.44353
3.08395
4.79353
3.77818
1.86583
2.33777
8.55009
7.64
7.10249
14.5516
14.553
5.79929
6.06171
8.2903
3.01699
2.45322
3.13465
3.61582
4.32959
1.87705
2.0822
7.92319
8.53659
6.94522
12.6048
15.5146
6.20351
6.09729
8.53552
3.36474
2.57542
2.88722
3.05626
4.96271
1.85193
1.93058
6.96295
9.58204
7.21611
10.9501
15.4089
7.43892
6.47273
8.76984
3.58756
2.58579
2.70324
2.58282
5.13003
1.95427
1.77185
5.99162
9.58562
6.98718
9.08116
15.3306
9.03844
6.92754
8.96831
3.74477
2.57613
2.64524
2.26893
3.8021
2.15482
1.7347
5.02002
9.67042
7.03942
7.56981
14.4003
10.567
7.39906
9.20987
3.76155
2.79232
2.63677
2.12714
2.68917
2.25206
1.72095
3.93615
9.77135
7.15447
6.76758
12.0161
12.2878
7.83713
9.89744
3.52354
3.0918
2.75034
2.13574
2.02715
2.56518
1.69507
3.14743
9.78026
7.90253
5.96231
9.34595
13.834
8.22556
9.86678
3.16607
2.83237
2.9062
2.35139
2.11541
2.96423
1.65434
2.56098
9.53293
8.71325
5.25164
6.85152
14.9221
8.60308
9.34537
2.97415
2.38442
3.06692
2.81316
2.29898
3.24224
1.61954
2.02502
9.18399
9.42258
4.31942
4.4463
15.4184
8.94129
9.1355
3.07969
2.15429
3.31254
3.37375
2.46435
3.69335
1.5879
1.76309
8.62543
9.92112
4.10928
3.46021
14.1767
9.58127
9.28317
3.16845
1.97961
3.55496
3.52294
2.56738
3.99821
1.56674
1.64867
7.62526
9.93245
5.382
2.7906
11.539
10.9562
9.6268
3.82525
1.87628
3.11437
3.78446
2.60561
3.06761
1.57171
1.54109
6.49335
9.96566
6.98647
2.4627
8.76249
12.3373
9.95609
5.11572
1.90067
2.56897
4.06993
2.65384
2.73857
1.55589
1.51859
5.24792
9.98663
8.61231
2.49819
6.25172
13.411
10.1184
6.58735
1.92629
2.38895
4.47509
2.91029
2.77455
1.65849
1.48675
3.92047
10.0224
9.64441
2.55372
3.76414
14.3096
10.2645
8.46658
1.91743
2.07809
4.78326
3.24217
2.88157
1.82976
1.4525
2.9237
10.125
10.028
2.64803
2.67006
11.7986
10.4063
10.4793
2.09302
1.99407
5.29152
3.34425
2.85972
1.90576
1.4179
2.24763
10.1944
10.0393
3.12178
2.64894
9.0073
10.6434
10.7975
2.94634
2.15681
4.91806
3.68982
2.9195
2.16892
1.39187
1.71908
9.74064
10.05
4.06997
2.56008
6.22646
11.263
10.9498
4.49457
2.29201
4.09262
4.07519
3.02849
2.58398
1.34781
1.51489
8.68613
10.0358
5.61333
2.39714
3.69147
12.1939
10.9731
5.83796
2.42142
3.34184
4.19727
3.09933
3.16885
1.33269
1.41944
7.19386
10.0445
7.54074
2.40639
2.37523
12.3803
10.9689
7.33786
2.68813
2.97344
4.48654
3.17481
3.09481
1.34607
1.31684
5.74065
10.1912
9.25543
2.63358
2.42276
9.85736
11.0147
8.95447
3.10995
2.98893
5.19003
3.2488
3.13474
1.35454
1.31946
4.40897
10.2692
10.1272
2.87925
2.5514
7.08562
11.1367
10.049
3.73035
2.9832
5.96817
3.53808
3.14433
1.45144
1.31761
3.18966
10.5076
10.1456
3.07893
2.5825
4.43647
11.3367
10.7425
4.363
3.01377
6.27145
3.588
3.21406
1.66436
1.31093
2.39629
10.4945
10.1946
3.16478
2.49242
2.70755
11.4867
11.4196
5.10658
2.89952
5.06934
3.55103
3.2468
2.12669
1.29775
1.93316
9.72824
10.1884
3.59894
2.57918
2.40286
9.89187
11.5488
5.93678
2.87253
3.48952
3.56769
3.21473
2.98744
1.29636
1.5589
8.86767
10.2142
4.85419
2.83715
2.37012
7.35118
11.6993
6.77399
2.86601
2.69694
4.14846
3.22074
3.54157
1.33148
1.43444
7.87059
10.3352
6.61551
2.94583
2.39026
4.60798
10.7867
7.50881
3.86489
2.66253
4.96502
3.30206
3.34041
1.35473
1.3769
6.65361
10.5557
7.98377
2.80753
2.42385
2.70477
8.85797
8.87384
5.78704
2.63572
6.39259
3.12618
3.44532
1.43473
1.38017
5.461
10.6364
9.32064
2.71001
2.57865
2.3998
6.50559
10.6196
7.69772
2.38979
6.65162
2.96813
3.50971
1.65902
1.39601
4.29989
10.3424
10.3519
2.64346
2.85112
2.35212
3.84705
11.0677
8.64359
2.1832
4.7357
2.866
3.5696
2.47882
1.43941
3.17762
10.1485
10.4178
2.61219
2.69689
1.8632
1.9383
8.73667
8.97579
1.97852
2.90981
2.89831
3.67301
3.39262
1.46251
2.38321
9.93254
10.3043
2.61572
2.64589
2.03695
1.74377
6.68529
9.29502
1.84739
2.04111
2.99506
3.45659
3.83991
1.47989
1.90761
9.49846
10.4664
2.96235
2.63384
2.34381
1.63697
4.62838
9.60132
2.34745
1.81419
3.0852
3.06207
3.84168
1.53102
1.59672
8.9473
10.2705
3.87561
2.6149
2.67026
1.40596
2.4731
10.0221
3.3371
1.86629
3.1573
2.93077
3.94599
1.63478
1.60948
8.0759
10.1035
5.36196
2.64191
2.71001
1.28912
1.34454
9.90854
5.16938
1.94964
3.82856
2.94904
4.0834
2.2191
1.68855
6.86151
10.0318
6.89649
2.69542
2.66856
1.71589
1.52593
7.68565
7.3846
2.21826
4.93972
3.12395
4.14631
3.08195
1.77677
5.61963
9.94401
8.48984
2.72462
2.58636
2.17471
1.51188
5.70128
9.48663
2.76608
5.62165
3.46057
4.16826
3.72247
1.88251
4.43718
9.88774
9.72666
2.68024
2.51744
2.48448
1.45837
3.63406
11.0011
3.49078
4.57694
3.90741
4.21915
4.29755
1.93741
3.28703
9.84527
9.83383
2.67118
2.5284
2.64305
1.68711
2.04929
11.5555
4.43586
4.5726
4.43025
4.35016
4.2995
2.01913
2.54507
9.99257
9.75403
2.6817
2.61349
2.66583
1.9434
1.82399
10.3307
5.71592
4.78096
4.96797
4.60131
4.25916
2.15441
2.25867
9.71213
9.6509
3.05233
2.74453
2.78854
2.3548
1.76264
8.49849
7.52014
4.75877
6.08119
4.67589
4.25823
2.51596
2.33959
8.83076
9.56518
4.10271
2.91097
2.94966
2.74368
2.02944
6.94749
9.18161
4.77089
6.28624
4.81045
4.29414
2.78829
2.43998
7.71923
9.44972
5.63622
3.08807
3.12498
3.04868
2.69662
5.5625
10.7497
4.82822
5.35245
5.2883
4.37405
3.22826
2.54388
6.2488
9.50912
7.03179
3.21165
3.23866
3.27236
3.48342
4.66786
11.0826
4.96996
4.99512
6.129
4.43327
3.79656
2.59281
4.93478
9.80143
8.24136
3.29065
3.29122
3.37176
3.93379
4.98353
11.0173
6.28957
5.14149
7.34094
4.5209
3.97104
2.62855
3.90923
10.118
8.9567
3.31656
3.30419
3.35189
3.88842
5.94739
10.6924
8.04764
5.36738
8.28341
4.73017
4.06766
2.67423
3.20156
9.96651
9.06305
3.28288
3.30181
3.34594
3.60282
7.14362
10.2508
10.0023
5.62609
7.5229
5.23984
4.32139
2.72306
2.96637
9.38449
8.97121
3.25339
3.27008
3.314
3.36825
7.8111
9.37524
11.1118
5.70773
6.5698
5.78302
4.35386
2.68048
2.79381
8.42146
9.10514
3.46516
3.23186
3.28774
3.32955
8.23889
8.78162
11.6584
5.89033
6.12456
6.05686
4.4293
2.65952
2.58388
7.31744
9.4921
4.15601
3.25046
3.30518
3.31555
8.16442
8.33577
11.6844
6.80443
6.14767
6.31951
4.52627
2.59643
2.53654
6.1616
9.94056
5.18064
3.26928
3.30711
3.33838
8.10734
8.10361
11.7183
8.73345
6.27316
6.36762
4.56382
2.64747
2.4843
5.00331
9.97994
6.24668
3.28196
3.27214
3.35309
7.9016
8.12775
11.6735
10.7959
6.3099
6.30877
4.79452
3.03788
2.4111
4.30076
9.5011
7.5053
3.284
3.27128
3.37051
7.64028
8.16041
11.5878
11.9015
6.22964
6.92519
5.30192
3.5005
2.33561
3.8296
8.7949
8.60518
3.29054
3.27569
3.25815
7.19306
8.16833
11.0129
11.5694
6.19533
6.45616
5.89889
4.12295
2.29157
3.28657
8.05921
9.38705
3.31443
3.26965
3.22993
6.25643
8.13727
9.89428
10.9154
6.88335
5.84146
6.06837
4.59491
2.21984
2.92281
7.27344
9.8276
3.33207
3.26315
3.18348
5.34917
8.08852
9.1427
10.3036
8.58284
5.45935
5.62668
4.70155
2.14227
2.59873
6.36433
9.83578
3.57122
3.27328
3.20794
4.56074
7.95021
8.58237
9.77849
10.5706
5.6122
4.98257
4.97084
2.12643
2.11939
5.68735
9.37039
4.373
3.28954
3.26093
3.82219
7.89843
8.03449
9.47671
10.5984
5.9391
3.99477
5.50787
2.29615
2.07282
5.24453
8.79321
5.68344
3.30433
3.25971
3.4393
7.73974
7.96854
9.66405
10.0124
6.13776
3.36045
6.05217
3.02472
2.03478
4.65752
8.2138
7.04743
3.30648
3.27004
3.33746
7.52425
7.90768
10.3716
10.4104
7.25853
3.06804
7.07417
3.95327
1.9905
4.00927
7.61186
8.4866
3.28757
3.26798
3.28032
7.50988
7.86075
9.74959
11.1475
9.19341
3.21414
7.80077
4.79736
1.90919
3.40255
6.9577
9.63904
3.26268
3.25133
3.28001
7.42155
7.82972
9.01751
11.5108
11.4491
3.8156
6.31975
5.73512
1.90767
2.6924
6.53273
9.20904
3.22572
3.25436
3.30276
7.38539
7.76768
8.06241
11.6848
13.2658
4.68509
5.33496
6.60262
1.93518
2.09964
6.25213
8.65253
3.20375
3.22621
3.28207
7.3179
7.72306
7.817
11.6424
13.8509
5.68022
5.72224
7.17914
2.25195
1.98943
6.00713
8.16047
3.46187
3.18525
3.24591
7.19919
7.68968
7.7006
10.9025
13.7819
7.5496
6.7917
7.99305
3.25322
2.08013
5.71886
7.71772
4.34053
3.17856
3.24031
6.59637
7.57937
7.66944
10.1374
13.7607
9.41689
7.90499
8.88515
4.15384
2.15876
5.0638
7.16957
5.70173
3.16885
3.23089
6.0182
7.46934
7.63468
9.40555
13.5395
11.4803
8.95777
9.50259
5.31479
2.21825
4.14507
6.83015
6.98146
3.17896
3.23082
5.38012
7.43172
7.56869
8.32946
13.3135
13.3018
9.68993
10.3037
6.53858
2.25807
3.29893
6.58865
8.19005
3.20733
3.20856
4.56988
7.31047
7.54007
7.74936
13.0662
13.8376
10.1987
10.4885
7.33624
2.24741
2.60262
6.35619
7.8361
3.2359
3.213
3.98992
7.24467
7.49636
7.45165
12.1314
13.7103
10.6642
10.7081
7.96213
2.41911
2.19808
6.27585
7.43543
3.25835
3.21275
3.66074
7.22575
7.43666
7.40013
11.0785
13.3745
11.1504
11.1982
8.72013
2.93568
2.18422
6.14421
7.00225
3.24316
3.19677
3.3673
7.08572
7.36449
7.36679
10.0449
12.9943
11.6665
11.6076
9.309
4.02638
2.21723
5.62669
6.78034
3.42672
3.2034
3.2658
6.96853
7.31435
7.358
8.74881
12.6351
12.0615
11.8396
10.0855
5.42869
2.36946
4.87184
6.56758
4.10268
3.23893
3.29013
6.93669
7.24793
7.32627
7.9328
12.7768
11.8373
11.8546
11.016
6.68585
2.51708
4.13011
6.33808
5.15998
3.22991
3.26524
6.85131
7.17026
7.29498
7.46993
12.8952
11.2017
11.4997
11.7725
7.95488
2.61684
3.28607
6.30633
6.04863
3.18467
3.24972
6.82029
7.12406
7.25384
7.28897
13.362
10.4305
10.7046
12.6514
9.0768
2.5852
2.72885
6.30488
6.59816
3.18113
3.24114
6.8168
7.05465
7.17549
7.27567
12.7146
9.99314
10.1046
12.7577
9.83529
2.80091
2.56475
6.32076
6.48021
3.25843
3.22228
6.80695
6.97395
7.12167
7.25042
11.2702
10.0021
9.70593
11.5277
10.7032
3.58558
2.53157
6.15972
6.3119
3.266
3.18664
6.77517
6.94781
7.03938
7.21224
10.2876
10.4445
9.11537
10.3515
11.658
4.61156
2.52498
5.84328
6.22479
3.17742
3.1935
6.74914
6.86699
6.99143
7.20002
9.31929
10.6539
8.29206
9.3896
12.1906
6.13283
2.53948
4.82543
6.19609
3.20846
3.03227
6.67735
6.79207
6.94115
7.16538
7.86477
11.3432
7.30201
8.09401
12.826
7.76644
2.58768
3.7727
6.17486
3.53044
2.89344
6.52117
6.75974
6.90214
7.06494
7.29792
12.2507
6.4158
6.52554
13.2711
9.20199
2.5957
3.11221
6.13686
4.14962
2.91492
6.45502
6.69917
6.86514
7.00182
7.14786
12.3739
6.31679
5.79838
13.364
10.7262
2.59543
2.60073
6.13709
4.74189
3.14967
6.30966
6.6064
6.83375
6.91038
7.07663
11.2178
6.92976
5.65862
13.1038
11.9845
2.69417
2.58409
6.26951
5.36747
3.48253
6.2122
6.59049
6.81465
6.85033
7.06141
10.2424
7.53342
5.7476
12.0496
12.6645
3.35234
2.53658
6.32749
6.01042
3.85374
6.18084
6.47348
6.78217
6.81169
7.0262
8.66259
9.10834
6.02532
10.3473
13.403
4.45924
2.51762
5.55659
6.07063
4.22711
6.07447
6.34417
6.75943
6.78898
6.9664
7.50692
11.1427
6.43054
9.2477
13.5389
5.75159
2.52907
4.54054
6.06499
4.4687
5.85361
6.31135
6.65149
6.78608
6.93226
7.10854
12.3455
6.97888
8.84882
13.5764
7.48195
2.5478
3.53072
6.03035
4.49929
5.46871
6.20231
6.55311
6.7707
6.87558
7.00968
12.0421
7.36352
8.61236
13.6881
9.33949
2.66504
3.04025
6.27454
4.35428
