0
0
0
0.00904141
3.39071
7.68924
7.87502
8.36467
5.46581
8.84172
15.4449
9.93122
6.94657
3.344
0.018863
0.0901076
0
0
0.00312061
1.7198
7.65788
7.60874
9.04921
5.44936
8.54381
15.3945
12.2977
7.02126
3.53458
0.0248256
0
0
0
0.00312061
0.252505
7.31532
7.50219
8.85431
5.26206
8.22103
15.283
14.2446
7.1161
3.78493
0.110099
0
0
0
0
0.0410416
6.27535
7.50204
8.29785
5.6263
7.74291
15.0471
15.4982
7.42652
4.09663
0.424959
0
0
0
0
0.0216074
4.7078
7.56945
7.72803
6.70687
7.40899
13.837
15.4371
7.75411
4.56071
1.02931
0
0.164737
0
0
0.00321813
2.84924
7.71616
7.70319
7.62965
7.04962
12.1138
15.3432
7.83013
5.88533
1.83901
0
0.579889
0
0
0.00321813
0.993677
7.7165
7.95612
8.31454
6.66576
10.145
15.2022
8.11085
7.79596
2.71746
0
0.794376
0
0
0
0.0569929
6.82816
8.0861
8.60045
6.34665
8.30077
15.2597
9.1123
7.91434
3.38569
0
0.385966
0
0
0
0.0410973
5.73002
7.92271
8.76045
6.07867
7.0645
15.2908
10.1543
8.27744
3.8318
0
0.121133
0
0
0
0.0188072
3.97162
7.83897
8.78621
5.9717
6.29753
15.2892
11.6483
8.71202
4.19766
0
0
0.310932
0
0
0.00624122
2.12239
7.60662
8.92123
6.63018
6.31015
15.2773
13.1708
9.13572
4.16665
0.00649198
0
0.860479
0
0
0.00624122
0.420195
7.4105
9.07113
7.68997
7.0382
15.1442
14.3486
9.50606
4.35588
0.0157841
0
1.35911
0
0
0.00582328
0.0342849
6.15132
8.13074
8.12363
7.77171
14.4126
15.2714
9.71241
5.24503
0.126329
0
1.65076
0
0
0
0.0213567
4.61828
7.86328
8.40546
8.36257
13.5784
15.3859
9.83032
6.94058
0.435895
0
1.21826
0.0844372
0
0
0.00582328
2.9142
7.77126
8.51265
8.446
12.3025
15.1696
9.67967
8.97772
1.08369
0
0.76558
0.537608
0
0
0
1.18693
7.63465
8.75956
8.53189
11.0489
15.0492
9.50658
9.83145
1.74493
0
0.305123
1.06755
0
0
0
0.0507517
6.94079
8.74368
8.63396
10.5141
14.809
9.30454
9.39207
2.25196
0
0.0785725
1.59354
0
0
0
0.0377677
5.86121
8.84773
8.73525
10.2683
14.2725
9.63591
9.13119
2.82645
0.00321813
0
2.10899
0
0
0
0.025355
4.13844
8.26176
8.85773
9.76029
13.7486
10.5559
8.86701
3.37416
0.0120088
0
2.02356
0.288865
0
0
0.0156448
2.3157
7.60696
8.85215
9.18853
12.7789
11.62
8.57457
3.40722
0.0278069
0
1.72468
0.813085
0
0
0.00321813
0.629652
6.74405
8.47754
8.96155
11.8174
12.9776
8.25369
3.68147
0.122623
0
1.33494
1.36889
0
0
0.00321813
0.0351069
5.76844
8.1852
8.30607
11.233
14.2498
7.97891
4.53699
0.718785
0
0.943399
1.88409
0
0
0
0.012162
4.36446
8.01446
8.06725
10.7845
13.6157
7.72759
5.86528
1.72798
0
0.568856
2.43357
0.0989955
0
0
0
2.75686
8.543
8.03209
9.74241
13.1353
7.47278
7.79009
2.52172
0
0.230549
2.37304
0.463633
0
0
0
1.26576
8.61533
8.12534
9.29746
12.5549
7.1649
9.43248
3.14001
0
0.0720248
2.28679
0.991809
0
0
0
0.195902
7.71859
8.38
9.07081
12.0133
6.87782
8.64213
3.76953
0
0
2.1768
1.53056
0
0
0
0.00321813
6.54475
8.76086
8.88118
11.4623
7.47085
7.74911
3.84905
0.00291164
0
2.03882
1.99307
0
0
0
0
4.60932
8.51217
8.7974
10.6049
8.79412
6.97227
3.71071
0.00603225
0
1.76724
2.40422
0.140065
0
0
0
2.62705
8.29604
8.90988
9.31658
10.5752
6.80634
3.97251
0.158733
0
1.38811
2.39002
0.436481
0
0
0
0.754979
8.23825
9.02388
9.0957
12.3882
6.69167
4.37923
0.713296
0
0.968405
2.33118
0.808836
0
0
0
0.0282666
7.13533
8.40495
8.95902
11.3443
6.43914
4.91533
1.53382
0
0.554437
2.17952
1.36203
0
0
0
0.018654
5.63923
8.23393
9.06167
10.5605
6.2229
6.07988
2.56631
0
0.220616
2.1168
1.92873
0
0
0
0.00955686
3.66582
8.23818
9.05721
9.68394
6.05377
7.58267
4.19056
0
0.0622032
1.99881
2.37182
0.626838
0
0
0.00312061
1.69852
8.32687
9.08452
9.31406
5.7983
7.9386
5.43559
0.00291164
0
1.83142
2.6219
1.35198
0
0
0.00312061
0.220895
8.0321
9.1764
9.42434
5.5714
6.97566
5.53594
0.00633874
0
1.79176
2.51378
2.10994
0
0
0
0.0343406
6.64213
9.20549
9.44816
5.70334
6.16735
5.83108
0.012162
0
1.65027
2.27849
2.88963
0
0
0
0.0154777
4.65483
9.10964
9.35814
6.54162
6.31851
6.38437
0.127973
0
1.39027
2.13964
2.88105
0.482412
0
0
0.00643625
2.78416
8.82537
9.63245
8.10592
7.39374
6.66685
0.696119
0
1.11268
2.037
2.76547
1.67014
0
0
0
0.958362
8.51219
9.99978
9.79737
8.15624
7.25727
1.3697
0
0.781532
2.00764
2.80079
2.76005
0
0
0
0.031638
7.37248
9.52081
11.7159
8.10559
8.13426
1.97755
0
0.35678
2.08621
2.74175
3.78811
0
0
0
0.0159931
6.11461
9.38527
11.8732
8.05853
8.46192
3.18034
0
0.108037
2.1566
2.58616
3.81188
0
0
0
0.00643625
4.4074
9.13027
11.3016
8.17346
8.2295
5.11681
0.00291164
0
2.2321
2.5194
3.69569
0.215768
0
0
0
2.35546
8.97083
10.632
8.71187
8.45706
6.61721
0.0182918
0
2.32842
2.51826
3.48828
1.16796
0
0
0
0.459343
8.90441
10.2655
9.41731
8.71408
7.58974
0.0442597
0
2.31729
2.52293
3.33404
2.56106
0
0
0
0.0419193
8.10401
9.69868
9.79673
8.85958
8.52729
0.171577
0
1.92512
2.57145
3.12162
3.91519
0
0
0
0.0228055
5.72591
9.08837
10.1416
8.66015
9.1355
1.06487
0
1.47252
2.56717
2.93688
4.21973
0.14267
0
0
0.00643625
3.17552
9.11937
10.7434
8.43769
9.25083
3.09286
0
1.01166
2.62474
2.84892
3.85739
0.894625
0
0
0
1.13115
8.97133
10.3465
8.26845
9.45055
5.38724
0
0.45416
2.67046
2.76836
3.62216
1.68351
0
0
0
0.0447612
8.79507
10.0495
8.40392
9.19875
7.04226
0
0.12768
2.68631
2.73482
3.52072
2.27841
0
0
0
0.02555
8.90598
9.29337
8.48222
8.52421
8.66629
0.00582328
0
2.64864
2.76656
3.3955
3.07186
0
0
0
0.00654771
8.25795
8.97537
8.55979
8.64357
8.8382
0.0158956
0
2.509
2.7509
3.26731
4.22964
0.489003
0
0
0
5.86149
8.81438
8.4376
8.7933
8.7824
0.0307742
0
2.15334
2.75838
3.25222
4.91308
1.34211
0
0
0
3.36885
8.72964
8.34974
8.38515
8.9455
0.238267
0
1.61227
2.73043
3.15481
4.63005
2.14127
0
0
0
0.996004
8.87245
8.58089
8.39128
9.16299
1.13288
0
1.09361
2.73727
2.99913
4.40114
2.90834
0
0
0
0.0352183
8.10816
8.92013
8.43658
8.9939
3.32892
0
0.618423
2.63934
2.93954
4.12582
3.67265
0.0611444
0
0
0.0220393
6.15168
9.28594
8.41398
8.90794
5.73484
0
0.243143
2.4354
2.89647
3.85848
3.85256
0.393865
0
0
0.00894389
4.08449
9.48482
8.45954
9.45894
7.91948
0
0.0622032
2.07657
2.87749
3.71834
3.99133
0.869813
0
0
0.00894389
1.98455
9.22002
8.601
9.29678
8.66006
0.00582328
0
1.68865
2.85846
3.50783
4.41161
1.51308
0
0
0.00582328
0.258105
8.59619
8.74705
9.08958
8.61059
0.0217189
0
1.42456
2.82029
3.33587
5.16573
2.29788
0
0
0
0.0153801
7.2205
8.81341
8.89637
8.57388
0.0371547
0
1.15323
2.60231
3.26718
4.94267
3.05829
0.190789
0
0
0.00321813
5.35739
9.03364
8.86481
8.69741
0.314847
0
0.856217
2.38115
3.16481
4.55493
3.60219
0.735822
0
0
0.00291164
3.19458
9.47209
8.62666
8.80283
1.54782
0
0.620346
2.03372
3.05517
4.25406
3.97791
1.27988
0
0
0
1.06228
8.99293
8.46165
9.08017
3.60126
0
0.403743
1.54261
3.01249
3.91275
4.14825
1.89288
0
0
0
0.028782
7.80287
8.21294
9.71785
5.14431
0
0.161965
1.15692
2.82281
3.64054
4.36168
2.7306
0
0
0
0.0155891
5.91569
8.23145
8.86531
6.61882
0
0.0425601
0.838942
2.52078
3.48341
4.9076
3.51479
0.616891
0
0
0.0122595
3.67932
8.64311
8.45511
8.1291
0.00291164
0
0.560149
2.24061
3.32449
5.26207
3.88739
1.52157
0
0
0.00582328
1.87065
8.80186
8.8877
8.80686
0.00612977
0
0.376897
1.83362
3.15981
4.93137
4.1503
2.26123
0
0
0.00582328
0.380839
8.56287
8.66071
8.92669
0.0224294
0
0.268289
1.31784
3.03663
4.55078
4.48659
2.82886
0
0
0.00582328
0.0217746
8.7344
8.35112
9.5597
0.239395
0
0.186568
0.933619
2.79214
4.22575
4.75469
3.38685
0
0
0
0.0159513
6.56933
8.24834
9.75267
1.47589
0
0.149371
0.625403
2.49564
4.0356
4.7597
3.14347
0.122289
0
0
0.00582328
4.09517
8.30579
9.51958
3.65696
0
0.104289
0.382818
2.15145
3.77645
4.81394
2.86182
0.763643
0
0
0.00582328
1.54561
8.40473
9.77151
5.86174
0
0.0520472
0.270768
1.68656
3.47987
5.29995
2.6115
1.61033
0
0
0.00582328
0.0344939
8.4465
9.93766
7.69919
0
0.025745
0.250944
1.22886
3.26424
5.14112
2.50933
2.45521
0
0
0
0.0312339
7.65822
9.57574
9.19516
0.0116466
0
0.257492
0.860341
2.97323
4.80223
2.53634
2.59246
0
0
0
0.0157006
5.55907
9.03756
9.11128
0.0308717
0
0.297837
0.530043
2.64257
4.48657
2.63715
2.27313
0.200902
0
0
0.00624122
3.11132
9.0662
9.06755
0.033254
0
0.364665
0.355763
2.36983
4.11355
3.20328
2.34958
0.573648
0
0
0.00624122
0.810049
8.9407
9.0636
0.323234
0
0.564454
0.442332
2.0438
3.76866
4.14418
2.50466
1.11939
0
0
0
0.0223319
7.75272
9.18799
1.55011
0
0.740671
0.535644
1.67841
3.49895
4.88124
2.74712
1.53546
0
0
0
0.0128725
5.78948
9.15492
3.30279
0
0.46316
0.651399
1.33786
3.15845
5.35638
3.10581
2.09649
0.148494
0
0
0.00904141
3.65262
8.7557
4.39805
0
0.204414
0.762417
1.07086
2.84886
5.05204
3.42894
2.77482
0.757235
0
0
0.00582328
1.59576
8.66947
6.01717
0
0.0687509
0.938481
1.02313
2.60101
4.55235
3.808
3.26949
1.37213
0
0
0
0.186609
8.02673
7.71664
0.0122595
0
1.02165
1.05183
2.32914
4.07022
4.02072
3.5413
1.72609
0
0
0
0
6.73325
8.68951
0.0152826
0
1.19412
1.07958
2.03239
3.73955
4.40248
4.11786
2.00934
0
0
0
0
4.98602
9.01169
0.0277511
0
0.984774
1.10061
1.71788
3.40482
4.72282
4.26193
2.03958
0.309247
0
0
0
3.04191
9.10167
0.305346
0
0.768296
1.09329
1.42367
3.04948
4.93543
4.25948
2.06983
1.16995
0
0
0
0.882923
9.03919
1.57612
0
0.552501
1.11895
1.15777
2.80378
4.95335
4.14266
2.12427
2.07222
0
0
0
0.00321813
8.48603
3.41954
0
0.389198
1.12159
1.07445
2.57801
5.07496
3.98405
2.44381
1.97006
0
0
0
0
6.35021
5.15041
0
0.200917
1.28219
1.04889
2.28547
5.05194
3.82972
3.24284
1.82777
0
0
0
0
3.97999
7.05592
0
0.0785725
1.30269
1.06159
2.04971
4.43841
3.75378
4.06944
1.634
0.51047
0
0
0
1.75962
8.5192
0.021301
0
1.22985
1.07028
1.79712
3.93438
3.80827
4.03336
1.55313
1.37772
0
0
0
0.192795
8.82461
0.0432427
0
1.28693
1.09039
1.55881
3.40123
3.95945
3.9322
1.56455
2.26133
0
0
0
0.00965438
8.81435
0.0657278
0
1.23221
1.13374
1.35988
2.94803
4.07126
4.04293
1.56432
2.06345
0
0
0
0.00291164
6.41831
0.352099
0
1.2363
1.12225
1.14678
2.65066
4.2805
4.01371
1.62958
1.70001
0.091027
0
0
0
3.9453
1.36584
0
1.02739
1.1786
1.12033
2.2474
4.60664
3.91934
2.1607
1.80866
0.444714
0
0
0
1.33151
2.67053
0
0.73957
1.25076
1.2352
1.74542
4.791
3.98351
2.90503
2.09231
1.04245
0
0
0
0.0130397
4.23589
0
0.353618
1.26908
1.35398
1.7294
3.86132
4.07692
3.81307
2.56166
1.51918
0
0
0
0.00643625
6.35733
0
0.111311
1.27305
1.38538
1.81391
3.09804
4.14764
4.42699
2.86865
2.07928
0
0
0
0.00643625
4.70238
0.00291164
0
1.23356
1.35065
1.76423
2.53813
4.17651
4.09379
2.87514
3.01866
0.422341
0
0
0
2.5967
0.00603225
0
1.21907
1.27861
1.73077
1.8939
4.39284
4.10711
2.84006
2.97512
1.06218
0
0
0
0.505344
0.0191694
0
1.18123
1.16269
1.85799
1.80176
4.36082
4.20946
3.33458
3.10532
1.70448
0
0
0
0.0315962
0.266408
0
1.20552
1.09252
2.08011
1.87203
4.43894
4.29958
4.44554
3.58739
2.14485
0
0
0
0.0220811
1.05155
0
1.43668
0.933605
2.34875
2.10648
4.0683
4.27665
5.05129
4.08174
2.50978
0.163052
0
0
0.012371
2.68604
0
1.05883
0.835055
2.73509
2.3338
3.04655
4.23224
4.88179
4.40088
2.60906
1.05208
0
0
0
1.31272
0
0.499604
0.837814
3.17752
2.4102
2.62281
4.33401
4.77013
4.5439
2.70943
2.01615
0
0
0
0.0282109
0
0.14405
0.994095
2.86466
2.56532
2.59398
4.49383
4.83218
5.50212
2.90487
2.59452
0
0
0
0.0156866
0.00643625
0
1.14181
2.48375
2.801
2.73068
4.71324
4.7157
5.59439
3.65964
2.40186
0
0
0
0.00582328
0.00904141
0
1.32516
1.99724
3.24529
2.86001
4.80037
4.94488
5.32586
4.41448
2.1605
0.453755
0
0
0
0.024937
0
1.49265
1.60429
3.23743
2.96297
4.47597
4.9487
5.50124
4.83969
1.98203
1.27538
0
0
0
0.0511975
0
1.67088
1.44218
3.1833
3.18398
3.99365
4.80823
5.53292
5.2704
1.86891
2.20364
0
0
0
0.012775
0
1.61565
1.49419
3.11154
3.33198
3.57254
4.71562
5.47364
5.93802
1.74439
2.12034
0
0
0
0.00643625
0
1.07863
1.53971
2.86344
3.31896
3.57669
4.6653
5.60719
6.23555
1.67845
1.68645
0.0349397
0
0
0
0
0.506096
1.66437
2.62309
3.2978
3.42767
4.69097
5.71652
6.061
2.13341
1.63793
0.310738
0
0
0
0
0.153871
1.75919
2.3528
3.25844
3.24342
4.46849
5.60592
5.77053
2.77153
1.6985
0.786268
0
0
0
0.00643625
0
1.80577
2.0519
3.10729
3.13656
4.30992
5.09829
5.4911
3.79686
1.94063
1.48616
0
0
0
0.00925038
0
1.90445
1.93387
2.98625
3.08159
4.00052
4.96069
5.35161
4.76928
2.07064
2.46841
0
0
0
0
0
1.99805
1.81874
2.72168
3.07424
3.67882
4.97208
5.20771
5.35567
2.2774
2.54642
0.342807
0
0
0
0
3.73753
1.77132
2.50047
3.00682
3.4706
4.90847
5.25237
5.73266
2.8682
2.6825
1.03862
0
0
0
0
6.60112
1.98124
2.36646
2.97168
3.22731
4.64171
5.27957
5.99069
3.60769
3.16127
1.67868
0
0
0
0
9.35738
2.43449
2.27919
2.91564
3.05683
4.35924
5.16919
5.75818
4.67661
3.63296
2.71153
0
0
0
0
9.45179
4.08535
2.33285
2.80836
2.90233
3.93906
5.21002
5.75587
5.69523
4.21385
4.12542
0
0
0
0
5.79139
6.90384
2.49196
2.69746
2.77404
3.43426
4.75019
5.80057
5.6999
4.9078
4.91489
0.664356
0
0
0.00291164
2.23408
9.97426
2.72091
2.61172
2.64039
3.06008
4.19276
5.70703
5.681
5.36392
5.13064
1.62811
0
0
0.00612977
0.579472
12.2115
4.50135
2.58743
2.55101
2.89641
3.89012
5.31959
5.88182
5.78726
5.29372
2.45231
0
0
0
0
10.7466
7.21441
2.54537
2.51872
2.80173
3.61412
4.76802
5.94637
6.00815
5.25202
3.41297
0
0
0
0
9.64351
9.88656
2.68776
2.46703
2.72825
3.14208
3.89612
5.99281
5.93396
5.20416
4.85164
0.155083
0
0
0
8.65445
12.7266
4.60955
2.55352
2.67599
2.7902
2.86105
5.77305
5.824
5.16834
5.17772
0.783858
0
0
0
7.24838
13.7592
7.18397
2.6279
2.63244
2.3141
2.12952
5.363
5.74221
5.38177
5.08187
1.67507
0
0
0
5.60447
11.439
10.0109
3.15733
2.59226
2.41896
1.80467
5.14216
5.67601
5.50224
5.05434
2.48079
0
0
0
3.73282
9.13305
12.9532
5.30427
2.55054
2.46212
1.86221
4.74396
5.58529
5.40793
4.88466
3.34586
0
0
0
2.1237
7.88936
15.563
7.98653
2.69967
2.48694
2.06112
4.38754
5.66833
5.29836
4.56122
4.16958
0.0832115
0
0
0.716974
7.38753
15.8604
10.8546
4.18185
2.42006
2.38467
3.73133
4.99508
5.12767
4.38163
4.30994
0.37145
0
0
0
6.80663
13.3521
13.5517
6.95965
2.85793
2.68408
3.57191
4.22719
4.95358
4.81783
4.10807
0.873603
0
0
0
6.14569
11.0433
15.8177
9.80627
4.12557
2.99825
3.70002
4.11398
4.68516
4.79864
4.012
1.27772
0
0
0
5.6179
9.01378
16.4407
12.5138
6.05723
3.39907
3.81608
4.2322
4.33055
4.37672
4.0249
1.97858
0.0145582
0
0
5.51372
6.91301
16.4792
14.9873
7.73349
4.28145
4.26374
4.49387
4.381
4.07475
4.11174
2.85147
0.161895
0
0
6.16659
6.02114
16.4206
16.1752
9.27452
5.76034
4.71805
4.66549
4.62835
3.95915
4.62658
3.43214
0.502042
0
0
4.95259
6.12347
16.1629
15.9578
10.3556
6.92063
4.79473
4.64932
4.60283
3.96359
4.49951
3.95984
0.748389
0
0
2.72984
6.01924
14.3855
15.4238
10.1373
8.1442
4.63187
4.74853
4.93253
3.78563
3.94512
4.682
0.848053
0
0
0.818463
6.37365
12.1267
15.0009
9.34391
9.04035
4.51608
4.46793
4.84537
3.65759
3.71278
4.99718
1.34238
0
0
0
7.05478
10.3913
14.3789
9.1837
9.02423
5.6052
4.45862
4.8432
3.673
3.54821
5.37752
2.13947
0.719329
0
0
8.0578
8.56075
13.7017
9.1844
9.29653
7.12945
4.48025
4.84498
4.09563
3.61716
6.31158
2.6587
1.89386
0
0
8.14789
7.77147
13.2016
8.77037
9.55305
8.14578
4.40007
4.76187
4.31352
3.79895
6.07281
3.45344
2.14731
0
0
6.92994
7.48198
12.7391
8.5134
9.52485
9.35161
4.54709
4.591
4.85202
3.94163
5.65517
4.57837
2.44359
0
0
3.64469
7.37649
11.3627
8.41494
9.44503
10.7974
4.69995
4.34459
4.85008
4.1644
5.51483
5.02694
2.74808
0
0
0.544769
7.00143
9.8307
8.44834
9.15589
11.0343
4.86985
4.21104
4.57063
4.45622
5.20704
5.16306
2.99364
0.72646
0
0.0485505
5.77785
7.52687
8.16306
8.63763
11.0626
5.4696
4.34315
4.41067
4.57862
4.93272
5.88512
3.30647
2.07495
0
0.0163692
4.33954
6.25951
7.49654
8.35991
10.7165
6.16575
4.82712
4.37054
4.61098
4.73645
6.14076
3.67042
3.46311
0
0
2.19124
5.79271
7.18134
8.09905
10.1332
7.17921
5.40668
4.39808
4.53487
4.58109
5.87611
4.86025
3.86175
0
0
0.968405
4.59939
7.18627
7.84763
9.69096
8.78696
6.11748
4.53569
4.52306
4.41427
5.90682
5.8151
4.29763
0.00643625
0
0.878353
2.91756
7.02921
7.55741
9.32215
10.2315
6.52223
4.64246
4.4461
4.30024
5.64186
5.65357
4.66021
0.0155891
0
0.738749
2.16434
7.00892
7.26567
8.90825
10.7634
7.29537
4.62668
4.68399
4.14978
5.08847
5.47966
4.86798
0.453407
0
0.906898
1.19798
6.94426
6.93199
8.67664
10.7458
8.83196
4.78137
4.52969
4.14343
4.71527
5.50042
4.89244
1.57591
0
0.900434
1.04386
6.08898
6.49155
8.24886
10.5174
9.77896
6.03832
4.44879
4.00172
4.52028
5.43359
4.9162
3.21407
0
0.470529
1.24515
4.7408
6.11259
7.52064
10.302
10.2359
7.77091
4.47647
3.84361
4.27391
4.84536
4.91865
4.97924
0
0.153871
1.52038
3.72422
5.88874
6.89508
10.2252
10.1643
9.9613
4.58264
3.69327
3.90045
4.55287
5.55762
4.86567
0.00582328
0
1.76863
2.86511
5.72739
6.40732
9.94862
10.0524
11.6484
4.64178
3.5096
3.46833
4.29706
6.11799
4.97028
0.012371
0
2.02601
1.97264
5.51265
5.82416
9.53383
10.0022
11.2391
5.05925
3.51961
3.19898
4.13144
5.93855
5.06679
0.0122595
0
2.42602
2.17782
5.38526
5.4311
8.99061
10.0346
11.0926
6.83852
3.3326
2.93259
4.04618
5.4143
5.33056
0.022499
0
1.96284
2.56936
5.90826
5.39787
8.16356
10.1256
10.8244
8.845
3.58263
2.6913
3.9743
4.71801
5.88316
0.693305
0
1.29764
2.82554
5.35559
5.50999
7.33558
10.2647
10.4021
10.8344
4.17617
2.35645
4.00112
4.40265
6.51168
1.88582
0
0.683065
2.81698
3.57319
5.60003
6.64433
10.464
10.4848
12.3806
4.62894
2.04978
4.24025
4.32827
7.09734
3.48961
0
0.220504
2.80972
3.53877
5.76348
6.44108
10.8176
10.5629
12.088
5.39506
1.74519
3.80321
4.1441
6.28883
5.05282
0
0.0196431
2.55424
3.94365
5.95037
6.38527
11.2252
10.6002
11.6501
7.08386
1.41687
2.60689
3.95292
5.55754
5.93432
0.00873491
0
1.97146
4.54677
6.05633
6.36338
11.3168
10.682
11.3039
8.58006
1.53546
1.59771
3.75926
4.91688
6.06241
0.0248395
0
1.50954
4.64575
6.17331
5.95412
11.0528
10.7736
10.8812
10.1408
2.31886
1.25101
3.6949
4.44766
6.03934
0.0445662
0
0.90113
4.55756
7.10838
5.90896
10.1973
10.85
10.8255
11.8346
3.20283
1.23192
3.8007
4.14797
6.01018
0.0589294
0
0.307561
4.30998
8.9978
5.65939
8.88632
11.2341
10.8279
11.9336
4.76274
1.20237
4.06844
4.07823
5.72225
0.354704
0
0.0284616
3.6045
8.22869
5.37246
7.76494
11.6414
10.885
11.5305
6.17848
1.10109
3.72927
4.27973
5.54483
1.09549
0
0.0191137
2.71795
5.75668
4.94328
6.74531
11.7773
11.0034
11.2084
7.11366
1.20121
2.95867
4.50915
5.5225
2.20483
0
0.00965437
1.85478
4.755
4.53544
5.70489
11.9177
11.1939
11.1171
8.45264
1.26984
2.45213
4.80292
5.49818
3.43917
0
0
1.08824
4.51513
4.30137
5.01436
11.917
11.3574
11.1547
9.63842
1.34561
1.7183
4.85671
5.55569
4.44318
0
0
0.324181
4.49557
4.05877
4.43149
11.9312
11.7423
11.2494
9.75953
1.44626
1.34561
4.93297
5.35836
4.85334
0.00582328
0
0.489949
4.6168
3.70433
3.75617
12.2497
12.0558
11.1371
9.52334
2.35857
1.42411
4.85855
5.18317
4.80862
0.0370015
0
0.837786
4.97972
3.23175
3.19271
12.2855
12.1518
11.2216
9.61119
3.8289
1.46455
4.60162
5.2428
4.51392
0.0439672
0
1.43538
4.97386
3.51837
3.11427
10.5622
12.174
11.5722
9.35901
5.34834
1.61451
4.04989
4.86662
4.20337
0.481744
0
2.12537
4.27286
4.88521
3.06212
8.60408
12.0233
11.7933
9.49893
6.61471
1.70389
3.25651
4.66641
4.07962
1.33034
0
2.67853
3.30035
5.46995
3.01166
6.82304
11.9122
11.9867
10.0125
7.39704
1.83149
2.71088
4.55758
4.09803
2.56784
0
1.67426
3.76299
5.55968
2.96881
5.20941
12.2122
11.8693
10.7006
7.14015
2.21283
2.38243
4.52734
4.06168
3.80365
0
0.425601
4.42657
5.42923
2.94117
3.74767
12.593
11.7748
11.2847
6.62038
3.28868
2.7447
4.42813
4.24365
4.68392
0.00873491
0
4.80863
5.4738
3.0064
3.08586
12.5724
11.5069
11.5965
6.49945
5.17233
3.29911
4.57756
4.64759
4.42938
0.0185565
0
4.90458
5.62768
3.49409
3.08747
12.7647
11.1627
11.7764
7.3341
6.38729
3.4303
4.5329
5.11045
4.27178
0.0279462
0
4.72943
5.71364
3.98812
3.3376
11.8068
10.5547
12.1076
8.57343
6.65959
3.37849
4.09007
5.22556
4.30999
0.0349675
0
4.4038
4.8594
5.1289
3.67837
9.76565
9.62861
11.2765
10.2414
6.94056
3.39638
3.58931
5.11285
4.40399
0.423191
0
4.20803
4.16534
5.77588
4.21345
7.77702
8.70895
9.64697
11.7701
7.39345
3.90086
3.54856
4.94427
4.61885
1.37014
0
2.09692
4.15009
6.57043
5.00596
6.62479
8.05961
8.39472
12.518
7.73845
5.35708
3.7735
4.81086
4.95789
2.64627
0
0.501722
4.2608
5.72978
5.58532
6.01071
7.87024
7.99631
12.5855
8.33535
7.01171
3.80273
5.04888
4.85473
3.93348
0
0.00327385
4.32192
5.65533
6.25511
6.22635
8.45608
7.85403
12.6872
9.20463
8.47874
3.84417
4.90784
5.08917
5.25244
0.00291164
0
4.04953
5.60621
6.71115
6.52722
9.07258
7.9155
12.7
10.6747
8.86042
4.10249
4.53763
5.25466
5.58535
0.00925038
0
3.5049
5.64109
7.15104
6.64337
9.82438
7.95476
12.7772
12.1952
9.27662
4.31023
4.32263
5.21757
5.4098
0.0346053
0
3.23146
5.75384
7.86486
6.53099
9.72476
8.05836
12.9044
13.3124
9.64814
5.27256
4.54682
4.98488
5.06345
0.0571043
0
3.23993
5.28262
6.79025
6.43926
9.01592
7.93972
12.9798
14.014
10.1031
6.82789
4.70563
4.70047
4.76338
0.553212
0
3.30547
4.48259
6.47206
6.39604
7.92194
7.58688
12.802
13.9894
10.5441
8.65907
4.30258
4.2079
4.6124
1.55016
0
2.03425
4.1959
6.33163
6.23677
6.74328
7.35513
12.4499
13.7902
11.4719
10.548
3.83166
3.45773
4.39242
2.60518
0
0.724273
3.77527
6.23153
6.41426
6.23208
7.08594
11.1649
13.6533
12.6002
11.245
3.72928
2.93543
4.21459
3.6102
0
0.117858
3.55324
6.1232
6.96345
6.40339
6.82067
9.50664
13.663
13.4376
11.6123
4.19659
2.72424
4.53135
3.74623
0.00291164
0
3.33869
6.01283
7.37589
6.50481
6.56037
8.00424
13.8028
13.8817
11.8632
5.48373
2.70639
4.10424
3.74569
0.00291164
0
2.95838
6.0595
7.49031
6.61087
7.04887
6.54393
13.8818
13.8222
12.1352
7.7007
2.61072
3.37793
3.90162
0.00955686
0
2.39381
5.08577
6.6197
6.49108
7.67053
5.86315
13.7382
13.4408
12.3762
9.88979
2.55908
3.08249
4.08138
0.0187097
0
2.02072
3.92791
6.54482
6.30572
6.59723
5.76481
13.613
13.2003
12.7478
11.8696
2.5819
2.73599
4.22993
0.483137
0
1.33644
2.90891
6.83481
6.31363
6.19743
5.74976
13.4458
13.109
12.5597
12.6205
2.80402
2.50107
4.45765
1.36042
0
0.722699
2.50593
6.09974
6.65732
6.14393
5.84461
13.0889
12.8157
12.1766
12.7924
3.68855
2.4331
4.38461
2.38655
0
0.262786
2.25667
5.82208
7.33737
6.27454
5.99436
12.2381
12.8704
11.7428
12.7428
5.33414
2.34363
3.64367
3.03675
0
0.0589293
2.03791
5.69574
7.82405
6.45664
6.25555
10.8182
12.7304
11.3069
12.2064
7.51345
2.31464
3.19905
3.86714
0
0
1.89244
5.05628
7.77601
6.54065
6.59418
9.17913
11.418
10.8786
11.4797
10.0622
2.46394
2.97469
4.72414
0.00291164
0
1.6109
4.5791
8.13484
6.69336
6.91521
8.00774
10.5074
10.3588
10.4503
12.1498
2.53605
2.60828
4.93464
0.012775
0
1.08643
4.94844
7.4004
6.93581
7.05182
7.60966
9.81945
9.81367
9.81119
13.5228
3.11601
2.6128
4.94517
0.0309832
0
0.628816
4.78874
6.94093
6.90441
7.14862
7.6418
9.16941
9.78798
9.28446
13.5574
4.15761
2.63488
4.9176
0.418649
0
0.279852
4.32313
6.65064
6.9452
7.31278
7.8722
8.6747
10.3581
9.0429
13.0877
5.02628
2.58884
4.1511
1.05276
0
0.0546664
3.73955
6.04023
7.02524
7.54225
8.23521
8.19194
11.131
8.96459
12.5461
6.69371
2.81459
3.38998
2.05514
0
0.00971011
2.91433
5.83652
7.23344
7.32358
8.21385
7.70979
11.1236
8.80991
11.7065
9.09526
2.91796
2.90892
3.11439
0
0
1.64611
5.46134
7.50365
7.38318
7.9675
7.18509
9.39732
8.32947
10.3105
10.8843
3.25535
3.05982
3.81375
0.00291164
0
0.615665
4.52595
7.34983
7.34871
8.0117
6.56033
7.89586
7.93557
8.70673
12.1728
3.92429
3.22066
3.87599
0.00955686
0
0.139494
3.82368
6.62183
7.23527
8.28062
6.16008
6.64873
8.02367
7.89342
13.4699
4.97437
3.35743
3.42566
0.0278068
0
0.025341
3.27869
6.12209
7.09753
8.00103
6.20221
5.99359
7.91534
7.91932
13.5929
5.45295
3.56346
3.26395
0.0379209
0
0.00291164
2.46713
6.50325
6.97101
7.75397
7.29106
6.26146
8.52124
7.88713
13.2262
6.18713
3.84331
3.2522
0.353158
0
0
1.93638
6.54582
6.93977
7.39068
8.18677
6.69823
10.4737
8.37681
13.1913
7.56395
4.12618
3.30523
0.930262
0
0
1.38225
5.40098
6.93251
6.99335
8.804
7.38733
12.0778
8.94807
13.2713
8.81777
4.43483
3.59281
1.65997
0
0
0.608951
4.53975
7.12496
6.92792
8.31699
8.03396
13.0927
9.29201
12.6186
10.217
4.61259
3.89998
2.34907
0
0
0.0943566
3.64254
7.19159
6.97494
7.66986
8.56989
13.2293
9.40325
11.9705
11.9338
5.25584
4.14258
2.865
0
0
0.00654771
2.47389
7.1318
7.08406
7.70063
8.89883
11.8491
9.77256
11.2399
13.2167
5.95716
4.34068
3.06602
0.00582328
0
0
1.47832
7.09572
7.05106
7.71679
9.03892
10.7826
10.1196
10.3421
13.841
6.20048
4.30386
3.18955
0.0191137
0
0
1.05687
7.18535
6.93546
7.67239
9.03996
9.92986
10.2254
10.2031
13.8857
6.64841
3.96214
3.19458
0.0283641
0
0
0.618215
6.66942
6.80795
7.70673
8.56034
9.06262
11.0485
10.4724
12.5044
7.58398
3.81015
3.18628
0.257172
0
0
0.29434
6.29467
6.73519
7.66442
8.17966
9.1276
12.297
10.7298
11.246
8.72301
4.13396
3.34725
0.586075
0
0
0.00649198
6.29099
6.84664
6.97392
7.99012
9.28126
13.4877
10.0836
10.2138
10.08
4.73905
3.63476
1.11265
0
0
0.00649198
5.678
7.00284
7.0017
7.86703
9.06948
14.0589
9.78914
9.35213
12.0586
5.16069
3.41389
1.66874
0
0
0.00327385
4.72673
7.16033
7.06572
7.89621
8.37233
13.3853
9.65308
8.6361
13.7623
5.36835
3.28865
2.3057
0
0
0
3.76271
7.12462
6.97538
7.73156
7.8179
12.3604
10.2508
8.16092
14.4528
5.73997
3.16449
2.97092
0
0
0
2.48228
6.80263
6.94174
7.87162
7.69901
11.7616
11.0354
7.8247
14.7784
6.51051
3.11664
3.10723
0.00321813
0
0
0.868183
6.75984
6.9574
7.65173
7.67605
11.573
11.753
7.56483
14.2823
7.22762
3.09465
2.93177
0.0126218
0
0
0.0193784
6.77035
6.8926
7.38028
7.82498
11.0872
12.9589
7.40037
12.3983
8.70134
4.18136
2.59427
0.367995
0
0
0.0128725
5.62478
6.78725
6.99306
7.96487
9.92798
14.4569
7.24863
10.5225
10.9334
5.57721
2.26396
1.03291
0
0
0.00643625
3.59834
6.87956
6.74957
7.94104
8.89807
13.5322
7.29678
8.91957
13.1697
5.97421
1.95296
1.82177
0
0
0
1.68843
7.1828
7.04988
7.78658
7.98062
12.8556
7.51512
7.6945
14.6798
6.27904
1.71554
1.83617
0
0
0
0.308244
7.01647
7.36764
7.59542
7.60661
12.4685
8.39835
7.97611
15.4647
6.65308
1.77941
1.51574
0
0
0
0.0289771
6.71558
6.87098
7.64087
7.4327
11.6718
10.4512
8.70792
15.6233
7.01344
2.03412
1.47267
0.00321813
0
0
0.0158956
5.10531
6.8504
7.57044
7.567
10.377
12.3975
9.66574
15.6185
7.50375
2.90407
1.3324
0.0061855
0
