0.0734088
0
0
0.00882147
3.08257
7.46686
7.49403
8.00637
5.28403
8.57224
14.9887
9.79006
6.63744
3.31651
0.0185886
0.071774
0
0
0.00564682
1.50763
7.35171
7.36693
8.79281
5.26445
8.19985
14.9113
12.0501
6.70558
3.5293
0.0305306
0
0
0
0
0.229223
6.92853
7.3185
8.65628
5.46943
7.8008
14.8092
13.7794
6.83519
3.76996
0.0898222
0
0
0
0
0.0239922
6.00543
7.30936
8.09863
5.91865
7.48561
14.4836
15.0974
7.16978
4.00841
0.405044
0
0
0
0
0.00629526
4.39758
7.34998
7.61835
6.73341
7.08731
13.4949
15.0528
7.44154
4.52308
0.983964
0
0.18367
0
0
0.00629526
2.54198
7.47137
7.6277
7.50598
6.80755
11.9477
14.7877
7.51199
5.83464
1.75665
0
0.545822
0
0
0.00317465
0.776991
7.27574
7.71294
8.23581
6.42564
9.91362
14.8145
7.93028
7.53586
2.63242
0
0.72363
0
0
0.00312061
0.0634659
6.35977
7.8618
8.45958
5.99299
8.31123
14.8175
8.7317
7.72619
3.24553
0
0.365503
0
0
0
0.0275181
5.25795
7.71289
8.55171
5.81199
7.09112
14.8309
9.83957
8.17498
3.72991
0
0.101589
0
0
0
0.0117935
3.50259
7.47895
8.60526
5.95565
6.21936
14.8536
11.251
8.65145
4.03035
0.00594402
0
0.429982
0
0
0.00605209
1.69165
7.43509
8.69057
6.57009
6.42372
14.8444
12.584
8.99029
4.03362
0.01844
0
0.926942
0
0
0.00564682
0.224333
7.14818
8.72175
7.55844
7.1549
14.4382
13.8932
9.32105
4.16981
0.0211553
0
1.42743
0
0
0
0.0240733
5.9306
7.92543
7.9214
7.7639
13.8635
14.8582
9.47048
5.08259
0.110073
0
1.60673
0
0
0
0.00936182
4.32769
7.68416
8.07572
8.30006
13.0632
14.8104
9.41454
6.60232
0.372474
0
1.16865
0.162569
0
0
0
2.67518
7.51445
8.22979
8.31234
11.6812
14.7602
9.36033
8.59929
0.964606
0
0.686182
0.623702
0
0
0
0.959999
7.38822
8.41227
8.43256
10.6857
14.6069
9.20763
9.55715
1.59732
0
0.277586
1.10564
0
0
0
0.0397439
6.71425
8.42916
8.46245
10.2744
14.1669
9.00192
9.08139
2.12465
0
0.0634929
1.63266
0
0
0
0.0302334
5.51201
8.57994
8.58599
9.92423
13.8211
9.30834
8.79744
2.72309
0.00312061
0
2.09241
0
0
0
0.0241813
3.819
8.02162
8.64842
9.44212
13.2353
10.0092
8.56735
3.31168
0.0147655
0
1.93286
0.282786
0
0
0.0121852
2.03076
7.37001
8.41556
8.91211
12.1595
11.1534
8.29514
3.38872
0.0275046
0
1.62278
0.810641
0
0
0.00594402
0.39829
6.44643
8.16504
8.6125
11.3828
12.5714
8.0032
3.72314
0.138374
0
1.27267
1.30743
0
0
0.00282341
0.00906463
5.36598
7.95724
8.02784
10.9219
13.6619
7.67006
4.52873
0.725412
0
0.882916
1.83042
0
0
0
0.00624122
3.90181
7.86892
7.80021
10.2576
13.2487
7.34924
5.82447
1.73565
0
0.494866
2.372
0.0818785
0
0
0
2.32939
8.36253
7.73754
9.29938
12.7674
7.02138
7.61358
2.45164
0
0.211458
2.29781
0.50851
0
0
0
0.878296
8.16146
7.92182
8.88371
12.0981
6.70774
9.13499
3.06548
0
0.0507943
2.20671
1.03985
0
0
0
0.015603
7.2057
8.28339
8.75338
11.6623
6.63695
8.48056
3.65029
0.00312061
0
2.13689
1.50696
0
0
0
0.00936182
5.97956
8.38811
8.55417
11.1362
7.06676
7.60269
3.72352
0.00882147
0
1.9441
1.9727
0
0
0
0.00312061
4.07066
8.19617
8.65545
10.0198
8.48672
6.67464
3.58471
0.0149141
0
1.65111
2.37031
0.190952
0
0
0.00312061
2.17148
8.04762
8.69784
8.94896
10.2394
6.60461
3.85848
0.1767
0
1.30895
2.28574
0.502256
0
0
0
0.569532
7.83667
8.65689
8.80213
11.8198
6.45064
4.14765
0.721077
0
0.878945
2.24099
0.90449
0
0
0
0.0153734
6.83275
8.05121
8.7707
10.7791
6.21837
4.6566
1.49457
0
0.474049
2.12646
1.40411
0
0
0
0.0183994
5.26764
7.83339
8.79503
10.0716
6.02044
5.73368
2.57583
0
0.189128
2.01286
1.9826
0.155287
0
0
0.0093213
3.35781
7.89506
8.82284
9.25644
5.83085
7.13757
4.20465
0
0.0412704
1.87775
2.37351
0.757254
0
0
0.00594402
1.47749
8.06095
8.79259
8.98053
5.63564
7.73729
5.21716
0
0
1.77799
2.5296
1.4875
0
0
0.00282341
0.22055
7.61174
8.82067
9.28562
5.41442
6.86575
5.39249
0
0
1.69195
2.42768
2.24458
0
0
0
0.0310305
6.27138
8.94466
9.2761
5.74326
6.12319
5.78611
0.00876743
0
1.56568
2.25328
2.82933
0
0
0
0.0280585
4.36234
8.64438
9.21555
6.72141
6.58985
6.27941
0.140346
0
1.34924
2.06384
2.79639
0.490233
0
0
0.0154139
2.53168
8.52981
9.48039
8.3004
7.49904
6.52669
0.721158
0
1.07604
1.97745
2.74728
1.58604
0
0
0.00847023
0.757106
8.01114
9.69703
9.84219
7.87347
7.29004
1.35553
0
0.720712
2.01202
2.69715
2.66031
0
0
0.00312061
0.0335972
6.84575
9.22417
11.6253
7.81558
7.98915
2.03516
0
0.343496
2.02819
2.61653
3.6898
0
0
0
0.0275991
5.56745
8.97332
11.6784
7.79581
8.34032
3.28497
0
0.0920643
2.11376
2.51336
3.74942
0
0
0
0.00624122
3.90988
8.82063
11.0947
7.95038
8.11203
5.23572
0
0
2.19127
2.41874
3.59422
0.417783
0
0
0
1.87382
8.64331
10.3763
8.49511
8.36618
6.69012
0.00594402
0
2.28889
2.45482
3.44914
1.37111
0
0
0
0.254175
8.63615
10.0883
9.04117
8.55496
7.67395
0.0248703
0
2.22892
2.47155
3.22042
2.80549
0
0
0
0.0339484
7.81939
9.36619
9.28035
8.5594
8.48077
0.177739
0
1.86489
2.48769
3.00266
4.12138
0
0
0
0.0151167
5.35168
8.85887
9.66166
8.33477
8.85802
1.09296
0
1.41797
2.52011
2.8914
4.00254
0.261388
0
0
0
2.92558
8.83067
10.2011
8.06245
9.07089
3.10885
0
0.927928
2.54446
2.76156
3.67664
0.980303
0
0
0
0.944558
8.60398
9.83924
8.11324
9.18656
5.27758
0
0.415757
2.58773
2.69692
3.53768
1.79523
0
0
0
0.0486193
8.58441
9.63719
8.20954
9.0032
6.78859
0
0.101589
2.61707
2.72553
3.40345
2.29646
0
0
0
0.026613
8.68667
8.91067
8.31155
8.41486
8.42655
0
0
2.59807
2.68293
3.28593
3.08
0
0
0
0.00594402
7.50674
8.54167
8.25011
8.38689
8.5273
0.00624122
0
2.37956
2.67743
3.22899
4.05221
0.484883
0
0
0.00594402
5.15501
8.47229
8.13603
8.67342
8.61349
0.0151167
0
2.00178
2.67465
3.14379
4.7503
1.30204
0
0
0.00312061
2.81567
8.48945
8.13086
8.17166
8.80333
0.170944
0
1.50254
2.65199
3.02856
4.53103
2.10998
0
0
0
0.74954
8.70766
8.39774
8.17899
8.86146
1.05887
0
0.995717
2.66804
2.94164
4.2459
2.80798
0
0
0
0.0392981
7.77138
8.71404
8.15479
8.63228
3.26474
0
0.534178
2.58415
2.825
3.96108
3.57565
0.0818785
0
0
0.0207635
5.75862
9.04512
8.19425
8.60735
5.58
0
0.220658
2.30914
2.80233
3.77283
3.84367
0.496068
0
0
0.0119961
3.7335
9.10345
8.25654
9.06229
7.73358
0
0.053969
1.94914
2.76661
3.56511
3.91274
0.94884
0
0
0.00605209
1.71777
8.85099
8.34524
9.0516
8.34558
0
0
1.6459
2.76699
3.3558
4.29569
1.61326
0
0
0.00605209
0.240814
8.09032
8.47017
8.84344
8.35268
0.0124824
0
1.34191
2.69742
3.26551
5.03834
2.36224
0
0
0
0
6.80938
8.59345
8.65054
8.28952
0.0275586
0
1.05119
2.52526
3.14515
4.75927
3.07523
0.384874
0
0
0
4.99342
8.7966
8.47849
8.36994
0.314465
0
0.809345
2.25525
3.03154
4.44947
3.56399
0.851493
0
0
0
2.86905
9.15342
8.18083
8.5437
1.51895
0
0.57888
1.88023
2.97894
4.08796
3.85761
1.37727
0
0
0
0.843334
8.48999
8.00533
8.89568
3.49274
0
0.341308
1.46362
2.88508
3.76393
3.98779
2.05001
0
0
0
0.0212499
7.23774
8.00229
9.60733
4.96808
0
0.141778
1.04735
2.65724
3.57323
4.25117
2.84027
0.10729
0
0
0.0151167
5.31408
8.08988
8.57774
6.51411
0
0.0349211
0.746474
2.43376
3.35503
4.74036
3.38636
0.751
0
0
0.00564682
3.18028
8.4604
8.33967
7.97606
0.00302604
0
0.518656
2.11242
3.18924
5.13636
3.80366
1.60592
0
0
0.00564682
1.41322
8.40097
8.74546
8.64623
0.00897006
0
0.337498
1.67017
3.09255
4.76282
4.00089
2.30355
0
0
0.00564682
0.195707
8.23003
8.2816
8.79095
0.0208176
0
0.22082
1.2433
2.90296
4.37574
4.26653
2.92359
0
0
0
0.0367313
8.41096
8.0402
9.39732
0.293756
0
0.16269
0.866069
2.63641
4.12828
4.59051
3.22753
0
0
0
0.0126445
6.18022
8.07492
9.3755
1.52167
0
0.116503
0.553644
2.40993
3.87534
4.53663
2.9467
0.173565
0
0
0.00936182
3.74803
8.15168
9.21799
3.61622
0
0.0654382
0.346549
2.03091
3.60969
4.62715
2.73187
0.776963
0
0
0.00564682
1.2841
8.15753
9.50339
5.7428
0
0.0312061
0.26105
1.57865
3.38853
5.20557
2.48554
1.63718
0
0
0.00564682
0.0369204
8.25778
9.67222
7.53477
0
0.00936182
0.241178
1.1975
3.1363
4.93201
2.29461
2.40149
0
0
0
0.0244785
7.16835
9.26806
8.80487
0.00847022
0
0.267156
0.823597
2.8307
4.67039
2.41499
2.47044
0
0
0
0.0157111
5.13808
8.76556
8.83202
0.020669
0
0.289919
0.499351
2.57006
4.30645
2.55458
2.25447
0.19422
0
0
0.00876743
2.74089
8.75295
8.81177
0.0303415
0
0.379795
0.407246
2.25294
3.94112
3.16559
2.32768
0.590538
0
0
0.00564682
0.509065
8.56874
8.76691
0.324233
0
0.637685
0.454433
1.92392
3.66407
4.1859
2.47285
1.14965
0
0
0.00564682
0.015603
7.1779
8.89363
1.52856
0
0.693234
0.533246
1.62447
3.34162
4.83944
2.77492
1.48494
0
0
0
0.011888
5.24631
8.92499
3.06787
0
0.38678
0.665216
1.25257
3.00292
5.31072
3.13191
2.03838
0.177875
0
0
0.00564682
3.1672
8.55548
4.14692
0
0.183049
0.8228
1.009
2.77575
4.85881
3.47325
2.7398
0.916904
0
0
0.00564682
1.17912
8.32385
5.75828
0
0.0507943
0.95854
1.01208
2.47849
4.3548
3.76151
3.10637
1.49658
0
0
0.00564682
0.00564682
7.56048
7.39891
0.00312061
0
1.0519
1.00355
2.22187
3.95455
3.96909
3.36126
1.74815
0
0
0
0
6.1654
8.32739
0.00282341
0
1.10994
1.049
1.95807
3.59495
4.22544
4.0574
1.91771
0
0
0
0
4.42244
8.7944
0.0179401
0
0.886766
1.05347
1.60948
3.25772
4.63035
4.0846
1.94855
0.516683
0
0
0
2.56061
8.74337
0.316749
0
0.703218
1.06602
1.30482
2.96245
4.7637
4.02399
1.98175
1.31867
0
0
0
0.668742
8.82277
1.54766
0
0.501499
1.04311
1.11213
2.68658
4.73111
3.94489
2.04205
1.96914
0
0
0
0.00594402
8.15539
3.28062
0
0.324435
1.08076
1.01289
2.45674
4.96039
3.82819
2.40183
1.82484
0
0
0
0
5.98893
4.95965
0
0.182887
1.24645
1.01568
2.19997
4.84123
3.717
3.31676
1.72221
0.0705852
0
0
0
3.65973
6.82719
0
0.0603183
1.26668
1.01287
1.92125
4.28905
3.62916
4.004
1.61271
0.603871
0
0
0
1.54186
8.0392
0.00847022
0
1.23925
1.01999
1.70278
3.7549
3.65253
3.84289
1.51683
1.45097
0
0
0
0.186791
8.45386
0.0246812
0
1.22209
1.02876
1.46143
3.2224
3.77826
3.86329
1.54791
2.28069
0
0
0
0.00317465
8.32521
0.0489166
0
1.1961
1.0797
1.28558
2.84544
3.93364
3.88543
1.62336
2.05229
0
0
0
0.00312061
5.99946
0.310521
0
1.20954
1.10602
1.12072
2.50866
4.08236
3.90041
1.69309
1.69044
0.098522
0
0
0
3.55214
1.27625
0
0.977264
1.1403
1.14213
2.09706
4.34991
3.8764
2.23737
1.83973
0.465822
0
0
0
1.041
2.48207
0
0.657895
1.25096
1.24419
1.71639
4.568
3.86307
2.93825
2.20627
1.04313
0
0
0
0.0213579
4.09306
0
0.327785
1.24957
1.31738
1.72653
3.63587
3.99774
3.9563
2.60101
1.47132
0
0
0
0.0182373
6.15788
0
0.0920643
1.26167
1.32807
1.73669
2.97549
3.98646
4.26414
2.78168
2.07142
0
0
0
0.00624122
4.15618
0.00312061
0
1.2031
1.28646
1.70628
2.36226
4.04997
3.9535
2.74885
2.96346
0.601696
0
0
0
2.0803
0.00882147
0
1.13356
1.23483
1.71458
1.75209
4.16931
4.02644
2.82417
2.86491
1.24838
0
0
0
0.262631
0.0180887
0
1.08716
1.11773
1.82673
1.74958
4.20661
4.1398
3.42224
3.15166
1.82916
0
0
0
0.0245326
0.222711
0
1.20141
1.0363
2.06467
1.86168
4.28376
4.18014
4.65978
3.59113
2.18548
0
0
0
0.0182373
0.974251
0
1.38533
0.881876
2.30951
2.12697
3.91632
4.10977
4.85644
4.10165
2.45701
0.312952
0
0
0.00624122
2.54951
0
0.961539
0.797362
2.73047
2.28697
2.94826
4.15624
4.67535
4.28753
2.54101
1.16339
0
0
0
1.09294
0
0.463107
0.852331
3.05447
2.39379
2.59323
4.27922
4.62149
4.52034
2.58735
2.14888
0
0
0
0.0181833
0
0.117462
1.02295
2.73235
2.52873
2.58233
4.40729
4.65164
5.35795
2.84899
2.43124
0
0
0
0.00911867
0.00936182
0
1.1839
2.37435
2.80894
2.70088
4.66595
4.58385
5.53592
3.62681
2.26095
0
0
0
0
0.0147655
0
1.29278
1.9562
3.15962
2.8213
4.5789
4.88687
5.24889
4.27225
2.05064
0.441046
0
0
0
0.0331514
0
1.46874
1.52257
3.11782
2.94592
4.25156
4.78553
5.29127
4.7529
1.87469
1.24031
0
0
0
0.035475
0
1.69916
1.40777
3.06232
3.16631
3.77502
4.67051
5.32465
5.21635
1.73954
2.16788
0
0
0
0.0123474
0
1.49881
1.45655
2.91951
3.23687
3.476
4.55884
5.4408
5.73957
1.62686
1.96011
0
0
0
0.00634929
0
0.940087
1.52182
2.67559
3.22483
3.45107
4.48589
5.51629
6.02037
1.61048
1.52102
0.0762318
0
0
0
0
0.441046
1.65984
2.50552
3.20505
3.22898
4.51186
5.53427
5.81238
2.06996
1.55401
0.384875
0
0
0
0
0.107938
1.7102
2.18303
3.10478
3.12055
4.29353
5.40296
5.49065
2.81789
1.73141
0.867718
0
0
0
0.00564682
0
1.77395
1.93465
3.01955
3.02367
4.16932
4.88621
5.39359
3.80267
1.89803
1.63512
0
0
0
0.0119421
0
1.87415
1.8045
2.82437
2.98384
3.83877
4.86808
5.21669
4.7239
2.06927
2.57651
0
0
0
0.00911867
0
2.23426
1.72341
2.56993
2.93192
3.50408
4.78363
5.11399
5.36661
2.33207
2.44199
0.524411
0
0
0.00282341
0
4.06257
1.79123
2.40905
2.89966
3.32331
4.64794
5.13139
5.68384
2.8001
2.74871
1.1842
0
0
0.00282341
0
7.00508
1.99097
2.22282
2.86324
3.14983
4.43513
5.12284
5.81273
3.64978
3.2132
1.85191
0
0
0.00282341
0
9.68568
2.49596
2.24241
2.7776
2.92419
4.18032
5.03707
5.59693
4.59379
3.73431
3.01911
0
0
0
0
8.63455
4.58224
2.2693
2.72537
2.79017
3.71048
5.10985
5.55593
5.58319
4.41663
4.31455
0.11576
0
0
0
5.03089
7.45715
2.52657
2.60952
2.6914
3.29715
4.4493
5.61097
5.53265
4.89091
4.83078
0.832216
0
0
0
1.82364
10.2387
2.85813
2.55068
2.51283
2.92939
3.82872
5.50575
5.58617
5.40619
5.05398
1.71905
0
0
0
0.40318
11.7797
4.95112
2.51586
2.48003
2.80526
3.65106
5.05047
5.6654
5.76064
5.12304
2.50652
0
0
0
0
10.5184
7.41451
2.47671
2.44337
2.66076
3.32862
4.39201
5.82781
5.80309
5.11616
3.55404
0
0
0
0
9.2216
10.1418
2.9585
2.38712
2.61073
2.95243
3.56646
5.76779
5.72048
5.0442
4.75347
0.161826
0
0
0
8.50034
13.0422
4.95304
2.48078
2.56368
2.4646
2.5824
5.48548
5.64003
5.01054
4.92535
0.801578
0
0
0
7.28888
12.7777
7.56472
2.54623
2.52365
2.13266
1.94864
5.1967
5.47851
5.12996
4.94167
1.61096
0
0
0
5.62794
10.5058
10.3656
3.22041
2.46111
2.22486
1.78989
4.83328
5.38312
5.39242
4.89124
2.36707
0
0
0
3.80689
8.56475
13.0229
5.63394
2.4487
2.39394
1.87771
4.46341
5.47154
5.18144
4.69366
3.26035
0
0
0
2.33334
7.64594
15.2922
8.34368
2.59154
2.39756
2.08489
4.17031
5.53908
5.02814
4.33786
4.02793
0.110451
0
0
0.698422
7.18138
15.5526
10.9327
4.57997
2.37181
2.36483
3.69625
4.68375
4.94443
4.30794
4.08661
0.438209
0
0
0
6.07231
12.8516
13.6546
7.37209
3.04542
2.67543
3.56401
4.08326
4.76374
4.65977
3.95473
0.902017
0
0
0
5.40399
10.7362
15.6947
10.0002
4.50594
3.01107
3.74744
4.01272
4.46706
4.58985
3.88204
1.26898
0
0
0
5.40265
8.93084
15.9397
12.6543
6.09544
3.55759
3.80312
4.26424
4.1815
4.13559
3.84768
1.99273
0.0112937
0
0
5.58839
6.60546
15.9177
15.1168
7.60738
4.53881
4.35223
4.3973
4.25385
3.89035
4.06993
2.78077
0.187817
0
0
5.87103
5.79808
15.9643
15.6202
8.93954
5.98353
4.63091
4.439
4.44954
3.83293
4.5739
3.28897
0.552415
0
0
4.97386
5.77789
15.3713
15.1665
9.81592
7.0969
4.6205
4.48561
4.496
3.83367
4.21224
3.90787
0.739557
0
0
2.85557
6.109
13.5395
14.7016
9.32209
8.22259
4.45454
4.61603
4.82808
3.5849
3.80047
4.63568
0.880377
0
0
0.72382
6.6121
11.5276
13.9971
8.88443
8.7385
4.40641
4.4557
4.66262
3.38306
3.5259
4.93001
1.48036
0
0
0
7.51752
9.52021
13.2283
8.87205
8.90354
5.50764
4.38597
4.71607
3.49234
3.29651
5.52881
2.21416
1.11183
0
0
7.58813
7.85262
12.6462
8.83074
9.29136
6.80765
4.29908
4.66942
3.82365
3.46414
6.24735
2.70663
1.93363
0
0
7.50913
7.11251
12.0865
8.38005
9.46583
7.9216
4.23907
4.51706
4.10853
3.77529
5.80386
3.63006
2.20562
0
0
6.1456
6.97962
11.6164
8.21443
9.43715
9.13175
4.34782
4.29035
4.68044
3.89634
5.56476
4.62154
2.40075
0
0
2.85122
7.1473
10.7128
8.19744
9.2492
10.4054
4.46214
4.12701
4.58048
4.13821
5.3295
4.90761
2.68583
0.062115
0
0.357492
6.52448
9.08115
8.11145
8.74412
10.7402
4.79793
4.14906
4.35922
4.38785
4.96982
5.18107
3.09556
0.930103
0
0.0285718
5.25243
6.73232
7.57158
8.34363
10.8281
5.19905
4.33943
4.28258
4.43316
4.8298
5.82611
3.33237
2.32003
0
0
3.79432
5.92246
7.01575
7.98642
10.2535
5.97794
4.84268
4.23996
4.42884
4.60702
5.79539
3.605
3.51353
0
0
1.65579
5.36887
6.91465
7.7503
9.79379
7.04509
5.42128
4.33688
4.41694
4.40566
5.70039
4.72348
3.90815
0
0
0.948894
4.12861
6.93785
7.51068
9.37321
8.57746
5.98023
4.45809
4.30039
4.31438
5.65674
5.58674
4.35671
0.00624122
0
0.711755
2.65217
6.79331
7.26148
8.86373
9.96765
6.59327
4.52128
4.35333
4.10727
5.34437
5.39057
4.64125
0.0151167
0
0.758186
1.96815
6.83717
6.90806
8.62309
10.5439
7.62631
4.50108
4.51657
4.05444
4.94221
5.31662
4.72048
0.455217
0
0.931793
1.19473
6.71329
6.47917
8.44041
10.3902
9.02457
4.70315
4.41569
3.92917
4.56036
5.33192
4.78218
1.57218
0
0.844928
1.07657
5.59643
6.1228
7.86619
10.124
9.68098
5.98352
4.33993
3.81322
4.33084
5.19893
4.78592
3.17552
0
0.447557
1.28038
4.55432
5.84678
7.32257
9.95454
9.92021
7.82761
4.34244
3.71066
4.16592
4.54802
4.74551
4.75348
0
0.13016
1.54482
3.87058
5.60922
6.79143
9.8265
9.85792
10.0069
4.43811
3.50937
3.70157
4.26278
5.45617
4.74595
0
0
1.76186
2.68333
5.44768
6.16564
9.80268
9.78084
11.2588
4.52908
3.35584
3.26001
4.07329
5.95606
4.80268
0.00624122
0
1.9686
1.91963
5.21093
5.66337
9.29615
9.76311
11.023
5.18075
3.24435
3.0338
4.01879
5.82663
5.00514
0.0150222
0
2.38206
2.17848
5.13459
5.29394
8.45986
9.72571
10.7998
6.88763
3.17682
2.78173
3.95667
5.22888
5.39864
0.0207095
0
1.87319
2.57495
5.79338
5.20429
7.63147
9.84548
10.3112
8.92356
3.41572
2.49526
3.87647
4.52283
5.90128
0.587336
0
1.21856
2.74324
4.94827
5.3576
6.84379
10.068
10.1395
10.7328
3.99601
2.18167
3.97776
4.337
6.4642
1.6893
0
0.634618
2.73349
3.39333
5.4531
6.3558
10.2944
10.1874
12.1377
4.52376
1.83662
4.06622
4.14815
6.93931
3.12908
0
0.217051
2.7676
3.59974
5.70512
6.22942
10.6408
10.2518
11.6868
5.44767
1.52527
3.5373
4.00444
6.08605
4.59125
0
0.0222225
2.39444
4.15368
5.79023
6.27483
10.8455
10.3077
11.3422
6.94896
1.36099
2.30278
3.72232
5.369
5.38406
0.00282341
0
1.89674
4.51679
5.7775
5.97656
11.2932
10.3968
10.8053
8.51568
1.57888
1.40888
3.61268
4.67837
5.62177
0.0117935
0
1.40353
4.54049
5.79955
5.79381
11.0353
10.4883
10.6108
9.85626
2.26752
1.13067
3.60804
4.37447
5.66723
0.0366232
0
0.814128
4.44479
6.65184
5.70954
10.014
10.6011
10.4968
11.37
3.23911
1.15984
3.7683
4.04271
5.72103
0.054766
0
0.235032
4.17436
8.53808
5.45686
8.80355
11.0258
10.5345
11.5557
4.71848
1.10057
4.06756
3.9533
5.60101
0.372001
0
0.0275451
3.3437
7.67455
4.9987
7.68003
11.1809
10.612
11.1422
5.88247
1.08734
3.60267
4.18265
5.35383
1.13169
0
0.015603
2.48444
5.33078
4.58937
6.44699
11.5331
10.7634
10.8192
6.92373
1.18228
3.00951
4.47301
5.24927
2.3039
0
0.00936182
1.67405
4.48907
4.35311
5.50889
11.5637
10.8307
10.7841
8.28685
1.27495
2.46251
4.66931
5.36069
3.45442
0
0
0.938519
4.38414
4.10345
4.79296
11.563
11.0921
10.8288
9.20448
1.33378
1.64389
4.76823
5.28159
4.43969
0.00282341
0
0.336526
4.3628
3.80572
4.09227
11.6951
11.534
10.8987
9.40146
1.3926
1.37018
4.74184
5.05261
4.74812
0.0180347
0
0.514144
4.63362
3.36127
3.49745
12.0186
11.6866
10.7816
9.22993
2.36599
1.39014
4.66065
5.0392
4.57408
0.0304361
0
0.96516
4.87423
2.9281
3.01576
11.7596
11.7829
10.9726
9.18134
3.88859
1.49655
4.48423
5.01285
4.19537
0.0428104
0
1.6176
4.96144
3.51718
2.9965
10.2239
11.7268
11.1141
9.09433
5.26809
1.60413
3.94818
4.56188
3.95596
0.413326
0
2.28072
4.19419
4.77099
2.95681
8.35412
11.6947
11.5728
9.27275
6.5615
1.64763
3.19746
4.47318
3.93128
1.21537
0
2.93855
3.4316
5.34187
2.95562
6.47179
11.6094
11.5546
9.62329
7.26934
1.87032
2.81826
4.3648
3.93686
2.48265
0
1.73109
3.88335
5.36882
2.9309
4.94423
11.9456
11.4259
10.5851
6.82477
2.26379
2.48448
4.32963
3.98868
3.63722
0
0.441276
4.53503
5.37136
2.84933
3.5763
12.0464
11.2121
11.0566
6.35279
3.4287
3.00117
4.33502
4.28867
4.39959
0.00282341
0
4.78798
5.25943
2.9424
2.87093
12.2108
11.0148
11.2056
6.36993
5.08434
3.34262
4.41755
4.68753
4.29833
0.00897006
0
4.69345
5.34344
3.31224
3.05599
12.4375
10.5834
11.5615
7.10972
6.25012
3.32903
4.38381
5.13642
4.16193
0.0154139
0
4.46784
5.57884
3.90149
3.335
11.3543
9.89026
11.7668
8.53342
6.57784
3.20343
4.07269
5.05594
4.14876
0.0185345
0
4.22678
4.75287
4.89896
3.71756
9.46149
9.04366
10.6476
10.1154
6.9052
3.30998
3.52946
4.87269
4.29208
0.368691
0
3.85303
4.04802
5.58894
4.31964
7.66115
8.22976
9.29322
11.4872
7.20863
3.9376
3.59749
4.74523
4.56338
1.28293
0
1.83258
4.04702
6.24825
4.99555
6.42585
7.7701
8.18313
12.2148
7.66613
5.34089
3.64347
4.68075
4.85956
2.56276
0
0.346618
4.17495
5.46459
5.6014
5.92995
7.65254
7.55248
12.2242
8.17749
6.98156
3.69961
4.86492
4.89644
3.76297
0
0.0253971
4.24692
5.4595
6.26403
6.1304
7.93467
7.64907
12.3255
9.22749
8.37883
3.80632
4.78497
4.99531
5.03805
0.00564682
0
3.7413
5.44842
6.54131
6.39169
8.72033
7.63256
12.3455
10.6033
8.70049
3.98807
4.46251
5.09659
5.38493
0.0213579
0
3.23098
5.4244
7.01494
6.47906
9.4465
7.80958
12.3943
11.9053
9.10762
4.38682
4.32289
5.00658
5.11699
0.0394061
0
3.00131
5.52988
7.5237
6.38324
9.38315
7.88432
12.5142
13.1176
9.43446
5.37673
4.50952
4.7233
4.85392
0.0581838
0
3.11506
5.18835
6.47159
6.21434
8.67274
7.55098
12.6354
13.7424
9.8448
6.96085
4.53676
4.42236
4.66813
0.510429
0
3.25493
4.41844
6.16271
6.0673
7.70497
7.26787
12.5495
13.5139
10.426
8.73223
3.83362
3.83704
4.36304
1.39388
0
1.9487
4.07504
6.09098
6.08213
6.42025
6.88635
11.9758
13.4718
11.2995
10.5165
3.55437
3.20266
3.98117
2.45503
0
0.682629
3.71193
6.00981
6.21924
6.16054
6.63093
10.9303
13.4009
12.2339
11.0105
3.53573
2.79771
3.97565
3.42259
0
0.158732
3.47942
5.83447
6.79928
6.23958
6.4067
9.36564
13.2306
13.1617
11.3014
4.08136
2.61491
4.38872
3.6398
0.00564682
0
3.11683
5.90204
7.18636
6.37947
6.18294
7.63404
13.4264
13.5049
11.6283
5.53135
2.50817
3.88998
3.70555
0.00882147
0
2.63852
5.78291
7.34973
6.36227
6.79508
6.29855
13.4871
13.2616
11.938
7.76468
2.55348
3.24569
3.8319
0.0115908
0
2.15824
4.84597
6.61708
6.32851
7.13174
5.68462
13.2436
12.9359
12.1467
9.82524
2.50397
3.00714
4.00206
0.0240462
0
1.96128
3.76025
6.48491
5.99588
6.20852
5.56532
13.1358
12.7585
12.2856
11.7618
2.44094
2.58047
4.22475
0.440533
0
1.29357
2.82587
6.58645
6.05118
5.88626
5.60957
13.0142
12.4314
12.0645
12.3673
2.67171
2.46437
4.47268
1.26227
0
0.709365
2.50512
5.83425
6.38016
5.99956
5.71235
12.4886
12.3695
11.6908
12.5453
3.58678
2.3524
4.17138
2.28285
0
0.280328
2.24011
5.69157
7.03068
6.13193
5.91431
11.8198
12.5185
11.2904
12.3416
5.1435
2.24405
3.56667
2.8733
0
0.0698422
1.98592
5.47271
7.42744
6.26437
6.22204
10.4715
12.0528
10.9087
11.7689
7.26141
2.29924
3.13494
3.73237
0
0
1.79513
4.91204
7.40742
6.4142
6.46717
8.76372
10.8754
10.3943
10.8654
9.79083
2.37193
2.91328
4.72306
0.00906463
0
1.48164
4.61153
7.67288
6.52702
6.72731
7.83093
9.99897
9.86629
10.0409
11.7597
2.6034
2.61707
4.81539
0.0179401
0
0.978169
4.94453
7.13903
6.75813
6.82426
7.55482
9.33382
9.40259
9.32042
13.0274
3.43818
2.56361
4.77038
0.0340025
0
0.548011
4.69006
6.73882
6.73429
6.8961
7.3704
8.68168
9.49776
8.94396
13.1667
4.32811
2.46795
4.82003
0.40376
0
0.244218
4.21048
6.36189
6.69384
7.12142
7.69989
8.08077
9.85859
8.70183
12.7468
5.08775
2.58076
4.02341
1.01329
0
0.0440263
3.59367
5.85171
6.78052
7.46091
8.07065
7.77295
10.8786
8.65465
12.0253
6.68705
2.72181
3.29408
2.06625
0
0.00941586
2.74555
5.70639
6.97979
7.09803
7.90773
7.3838
10.8927
8.54901
11.5032
8.85687
2.92001
2.92702
2.99453
0
0
1.50236
5.2628
7.29239
7.12513
7.64298
6.72518
9.03658
8.05917
10.1804
10.3743
3.23671
2.96924
3.68968
0
0
0.536528
4.34495
7.18179
7.07101
7.85471
6.17947
7.77504
7.81349
8.45929
11.745
3.87047
3.12986
3.62561
0.00282341
0
0.1086
3.70299
6.40732
6.94681
8.00564
5.81471
6.52706
7.79575
7.85495
12.9987
4.76979
3.27869
3.27517
0.00614665
0
0.0152653
3.1417
6.05729
6.84563
7.69593
6.17225
5.76276
7.80247
7.92855
13.0793
5.22637
3.54675
3.16485
0.0308278
0
0.00312061
2.33363
6.43505
6.78766
7.55628
6.94755
6.13551
8.41485
7.89735
12.9425
5.95496
3.82431
3.13791
0.32607
0
0
1.85644
6.24399
6.72927
7.18086
7.98961
6.77335
10.0973
8.17166
12.9141
7.1918
4.12396
3.25023
0.859802
0
0
1.31201
5.17993
6.66463
6.82651
8.67085
7.40085
11.7677
8.62831
12.8152
8.52742
4.36069
3.46581
1.60187
0
0
0.57099
4.33589
6.96148
6.75077
7.98457
7.97777
12.8123
8.98827
12.3374
9.9321
4.46486
3.83946
2.22104
0
0
0.0819194
3.47816
6.91007
6.83462
7.5603
8.33986
12.8407
9.38491
11.6916
11.5032
5.15058
4.00366
2.67597
0.00282341
0
0
2.32622
6.84403
6.94945
7.47873
8.52766
11.7068
9.81715
10.7045
12.8874
5.7358
4.28295
2.9776
0.00584945
0
0
1.4493
6.97147
6.81275
7.44446
8.57736
10.7335
9.80584
10.0635
13.4829
5.86348
3.95876
3.15389
0.0180887
0
0
1.02413
7.04437
6.65757
7.49464
8.59467
9.64395
10.0041
9.98505
13.2784
6.41359
3.79343
3.11376
0.0271128
0
0
0.607992
6.44999
6.60184
7.50254
8.13919
8.98001
10.8316
10.279
12.0259
7.35352
3.67355
3.10519
0.218078
0
0
0.260348
6.1455
6.52464
7.43171
7.82554
8.91381
11.8382
10.1753
10.7625
8.34912
3.97132
3.28822
0.549996
0
0
0.00941586
6.09834
6.6366
6.80647
7.73327
9.17022
13.1799
9.62051
9.52253
9.84902
4.6612
3.46679
1.08138
0
0
0.00906463
5.30122
6.80049
6.85758
7.68821
8.84618
13.6535
9.09759
8.80211
11.8251
4.94762
3.20057
1.62155
0
0
0.00312061
4.48466
6.9533
6.81619
7.61092
8.16804
12.7454
9.29075
8.28655
13.3464
5.19264
3.04823
2.24894
0
0
0
3.51037
6.8116
6.75757
7.52854
7.49455
11.9536
10.015
7.85009
14.1222
5.76102
3.06143
2.94387
0
0
0
2.22331
6.52503
6.76418
7.47638
7.49135
11.4919
10.5951
7.57395
14.4674
6.40996
2.97431
2.92489
0.00312061
0
0
0.682346
6.73247
6.67655
7.54979
7.60974
11.1578
11.5239
7.34107
13.8533
7.14064
2.99277
2.67791
0.0150627
0
0
0.0124824
6.33918
6.59072
7.31434
7.67779
10.7196
12.8188
7.15301
12.1994
8.54633
4.08388
2.41615
0.368934
0
0
0.00876743
5.20096
6.52087
6.92206
7.70061
9.66517
13.8698
6.98539
10.4648
10.6062
5.51147
2.06395
1.00804
0
0
0
3.17085
6.74546
6.71733
7.69145
8.50501
13.0196
7.05625
8.6651
12.8984
5.85276
1.76156
1.80701
0
0
0
1.34754
6.91994
6.92494
7.51314
7.7084
12.3577
7.28475
7.61812
14.3538
6.13425
1.55518
1.7371
0
0
0
0.170364
6.67517
7.18533
7.39295
7.37
11.9824
8.33123
7.76919
14.9028
6.62187
1.81202
1.53647
0
0
0
0.0185345
6.43508
6.68683
7.36366
7.28164
11.1068
10.3322
8.64006
15.2126
6.99169
2.12738
1.32689
0.00312061
0
0
0.011888
4.72202
6.6394
7.41513
7.25737
9.95606
11.8996
9.75395
15.0653
7.355
3.04257
1.24755
0.00594402
0
