4.52025
7.70375
7.19413
3.72553
4.26941
4.50998
5.65069
5.69752
6.74714
4.77638
7.92902
9.4894
4.51144
3.67264
3.73025
4.55657
7.68429
7.45599
3.7291
3.91734
4.4828
5.22925
5.60429
6.16108
4.88047
6.631
9.65131
4.82035
3.63806
3.71159
4.49023
7.8429
7.43696
3.71581
3.7867
4.44089
4.92987
5.66443
5.74897
5.10207
5.91323
9.66713
5.20992
3.44202
3.53371
4.40971
7.91186
7.43395
3.94822
3.693
4.44113
4.87156
6.08389
5.61943
5.44116
5.84575
9.56011
6.0448
3.29207
3.26551
4.46076
7.68547
7.43747
4.48291
3.66561
4.41105
4.66509
5.96123
5.63369
5.85671
5.82879
9.22182
7.08268
3.06618
3.10316
4.5133
6.98136
7.4541
5.08075
3.67747
4.41807
4.56488
5.64461
5.61219
6.3717
6.12315
8.78489
7.75923
2.98295
2.89615
4.54437
5.62438
7.45697
5.97474
3.68282
4.38416
4.55536
5.24715
5.59457
5.64852
6.37567
8.22594
8.19172
3.16758
2.85666
4.57194
4.91496
7.46586
6.68373
3.69499
4.3581
4.48228
5.02294
5.85298
5.66836
6.51157
7.73288
8.20125
3.56453
2.72903
3.93254
4.60992
7.44781
7.06472
3.67552
4.17249
4.46092
4.92389
6.06832
5.63093
6.50577
7.18198
7.98268
4.17193
2.86614
3.17164
4.62959
7.6868
7.39429
3.66645
3.78397
4.45546
4.74469
5.48494
5.61785
6.1731
6.7193
7.85929
4.72955
3.20846
2.95976
4.64553
7.85254
7.41613
3.65745
3.68768
4.39883
4.63274
5.33706
5.51024
5.49082
6.41774
7.73192
5.23385
3.69582
3.21393
4.5819
8.00056
7.44179
3.93804
3.63776
4.37934
4.61977
5.10504
5.47306
5.3058
6.00969
7.46514
5.50046
4.38151
3.74572
4.44636
8.22283
7.4194
4.5358
3.60501
4.36314
4.59018
4.89261
5.70031
5.06225
5.49711
6.79553
5.70351
5.07422
4.33604
4.27167
8.01302
7.4761
5.20388
3.57117
4.32899
4.52373
4.89558
5.5698
4.88009
5.21086
6.33528
5.68984
5.76068
4.90937
4.06027
6.31352
7.5721
6.11748
3.56192
4.27122
4.49551
4.79512
5.35156
4.75497
4.86652
5.78976
5.69809
5.68472
5.47112
3.83782
5.02479
7.69234
6.78507
3.56486
4.2202
4.45273
4.74397
5.27954
4.78106
4.61992
5.47426
5.58665
5.41182
5.91513
3.60294
4.03581
7.82285
7.12473
3.56317
4.01543
4.40791
4.75992
5.07584
4.69041
4.50606
5.34612
5.23053
5.11558
6.21634
3.73928
3.37885
7.95888
7.37064
3.57754
3.6409
4.39503
4.66238
4.93994
5.05321
4.42804
5.41176
4.99169
4.88393
6.39487
4.49627
3.16562
8.13904
7.45926
3.56139
3.56528
4.39096
4.57857
4.90901
5.32466
4.49813
5.37416
4.7702
4.72925
6.49938
4.72786
2.99908
8.17626
7.6418
3.8969
3.54305
4.33115
4.5735
4.83525
5.21127
4.60808
4.97493
4.67718
4.63891
6.37493
4.80654
2.93314
8.61044
7.79174
4.50329
3.52087
4.30637
4.48447
4.80688
5.18397
4.68164
4.84722
4.76528
4.75186
6.11916
5.1609
2.86246
9.10758
7.93078
5.16551
3.52034
4.24797
4.42345
4.78485
5.05215
4.80142
4.78285
4.9874
4.95161
5.76171
5.53163
2.82134
7.1342
8.07863
6.03533
3.54559
4.15392
4.42995
4.72935
4.97458
4.88393
4.74924
5.30687
4.9951
5.30662
6.0121
2.81966
5.2806
8.01041
6.93236
3.56594
4.06649
4.37378
4.66483
4.97137
5.21353
4.6741
5.01547
4.87496
4.99843
6.02945
2.84154
3.70813
7.9883
7.56278
3.5596
3.9094
4.33029
4.63862
4.89254
5.15607
4.74657
4.8858
4.72024
4.87209
5.73377
2.86438
2.8879
8.23931
7.921
3.57564
3.6212
4.32376
4.59202
4.79757
5.18848
4.95141
4.96856
5.02539
4.93842
5.40757
3.64392
2.90155
8.63729
8.04583
3.5932
3.5785
4.23639
4.54347
4.78884
5.12634
5.0007
4.97028
5.50418
5.22812
5.08487
4.07897
2.92646
8.91066
8.09192
3.93486
3.57804
4.12895
4.53916
4.71045
5.07517
5.2687
5.01044
5.37809
5.19013
4.83101
4.3838
2.80898
9.5732
8.14878
4.41814
3.58024
4.10529
4.45903
4.65139
5.07837
5.24504
5.00443
5.02682
5.02835
4.73614
4.74483
2.67341
7.74667
8.15107
5.48156
3.44586
4.02769
4.37278
4.64246
5.0005
5.28394
4.91005
4.86626
4.97619
4.73453
4.90523
2.5837
5.41764
8.21244
6.47341
3.41458
3.94945
4.35321
4.62161
4.88427
5.2938
5.20213
4.73137
5.07654
4.71954
5.35847
2.61936
3.64302
8.46909
7.253
3.4588
3.90103
4.22709
4.59632
4.88406
5.28999
5.377
4.67335
4.88942
4.81297
5.55702
2.73821
3.12426
8.65229
7.85421
3.54838
3.78278
4.1323
4.60147
4.7711
5.20448
5.422
4.70947
4.71428
4.75859
5.35266
3.16611
2.80853
9.19418
8.14479
4.06091
3.736
4.11286
4.53697
4.69929
5.20099
5.40365
4.81759
4.77521
4.50754
5.10159
4.22847
2.87453
9.0079
8.13512
4.90964
3.85077
3.99672
4.41919
4.68891
5.10742
5.4174
5.1737
4.70414
4.26051
4.90685
4.90721
2.9776
8.76522
8.15289
5.83431
3.89705
3.95757
4.39047
4.6697
4.99094
5.41137
5.48556
4.69637
4.049
4.70736
5.55584
3.13259
9.17856
8.21421
6.81243
3.97469
3.95118
4.24656
4.65265
4.97223
5.3461
5.46595
4.77493
4.20183
4.50606
6.06771
3.26478
7.87138
8.09614
7.97163
4.27505
3.9299
4.11041
4.63828
4.86355
5.28926
5.44181
4.97751
4.50566
4.4225
6.18943
3.39418
5.88439
7.87368
7.96441
5.16302
3.93217
4.0664
4.53902
4.77796
5.27639
5.4457
5.48782
4.92316
4.57467
6.33067
3.49344
4.57756
7.86205
7.6517
6.01355
3.88886
3.9813
4.40105
4.75894
5.18868
5.42155
5.57718
5.16291
5.02227
6.4018
3.56079
3.99162
8.03256
7.55408
6.84674
3.95296
3.94597
4.3594
4.71592
5.0633
5.40038
5.53636
5.6113
5.43844
6.29077
4.40857
3.61912
8.58678
7.66779
7.63517
3.92299
3.94956
4.18692
4.64916
5.03223
5.32709
5.53422
5.80567
5.80971
6.1645
5.68031
3.67673
9.15968
7.95228
8.20206
4.39628
3.94597
4.05009
4.60797
4.91447
5.28585
5.52189
5.677
5.9992
6.0108
6.26551
3.73655
9.70204
8.14927
8.19498
5.32316
3.90101
4.02938
4.49318
4.81184
5.2676
5.52571
5.64965
5.97127
5.92715
6.32674
3.84433
9.0731
8.45826
8.20115
6.17468
3.94818
3.94597
4.32167
4.7806
5.20484
5.50729
5.55517
5.78097
5.94019
6.32856
3.96997
7.48322
8.67415
8.1672
7.0005
4.08032
3.94301
4.24899
4.72318
5.11734
5.49193
5.52074
5.68816
5.99983
6.22531
4.04322
5.91097
9.29196
8.15955
7.88505
4.13337
3.93847
4.10504
4.61712
5.0952
5.41789
5.52693
5.61633
6.02196
6.20192
4.0661
5.02167
9.90937
8.1517
8.25271
5.09623
3.94026
3.99825
4.55772
4.96891
5.40241
5.51395
5.60849
6.00282
6.03463
4.09206
4.58059
10.1709
8.16515
8.26779
6.01526
3.9271
3.93814
4.40861
4.83432
5.34579
5.5143
5.5944
5.9502
5.95884
4.73137
4.03783
10.1574
8.19222
8.24292
6.87562
3.9541
3.93371
4.23694
4.83083
5.25814
5.52625
5.57479
5.88402
5.91207
5.97662
3.96291
10.3122
8.23028
8.25448
7.64571
3.96711
3.91801
4.15455
4.74592
5.24915
5.49512
5.5865
5.887
5.8904
6.42349
4.03224
10.2944
8.58787
8.25234
8.25597
5.10906
3.93662
4.02489
4.62091
5.20131
5.43461
5.60308
5.81786
5.89129
6.42647
4.07284
10.3096
9.18559
8.26132
8.26493
6.04593
3.92429
3.92926
4.57828
5.13419
5.42505
5.57416
5.70813
5.9013
6.29148
4.06626
9.11541
9.61121
8.27961
8.2778
6.92361
3.9238
3.9286
4.43227
5.13227
5.39067
5.5584
5.69665
5.91779
6.14246
4.13065
7.1349
10.1465
8.27666
8.29632
7.73429
3.9508
3.91377
4.23443
5.02298
5.36158
5.57123
5.64101
5.90146
6.12079
4.1955
5.65107
10.1163
8.28627
8.35607
8.29678
4.8878
3.90448
4.1812
4.93067
5.37119
5.53316
5.60293
5.86249
5.93247
4.20215
4.82634
10.0739
8.30289
8.35933
8.3188
5.36956
3.89173
4.02152
4.92195
5.33777
5.48307
5.58698
5.75186
5.86169
4.72223
4.216
9.9548
8.42254
8.31525
8.36567
6.30842
3.88358
3.91274
4.77227
5.27731
5.49533
5.5797
5.63817
5.85249
5.92025
4.23198
10.135
8.44909
8.31469
8.39066
7.22025
3.86712
3.89056
4.54021
5.30137
5.4664
5.5585
5.60991
5.85904
6.33812
4.31264
10.3436
8.90532
8.31985
8.40543
8.0628
3.99322
3.88311
4.43505
5.19451
5.46631
5.55481
5.56899
5.83747
6.34809
4.34596
10.7622
9.35195
8.32673
8.44991
8.18554
4.28102
3.85969
4.18467
5.05743
5.49489
5.5676
5.55932
5.81798
6.23266
4.3199
9.39983
9.52444
8.35708
8.48927
8.44361
5.20802
3.821
3.9434
5.04353
5.48727
5.57719
5.56336
5.74535
6.03464
4.24535
7.38622
9.5781
8.34456
8.44524
8.44694
6.12754
3.79387
3.84891
4.81279
5.46539
5.55865
5.59044
5.65516
6.00918
4.16473
5.76672
9.59261
8.36695
8.44264
8.45343
7.05822
3.80551
3.73622
4.52853
5.47157
5.56469
5.58094
5.63547
5.83878
4.1063
4.67413
9.66727
8.40352
8.39262
8.45676
7.88264
3.82823
3.6917
4.39192
5.41021
5.56156
5.57137
5.61747
5.72728
4.71911
4.03156
10.155
8.6317
8.38941
8.46279
8.41909
4.96322
3.66605
4.16015
5.25781
5.57679
5.56156
5.61634
5.68582
5.93297
4.01396
10.649
8.73703
8.38507
8.46238
8.43386
5.92922
3.63122
3.85887
5.19173
5.55646
5.55513
5.59186
5.64133
6.23454
4.02132
11.0295
9.01049
8.37797
8.43631
8.44679
6.84938
3.62806
3.78757
4.92963
5.51891
5.54639
5.58828
5.59498
6.20648
3.97974
9.9012
9.13738
8.3537
8.41095
8.44771
7.70181
3.62386
3.65817
4.55791
5.49637
5.54931
5.59774
5.56268
6.05622
3.86255
7.90525
9.32798
8.34814
8.34721
8.44184
8.45567
3.77195
3.64834
4.37163
5.44206
5.54316
5.62622
5.53437
5.83285
3.74779
5.75155
10.0307
8.36156
8.32922
8.43549
8.47209
3.86575
3.66698
4.09292
5.2581
5.53667
5.55921
5.52461
5.78537
3.74731
4.32773
10.7185
8.36269
8.32928
8.42323
8.4588
4.824
3.67601
3.84171
5.16378
5.55289
5.52721
5.4971
5.56446
3.81329
3.92847
11.1014
8.63241
8.30409
8.3919
8.44683
5.79976
3.65664
3.74306
4.86999
5.55222
5.52123
5.53043
5.48121
4.65327
3.84052
11.5933
9.00475
8.30859
8.3698
8.43811
6.71692
3.66773
3.62458
4.45142
5.55711
5.51485
5.54576
5.47119
5.84185
3.76365
11.5524
9.31677
8.31007
8.35069
8.4195
7.54363
3.67839
3.56841
4.2087
5.47623
5.51111
5.67186
5.45973
5.95154
3.82365
11.3491
10.0928
8.32048
8.33746
8.39788
8.2933
4.41485
3.52113
3.90378
5.28387
5.50831
5.61421
5.44997
5.92046
4.09016
10.4654
10.7654
8.32421
8.31884
8.388
8.31323
5.3428
3.45815
3.58682
5.18198
5.50783
5.54975
5.44691
5.72303
4.10154
8.6497
11.1821
8.48116
8.33152
8.35697
8.29438
6.33432
3.41172
3.49182
4.86313
5.53248
5.56856
5.45637
5.56748
3.9664
6.86797
11.5642
8.96208
8.31659
8.34762
8.26457
7.23024
3.48891
3.38571
4.37899
5.57027
5.55119
5.46914
5.58665
3.90745
5.37688
12.0884
9.48509
8.31907
8.32212
8.24626
8.02566
4.28529
3.32831
4.03906
5.5299
5.59859
5.50258
5.48791
3.98447
4.48716
12.0659
10.255
8.3142
8.30908
8.23144
8.26682
4.83654
3.21843
3.65898
5.36176
5.63611
5.60848
5.50855
4.54411
3.94758
11.8102
11.0502
8.31459
8.29952
8.23779
8.26901
5.8213
3.1321
3.22646
5.28717
5.64909
5.6023
5.52512
5.70135
3.66175
10.9251
11.5951
8.34235
8.3
8.25516
8.24283
6.8325
3.0623
3.09337
5.04864
5.66817
5.66899
5.53145
5.85267
3.18947
10.003
11.3221
8.55459
8.29431
8.28728
8.24892
7.74012
3.2151
2.99748
4.60386
5.70411
5.66162
5.53177
5.85589
3.10822
8.25622
11.1944
8.70679
8.27797
8.30643
8.24605
7.98634
3.63296
2.92093
4.19974
5.60515
5.64658
5.52819
5.83815
3.42081
5.96928
11.2815
9.19323
8.26912
8.324
8.26145
8.28685
4.68721
2.88481
3.72998
5.417
5.63501
5.52558
5.74335
3.69253
4.7107
10.9892
9.90154
8.28818
8.32552
8.24949
8.29344
5.75616
2.81206
3.11424
5.34162
5.60382
5.53197
5.74984
3.67489
4.28153
11.1393
10.2863
8.29707
8.2913
8.26784
8.31486
6.79409
2.79496
2.88832
5.15583
5.59405
5.53243
5.6051
3.53651
3.74221
11.1065
10.911
8.4423
8.28896
8.28738
8.32453
7.70643
2.78121
2.80323
4.96175
5.67233
5.54866
5.52895
4.34421
3.51709
10.5133
10.7459
8.56447
8.27177
8.32847
8.37166
8.32432
4.1912
2.91011
4.89349
5.66025
5.52066
5.52575
5.47897
3.63779
10.1868
10.8316
8.9918
8.28708
8.34655
8.37533
8.33688
5.39706
2.83777
4.69812
5.45807
5.50461
5.51627
5.88428
3.71621
10.3866
10.7338
9.61505
8.29317
8.32478
8.42201
8.33985
6.53416
3.15239
4.2008
5.45147
5.50793
5.50018
5.92904
3.71986
9.39148
11.1652
9.96048
8.30615
8.30384
8.45326
8.35616
7.52369
3.2864
3.906
5.34472
5.51697
5.48745
5.8636
3.73839
7.92976
10.7415
10.6117
8.28393
8.27991
8.46939
8.36781
8.32725
3.96288
3.88921
5.21718
5.52628
5.46512
5.67824
3.76708
6.31732
10.3522
10.7935
8.38948
8.2752
8.49806
8.39046
8.36471
4.80532
3.98347
5.21722
5.54141
5.4435
5.65989
3.76455
5.05884
10.4074
10.7112
8.65356
8.31063
8.52996
8.44039
8.378
5.76052
4.69537
5.13603
5.55782
5.44007
5.48535
3.84722
4.39329
10.6315
10.9449
8.92384
8.33897
8.49551
8.45895
8.378
6.85855
4.63065
5.08456
5.69884
5.4786
5.41757
4.42931
3.92421
10.8842
11.4712
9.57569
8.4105
8.45242
8.53839
8.38398
7.91945
4.87507
5.12976
5.53427
5.46005
5.3928
5.58298
3.87531
11.1109
11.14
10.1193
8.4577
8.48017
8.57974
8.38076
8.378
5.10155
5.02242
5.38879
5.49599
5.36724
5.8189
3.77482
11.1895
11.0423
10.6057
8.58974
8.50116
8.59877
8.40544
8.38091
5.77173
5.06592
5.35638
5.51771
5.33857
5.81262
3.69977
10.2158
11.0854
10.7871
8.9653
8.54279
8.60821
8.46836
8.38413
6.39676
5.10366
5.25312
5.49224
5.31679
5.70617
3.76681
8.20812
11.0975
10.9196
9.44596
8.562
8.61398
8.48952
8.38771
7.09731
5.03486
5.19618
5.51339
5.29155
5.53361
3.85851
6.35597
10.9354
11.2439
10.1778
8.59608
8.59542
8.58745
8.39655
7.9624
5.18425
5.1077
5.52799
5.26707
5.52966
3.85555
5.19034
11.2887
11.6282
10.8488
8.63741
8.5807
8.66846
8.40268
8.41168
5.79405
5.03545
5.43046
5.26094
5.34089
3.88831
4.46753
11.4493
11.6002
10.9791
8.81621
8.57731
8.65232
8.41561
8.42201
6.44978
5.09197
5.37046
5.29956
5.25771
4.41618
3.94736
11.4034
11.6285
11.1845
9.26303
8.59868
8.64925
8.46202
8.42814
7.01622
5.06567
5.29283
5.31909
5.25341
5.55404
3.92228
11.2446
11.6254
11.478
9.66831
8.61479
8.61812
8.4841
8.43114
7.608
5.10353
5.21912
5.41697
5.24094
5.81542
3.79636
10.2262
11.559
11.4231
10.2861
8.71678
8.61551
8.54364
8.44085
8.2403
5.34974
5.11314
5.45541
5.25183
5.82181
3.62782
9.09935
11.7029
11.1908
10.696
8.80413
8.62716
8.58857
8.45001
8.36333
5.80205
5.20761
5.41178
5.26343
5.69416
3.48831
7.00858
11.8177
11.2818
10.7536
9.2194
8.60523
8.59429
8.45972
8.4334
6.39606
5.14705
5.41267
5.23471
5.48913
3.46847
4.91464
11.9118
11.1217
10.9106
9.72654
8.60186
8.59906
8.49095
8.43397
7.02293
5.18893
5.2923
5.2389
5.46991
3.54965
4.00286
11.299
11.0104
10.8435
10.168
8.62929
8.5896
8.50679
8.45354
7.64251
5.36259
5.15031
5.25402
5.2928
3.6301
3.90587
10.2044
11.1257
10.7581
10.643
8.8524
8.5642
8.55085
8.44985
8.12131
5.47723
5.2188
5.31036
5.24417
4.37243
3.67583
9.78046
11.1289
10.7697
10.7639
9.02024
8.5647
8.58587
8.44715
8.24093
6.08048
5.20079
5.32093
5.22266
5.5106
3.70185
9.49077
11.5502
10.9324
10.7017
9.44636
8.57901
8.57927
8.44679
8.33282
6.81283
5.24666
5.40254
5.23251
5.73621
3.73098
9.42202
10.5436
10.9103
10.7373
9.93715
8.60602
8.56101
8.44991
8.33604
7.30902
5.27803
5.36325
5.24676
5.71137
3.75041
9.36265
9.28617
10.9881
10.559
10.304
8.77433
8.56415
8.44704
8.38015
8.0053
5.56074
5.28875
5.23343
5.55819
3.74729
9.213
8.99869
11.0282
10.2861
10.3158
9.07062
8.56123
8.47184
8.39977
8.17672
6.05303
5.29674
5.22863
5.38238
3.74055
9.14774
8.82864
11.0945
10.2069
10.0575
9.3317
8.55531
8.50332
8.38752
8.18286
6.66523
5.30265
5.22172
5.37936
3.74733
8.32994
8.51396
10.3146
10.1925
9.8745
9.78744
8.57987
8.47531
8.3965
8.18271
7.40614
5.29865
5.20209
5.22657
3.75976
6.42631
8.30463
9.11527
10.0385
9.81413
10.0792
8.61713
8.49509
8.39705
8.18899
7.92884
5.33269
5.30193
5.19612
4.36256
4.9884
8.01525
8.35224
10.251
9.67267
9.98582
8.97637
8.49421
8.37882
8.25374
8.19493
5.59177
5.28297
5.20322
5.49803
4.29396
7.90355
7.87811
10.5011
9.56275
9.65187
9.44495
8.48358
8.38464
8.32985
8.19809
5.95408
5.36381
5.21207
5.59708
3.75649
8.44877
7.7918
9.92066
9.56769
9.51509
9.63924
8.51281
8.38459
8.33577
8.21056
6.55414
5.43501
5.20889
5.59182
3.76273
9.38156
7.81982
8.65333
9.72701
9.3592
9.74152
8.68918
8.39056
8.40257
8.21373
7.31115
5.36427
5.22178
5.50009
3.75649
10.2671
7.58989
7.94951
9.73572
9.25556
9.75655
8.90924
8.40408
8.44152
8.21737
8.03747
5.94618
5.23092
5.3905
3.75629
10.0131
7.72625
7.41846
10.0534
9.19374
9.60582
9.43398
8.42046
8.42333
8.2393
8.32238
6.51647
5.24038
5.40931
3.74678
8.20099
8.33383
7.11745
9.58861
9.14404
9.4521
9.35362
8.42161
8.43648
8.26075
8.25886
7.02169
5.24662
5.29542
3.73749
6.31472
9.59276
6.78398
8.02732
9.1405
9.26868
9.20142
8.48173
8.43231
8.27649
8.26816
7.6231
5.30265
5.25955
3.71832
4.88985
10.8039
6.71048
7.01676
9.42747
9.1405
9.07855
8.73515
8.41472
8.34891
8.27096
8.27563
5.93967
5.26568
3.70508
4.22016
10.8043
6.93583
6.52522
9.69338
9.17208
8.84929
9.02843
8.40994
8.42174
8.28057
8.29132
6.28631
5.24775
4.316
3.6929
10.7685
8.05584
6.30903
8.8473
9.47286
8.69946
8.72684
8.39967
8.42455
8.28634
8.35193
6.79868
5.33596
5.39484
3.68331
10.6623
9.37447
6.30508
7.44381
9.7577
8.59559
8.4801
8.41367
8.43042
8.30229
8.33665
7.38273
5.25281
5.62544
3.66745
10.5329
10.8845
6.18786
6.21142
9.90619
8.58892
8.23965
8.52171
8.41512
8.31164
8.3021
7.85901
5.5736
5.63101
3.65801
9.61082
11.2781
6.75621
6.20585
9.64368
8.50203
8.03206
8.66789
8.41918
8.32744
8.2863
7.8456
5.348
5.56296
3.63612
7.92144
10.8169
7.93205
6.30927
8.45612
8.78358
7.86951
8.2364
8.40087
8.35521
8.2705
8.21219
5.84979
5.55391
3.63302
6.10888
10.6551
9.4303
6.30382
7.22347
9.02231
7.719
7.99182
8.41004
8.34605
8.27684
8.25175
6.38463
5.42817
3.62687
4.74302
10.5086
10.4105
6.25903
6.4362
9.19709
7.77961
7.82396
8.39946
8.36231
8.32081
8.23008
6.84883
5.62504
3.61088
4.10892
10.4463
10.9974
6.50665
6.16677
8.78143
7.73224
7.75934
8.58663
8.36614
8.3369
8.21699
7.40637
5.54844
4.2059
3.59569
10.4116
11.5966
7.12043
6.0466
7.70465
7.68059
7.74688
8.45583
8.35525
8.31886
8.20805
8.02104
5.86847
5.29424
3.58257
10.3828
11.8379
8.71321
5.85822
6.64581
7.73802
7.65474
8.0242
8.36159
8.29029
8.21684
8.08661
5.87481
5.62083
3.56026
10.3543
11.7792
9.66292
5.93877
6.16943
7.98807
7.57547
7.69515
8.3991
8.2678
8.2106
8.15689
6.14019
5.68846
3.5477
9.45767
11.4023
10.1051
6.48949
6.47906
8.01414
7.60314
7.55778
8.31593
8.24961
8.27644
8.15689
6.59638
5.63937
3.5416
7.79701
10.8881
10.6546
7.67771
7.09243
8.06309
7.32376
7.48524
8.26097
8.22043
8.30164
8.19794
7.18691
5.71066
3.53485
6.00664
10.6556
11.1659
8.8331
7.73831
7.9917
7.2678
7.43812
8.04394
8.20407
8.30143
8.21377
7.51196
5.67398
3.52549
4.6566
10.5034
11.3634
9.47177
8.24399
7.60725
7.30045
7.23999
7.73838
8.1989
8.20887
8.21699
8.03065
6.18389
3.54452
4.05593
10.3935
11.7518
9.88613
8.58354
7.54025
7.14682
7.28771
7.70642
8.23926
8.1866
8.22354
8.06213
6.68059
4.1625
3.54742
10.4439
12.0959
9.96301
8.82083
8.00935
7.00631
7.27286
7.75945
8.30816
8.19176
8.24821
8.08762
7.08102
5.25392
3.56614
10.3973
11.8049
10.2027
8.91313
8.57496
6.97576
7.04659
7.82385
8.47431
8.20916
8.25773
8.11279
7.54311
5.64883
3.56322
10.3315
11.2787
10.5796
8.93863
8.99456
6.90139
6.90684
7.83627
8.30799
8.21797
8.32648
8.11892
8.08733
5.98226
3.5825
9.45436
10.8703
10.7856
9.1547
8.94255
6.85329
6.82991
7.82387
7.86606
8.26262
8.40784
8.14391
8.12167
6.28648
3.57917
7.80477
10.4272
11.1579
9.5828
8.91522
7.26135
6.88187
7.9917
7.75934
8.35119
8.33496
8.19487
8.1187
6.76138
3.59165
6.03407
10.2592
11.4785
9.8092
8.89672
8.08185
7.0115
7.85289
7.80779
8.46866
8.34373
8.21036
8.12883
7.31703
3.57565
4.68618
10.0945
11.5445
10.1685
8.87951
8.80765
7.26795
7.83305
7.92435
8.80886
8.39488
8.23295
8.14115
7.8662
4.15105
4.09041
9.9449
11.675
10.4812
8.81066
9.66569
7.49117
7.53263
8.08048
8.53162
8.49262
8.27629
8.15071
8.10185
4.75464
3.58859
9.79783
10.9757
10.5468
8.81725
10.3995
7.83997
7.72363
8.28163
8.21829
8.59839
8.29826
8.17227
8.1252
6.30658
3.9653
9.62295
10.0342
10.8273
8.94063
10.03
8.452
7.98597
8.32805
8.2195
8.69282
8.34954
8.22569
8.13133
7.30843
3.87532
9.49693
9.62822
11.1421
9.13812
9.68723
9.14075
8.26983
8.54818
8.19701
8.8208
8.39001
8.24449
8.14067
7.73346
4.0754
9.27495
9.42511
11.1665
9.29338
9.47871
9.4852
8.56789
8.79208
8.24889
8.84904
8.39271
8.29858
8.15029
7.75541
4.29826
7.61834
9.41113
11.3502
9.55277
9.3381
9.85626
8.91424
8.91441
8.25369
8.61891
8.44035
8.35531
8.14993
8.10215
4.24108
5.99373
9.4215
11.1704
9.68231
9.17538
10.1261
9.29741
9.15107
8.29387
8.38358
8.47444
8.3805
8.18807
8.12566
3.7879
4.74763
9.46511
10.6345
10.1167
9.12497
10.2634
9.93057
9.36246
8.4105
8.35523
8.47511
8.3899
8.25359
8.116
3.90227
4.14117
9.49479
10.2556
10.4844
9.1146
10.4751
10.301
9.27177
8.6293
8.32951
8.52755
8.39318
8.26621
8.10695
4.78066
4.09942
9.47
9.90394
10.5389
9.18134
10.4965
10.4752
9.26652
8.72529
8.34173
8.66994
8.39644
8.339
8.09375
6.36171
3.78764
9.3268
9.39391
10.6951
9.3412
10.2629
10.5894
9.53567
8.63111
8.31285
8.74178
8.41904
8.40489
8.07776
7.58508
3.81917
9.13209
9.1714
10.8593
9.48907
10.1904
10.653
9.91923
8.66133
8.28548
8.78582
8.42892
8.42507
8.09356
8.0655
3.82853
9.22576
8.96492
10.5418
9.51766
10.0808
10.6818
10.4811
8.77579
8.25269
8.52856
8.4261
8.42256
8.14667
8.05916
3.81974
7.58313
8.85407
10.3496
9.52958
9.73979
10.626
10.8653
8.64584
8.22328
8.07921
8.42797
8.42313
8.15934
8.04981
3.79105
5.57884
8.78892
10.1041
9.52096
9.66374
10.538
10.6513
8.75463
8.31058
8.1009
8.50119
8.40697
8.26284
8.04428
3.75815
4.31757
8.67469
9.5898
9.54678
9.52785
10.4315
10.4665
9.27755
8.26898
7.86009
8.53302
8.40328
8.34472
8.04005
3.89905
3.7167
8.49131
9.19157
9.70661
9.48421
10.6036
10.3355
9.6924
8.10196
7.78125
8.81393
8.38109
8.36701
8.0336
4.78992
3.67301
8.28372
8.9378
9.71785
9.42784
10.7473
10.216
10.1404
7.90167
7.77741
8.69548
8.3749
8.45548
8.09345
6.34668
3.6286
8.19342
8.44109
9.71448
9.38393
10.6279
10.0464
10.8011
7.62595
7.62287
8.20363
8.35576
8.41536
8.10855
7.52829
3.55873
8.18034
8.25426
9.50601
9.32499
10.8804
9.82823
11.2969
7.23825
7.65896
8.04423
8.32334
8.31689
8.21194
7.9866
3.476
7.89251
8.20165
9.29746
9.2719
10.9836
9.52832
11.6829
7.16931
7.27481
7.7926
8.26263
8.23815
8.32576
7.98122
3.38416
6.33458
8.21908
9.16889
9.18487
10.1411
9.16204
11.1853
7.23811
6.79054
7.52739
8.53527
8.19575
8.36118
8.00237
3.32656
4.55672
8.22414
9.04548
9.036
9.58036
8.79499
10.2831
7.69934
6.40417
7.44728
8.35433
8.17706
8.4398
8.09025
3.28117
3.62462
8.28384
9.04517
8.93883
9.25919
8.50542
9.51898
8.86489
6.24704
7.34347
8.17721
8.23655
8.49945
8.12504
3.71783
3.27444
8.04062
8.82246
9.03714
8.90904
8.33584
8.86848
9.85656
6.34944
7.43985
7.9409
8.23003
8.39416
8.23157
4.75517
3.21403
7.42181
8.42889
8.73572
8.88561
8.48109
8.31415
10.8976
6.64472
7.52909
7.71758
8.20115
8.33274
8.34738
6.33706
3.07239
6.63593
7.94195
8.44485
8.85298
8.86276
8.36149
11.6183
7.0247
7.64695
7.58546
8.30224
8.2398
8.37315
7.55921
2.82405
5.93778
7.30937
8.29604
8.76596
9.82176
8.44533
11.4893
7.48695
7.67876
7.52955
7.94798
8.29689
8.44255
8.09659
2.6337
5.13498
6.63589
8.17453
8.71008
10.7902
8.50416
11.2055
7.90592
7.91221
7.3936
7.71476
8.33051
8.50562
8.12516
2.62982
4.00215
6.15261
7.9886
8.40044
9.6917
8.51502
10.7395
7.91064
7.90096
7.35408
7.49741
8.39682
8.44255
8.19721
2.76434
2.92461
6.71445
7.94205
7.952
9.05361
8.48659
9.68987
7.96637
7.4237
7.42746
7.31161
8.35685
8.42706
8.27926
2.77382
2.70784
7.36874
7.90275
7.75631
8.51123
8.54803
9.03236
8.62968
6.9473
7.68701
7.26716
8.19644
8.3626
8.30701
3.57278
2.56401
7.73703
8.01357
7.59917
8.05865
8.70325
8.89433
9.56367
6.68668
7.82132
7.28703
7.88564
8.37645
8.38265
4.86199
2.5124
8.00552
8.1168
7.43284
7.86644
9.05751
8.85209
10.2784
6.60053
8.29001
7.10169
7.65569
8.39732
8.44321
6.48416
2.59011
8.23059
8.14872
7.52621
7.78416
9.57213
8.91464
10.9738
6.59255
8.62784
7.15831
7.23757
8.39972
8.45575
7.74137
2.91794
8.40692
8.13727
7.70474
7.59305
10.1486
8.85026
11.3191
6.55899
7.51963
7.26351
7.04313
8.37929
8.4721
8.30185
3.26244
7.88462
8.03813
7.73124
7.2886
8.98798
8.77041
11.1285
6.49393
6.78483
7.72618
7.03194
7.89401
8.42031
8.32322
3.38923
6.11674
7.88314
8.12577
7.08949
7.91574
8.81161
10.9123
6.54724
6.65297
7.89578
7.02474
7.43084
8.4064
8.36076
3.36109
4.33259
7.54618
7.95855
6.94295
7.13736
8.94135
10.7819
7.26886
6.75978
8.4629
6.87621
7.11227
8.35335
8.41479
3.24432
3.50104
7.36273
7.56709
7.10174
6.80737
9.00609
10.5751
8.52822
7.10499
9.25941
6.66948
6.79895
8.29892
8.4126
3.77914
3.11072
7.40722
7.46455
7.74022
6.76351
9.02513
9.83985
10.1159
7.2042
9.13505
6.8949
6.60439
8.19984
8.37223
4.89924
3.02223
7.08042
7.38609
8.03389
6.74904
9.2931
9.30571
10.9913
7.10618
8.29147
7.52646
6.46277
7.95284
8.29392
6.53421
2.99174
6.72388
7.34111
8.4536
6.67718
8.32272
8.80155
10.6835
7.1273
7.63323
7.8859
6.30352
7.20714
8.1408
7.78558
2.96994
6.31137
7.19251
8.19634
6.71999
7.28668
8.5187
10.535
7.35466
7.31838
8.5773
6.29698
6.60074
8.10701
8.32642
2.95134
5.82735
6.80016
7.72692
6.78887
6.84951
8.50906
10.4378
7.70736
7.51813
9.35518
6.08744
6.19604
8.07027
8.32964
2.92252
4.70981
6.53085
7.47298
7.05455
6.70187
8.51964
10.3624
8.5234
7.84918
9.8984
6.32174
5.99551
7.68284
8.38924
2.88029
3.37678
6.30916
7.50917
7.7899
6.86779
8.55161
10.1096
9.57344
8.08846
10.5518
7.10203
5.83268
7.23567
8.36122
2.86135
2.96926
6.14143
7.61675
8.93501
6.95887
8.51079
9.73008
10.3703
8.31152
10.2277
7.81061
5.84704
6.56965
8.27983
3.67879
2.90559
6.19165
8.03401
8.87916
7.10463
8.35004
8.99701
10.6621
8.55167
9.37822
8.53446
5.69409
6.05491
8.23619
4.89317
3.01759
6.53203
8.2078
8.80864
7.20455
8.17616
8.37555
10.6248
8.78122
8.94493
9.37807
5.56077
5.51848
8.20536
6.51212
3.07809
6.82069
8.48062
8.67305
7.25842
7.51798
8.08256
10.5408
9.08256
8.97214
9.85895
5.84264
5.46679
7.79005
7.76314
3.08811
7.07636
8.5546
8.54509
7.50729
7.13122
7.96488
10.4657
9.51277
9.12057
10.4611
6.42531
5.38751
7.26997
8.32985
3.08514
6.83378
8.69952
8.67474
8.61636
7.04809
7.75393
10.0479
9.85026
9.29293
10.9525
7.10725
5.32773
6.47419
8.339
3.11321
5.82215
8.91879
8.70462
9.20012
6.9874
7.60144
9.01076
10.3486
9.53658
11.187
7.91337
5.34148
5.81025
8.41699
3.23443
4.44547
9.79437
8.86769
9.15301
7.03979
7.57907
8.3167
10.6386
9.83077
11.5786
8.90392
5.1765
5.34333
8.42558
3.41202
3.81226
10.26
8.69063
8.77813
7.03388
7.62872
8.05637
10.3084
10.2093
11.6465
9.45997
5.44454
5.00197
8.11138
3.89322
3.55844
10.2481
9.07973
8.74439
7.027
7.10664
7.66604
9.92026
10.5716
11.0596
10.2355
5.94658
4.93439
7.60729
4.89915
3.64192
10.0735
9.28508
8.7115
7.25013
6.97269
7.69658
9.53567
10.7757
11.0358
10.961
6.34
4.8937
6.79518
6.54673
3.61369
9.6722
9.19481
8.84958
7.64008
7.06928
7.77081
8.99773
10.4676
11.279
11.3282
6.96358
4.66853
5.75161
7.82929
3.55588
9.11357
9.40535
8.80917
8.68211
7.25691
7.89547
8.76864
10.0666
11.4791
11.8474
7.82317
4.70437
5.39559
8.33819
3.54877
8.58979
9.27351
8.95715
9.39154
7.28934
8.12009
8.67423
9.60802
11.5831
12.3397
8.48123
4.78882
4.90594
8.0763
3.60801
7.10948
8.93554
9.37006
8.9495
7.35387
7.90959
8.54636
9.27257
11.5152
12.5647
9.29601
5.04761
4.69557
7.79659
3.71057
5.35839
8.89754
9.30827
8.90393
7.4941
7.35895
8.81001
8.95153
10.9112
12.8022
10.3945
5.45626
4.58753
7.23484
3.82822
4.4018
8.90284
9.1146
8.89425
7.91325
7.51371
8.90354
8.85946
10.3986
12.5636
10.9961
5.6298
4.52441
6.25236
4.06859
3.90732
8.7612
9.3093
8.67349
8.73397
7.82045
9.11846
8.96825
10.0822
12.0247
11.6061
5.98438
4.30633
5.49261
5.0054
3.95101
8.81169
9.2121
8.58717
9.14926
7.81595
9.33084
9.30645
9.91206
11.3338
12.205
6.83913
4.1049
4.86812
6.70287
3.9654
8.96477
8.965
8.40314
8.7521
8.0927
9.26372
9.63917
9.86994
10.5867
12.4737
7.70347
4.01234
4.09413
8.02109
3.99969
9.07615
8.98729
7.9507
8.74362
8.47928
8.63616
10.0567
9.72199
9.91699
12.8185
8.68672
4.081
4.0199
7.80264
4.07905
9.23311
9.10107
7.68404
8.23518
8.84396
8.6708
10.3141
9.61799
9.64402
12.9739
9.80951
4.78742
4.17934
6.87882
4.18648
8.22928
9.25401
7.38896
7.15695
9.4679
8.78387
10.0857
9.76062
9.58991
12.3383
10.8459
5.43737
4.17716
5.95654
4.2405
6.25079
9.28214
6.96762
6.81823
9.08757
9.01354
9.89825
10.3688
9.64754
11.4349
11.4576
5.9746
3.97418
5.07492
4.23466
4.92449
9.37173
6.50173
6.27726
8.42976
9.14743
9.70668
10.8469
9.45962
10.3833
11.7042
6.84245
3.7436
4.27624
4.285
4.21515
9.36805
6.37433
5.596
7.91964
9.22818
9.25161
11.1257
9.14571
9.42879
12.0176
7.6984
3.64126
3.75363
5.20056
4.20264
9.37542
6.55178
4.96272
7.04364
9.23267
9.18246
10.7822
8.75149
8.76191
12.2786
8.34927
3.7475
3.63399
6.91663
4.18584
9.51843
7.15548
4.52203
6.25237
9.59491
9.30757
10.0669
8.71526
8.36291
12.2219
9.16456
4.172
3.6431
6.83891
4.16473
9.60626
7.56899
4.32529
5.56718
8.99078
9.27465
9.50578
9.36074
8.18459
12.0406
10.1118
4.31781
3.62818
5.87613
4.16423
9.73354
7.66608
4.295
4.83295
8.09971
9.08852
9.10169
9.92583
8.07719
11.2532
10.7747
4.51807
3.56251
4.87923
4.13991
8.06532
7.82417
4.3428
4.34337
7.50568
9.10633
8.86868
10.5146
8.22087
10.0149
11.2539
4.83634
3.46165
4.18563
4.11077
5.96783
7.62695
4.4351
4.28543
6.55023
9.2994
8.72411
10.7836
8.44141
9.01911
11.4748
5.15991
3.41552
3.80684
4.06468
4.65616
7.44904
4.96004
4.17104
5.76524
9.14855
8.62705
9.91831
8.62334
8.61065
11.4792
6.0365
3.47565
3.59582
4.23226
4.03196
7.67353
5.75635
4.05888
5.35744
8.48956
8.50483
9.17953
8.66586
8.18711
11.5405
7.25341
3.58646
3.65582
5.18109
3.98291
8.2402
6.44456
4.00955
4.94735
7.6579
8.30438
8.63703
8.80527
7.79095
11.4878
8.41001
3.58764
3.73661
6.2944
3.94246
8.56448
7.17826
3.99351
4.66995
7.00709
8.25977
8.14973
9.35649
7.27295
11.1352
9.69802
3.6251
3.6167
5.3664
3.89268
9.20669
7.60155
4.0018
4.48848
6.22412
8.28234
7.99936
9.71956
6.89596
10.0767
10.6534
3.63513
3.61564
4.51134
3.86458
