0
0.296064
4.07999
0.840516
0.910316
2.44231
6.92354
5.55084
5.38475
9.83647
14.7627
15.8315
7.40601
0.0655622
0
0
0.0163692
2.99182
0.850196
0.833501
1.77617
6.57864
6.03699
5.29446
8.76959
13.6746
15.6727
9.74267
0.130246
0
0
0.0326535
1.95748
1.01869
0.86271
1.59866
5.73499
6.23869
5.50852
7.65909
12.3635
15.0966
11.7024
0.217463
0
0
0.0163692
1.18858
1.54145
0.867699
1.5825
4.5617
6.29294
5.39158
7.0137
11.0763
14.5719
12.8722
0.272183
0
0
0.0264176
0.572427
2.33579
0.899729
1.55355
3.44945
6.49582
5.45258
6.10706
10.1564
14.1986
13.4688
0.344194
0
0
0.0163692
0.0994628
3.23236
0.951501
1.44466
2.37914
6.7546
5.3952
5.58289
8.95061
13.8683
14.1593
0.958587
0.00296206
0
0.320029
0.0231438
3.81369
1.04758
1.28372
1.68656
6.43865
5.67151
5.66306
8.14202
13.5913
14.7896
2.34869
0.016015
0
1.0679
0.0163693
2.46197
1.10614
1.14802
1.5006
5.37646
5.77047
5.8281
7.44118
13.1878
15.0656
4.37879
0.0354597
0
0.578594
0.0164827
1.23978
1.1731
1.12118
1.44405
4.11314
5.86475
5.81936
6.65294
12.6181
15.0935
6.6534
0.0632237
0
0.133222
0.0163693
0.397851
1.48463
1.1399
1.43427
3.01977
6.17826
5.9002
6.22293
11.5845
14.6204
8.92436
0.0886917
0
0
0.108108
0.0130954
1.95548
1.16466
1.3866
2.08587
6.38987
5.83581
5.4261
9.83839
13.9528
10.7856
0.117604
0
0
0.619594
0.0163693
2.45426
1.21914
1.35532
1.52315
6.07554
5.88078
4.95392
7.61476
13.307
11.9968
0.151037
0.00296206
0
1.38705
0.0294647
2.39303
1.26596
1.41883
1.34801
4.982
5.7489
4.29738
5.79219
12.7024
12.5435
0.245808
0.0192888
0
2.18628
0.0163693
1.16317
1.31381
1.87223
1.31437
3.73248
6.02632
3.79693
4.48814
11.6404
12.9025
0.454017
0.0380107
0
2.00356
0.0163693
0.283678
1.37152
1.6992
1.39169
2.71369
6.25758
3.62981
3.68483
10.5022
13.2395
0.959692
0.044771
0
1.23705
0.267181
0.0163693
1.46798
1.46109
1.41395
1.87578
5.97453
3.95411
3.63737
9.32901
13.0789
1.98771
0.0447144
0
0.555564
0.93071
0.00919798
1.69924
1.49284
1.44086
1.4904
5.25553
4.40987
4.02024
8.05915
12.3543
3.29398
0.0415397
0
0.129891
1.72049
0.0130954
1.07844
1.52785
1.56041
1.44687
4.19385
5.21069
4.31904
6.89451
11.6503
5.0109
0.0288553
0.00327385
0
2.53297
0.0288411
0.422186
1.57182
1.85881
1.46829
3.10108
5.7224
4.48308
5.86757
10.5617
6.73919
0.0255814
0.00296206
0
3.25471
0.022917
0.0749586
1.62166
2.40192
1.4721
2.26463
6.08527
4.50552
5.05929
9.56698
8.25679
0.0290679
0.00296206
0
3.22887
0.528905
0.0196431
1.6165
3.20396
1.50063
1.67651
5.50591
4.44936
4.52594
8.73046
8.92321
0.0357715
0.00296206
0
2.64906
1.27194
0.0130954
1.13906
2.36657
1.51017
1.48795
4.65759
4.36386
4.33194
7.41188
8.02425
0.0729885
0
0
1.94536
2.03743
0.0261908
0.649172
1.84631
1.77368
1.4557
3.60993
4.45576
4.196
5.91595
6.6925
0.12289
0
0
1.19249
2.81247
0.00888618
0.158789
1.60558
2.12703
1.47234
2.62018
4.90588
4.00286
4.7995
5.29146
0.246007
0
0
0.542298
3.5106
0.0658739
0.0295781
1.36327
2.46599
1.47794
1.96003
5.22638
3.73306
3.9332
3.75324
0.441999
0
0
0.129891
3.57765
0.430561
0.0154339
1.07103
2.68686
1.45148
1.54872
5.23523
3.31393
3.24578
2.40216
0.628084
0.00296206
0
0
3.52515
1.07973
0.00993495
0.713006
3.14693
1.49223
1.47254
4.27519
3.09148
2.87382
1.6951
0.793293
0.00629261
0
0
3.37227
1.87561
0.00888618
0.34136
3.88726
1.6749
1.46395
3.20916
3.32972
2.67848
1.55518
0.873212
0.00962315
0
0
3.01317
2.72409
0.0164827
0.0387477
2.58117
1.93096
1.48561
2.29857
3.7229
2.50589
1.33641
0.742273
0.0284868
0
0
2.4741
3.42838
0.124577
0.00888618
1.54407
2.19442
1.46078
1.78512
4.03737
2.19802
1.02978
0.495373
0.0663983
0
0
1.78982
3.69833
0.309528
0.0164827
0.91281
2.2827
1.50239
1.50935
4.4667
2.13581
0.850975
0.474355
0.0951969
0
0
1.1194
3.66214
0.520387
0.0118483
0.514675
2.24167
1.54688
1.48727
3.79342
2.1624
0.895505
0.450176
0.173911
0
0
0.522202
3.33138
0.887994
0.0197565
0.184413
2.17603
1.64486
1.53181
2.77191
2.28366
0.948794
0.459374
0.244391
0
0
0.116569
2.93272
1.5351
0.0311795
0.00333055
2.39212
1.69441
1.51327
2.00256
2.45903
1.13496
0.459941
0.281027
0.00296206
0
0
2.6131
2.17847
0.227214
0.0197565
3.27458
1.67584
1.53146
1.63525
2.57043
1.34795
0.432021
0.289049
0.0187219
0
0
2.13455
2.81407
0.40583
0.00999163
1.99386
1.65464
1.52936
1.50281
2.7758
1.52505
0.416885
0.299126
0.0353038
0
0
1.65348
3.43324
0.621522
0.0197565
0.739693
1.64542
1.60701
1.50923
3.10404
1.66241
0.380504
0.268754
0.0670786
0
0
1.27544
3.64968
0.837072
0.0118483
0.0730452
1.65008
1.61564
1.4764
2.33769
1.85835
0.338908
0.247027
0.0955795
0
0
0.89481
3.56632
0.991043
0.104622
0.0164827
1.74178
1.62404
1.52271
1.77651
2.01311
0.301351
0.248856
0.115747
0.00654771
0
0.531214
3.59513
1.10848
0.373928
0.0118483
1.85623
1.63336
1.51801
1.56697
2.09347
0.331524
0.265848
0.13753
0.0185093
0
0.295228
3.59634
1.53871
0.58575
0.0197565
2.12516
1.65229
1.63405
1.57611
2.19159
0.386938
0.297637
0.156621
0.0283309
0
0.073272
3.56577
2.14632
0.820929
0.0181408
1.02986
1.67684
1.62395
1.56615
2.32627
0.516575
0.282699
0.157074
0.0574554
0
0
3.61458
2.67487
1.02586
0.0431412
0.0230304
1.74229
1.62061
1.57976
1.87464
0.686914
0.265962
0.16613
0.0889185
0
0
3.64965
3.27194
1.02214
0.260179
0.0217265
1.65762
1.63659
1.58401
1.60892
0.880383
0.247339
0.178347
0.106025
0
0
3.3369
3.68385
1.00565
0.579812
0.0230304
1.22548
1.65931
1.64516
1.58231
1.12273
0.237461
0.186029
0.121983
0
0
2.78244
3.67489
0.985388
0.842528
0.0246318
0.748989
1.68801
1.72765
1.57163
1.36708
0.234655
0.208818
0.131649
0.00623592
0
2.07468
3.6891
1.03844
0.966297
0.00993495
0.192094
1.71594
1.70148
1.58321
1.54099
0.265806
0.216981
0.131649
0.0350345
0
1.30214
3.71196
1.31622
0.994331
0.107626
0.00888618
1.52115
1.72929
1.59863
1.73621
0.32774
0.214997
0.131649
0.0725351
0
0.598294
3.68934
1.91264
1.0066
0.452132
0.00982156
1.07674
1.73965
1.58579
1.66791
0.39958
0.221928
0.132017
0.0955087
0
0.139883
3.64764
2.52822
1.04223
0.799785
0.0118483
0.653282
1.77755
1.6956
1.58904
0.529514
0.218541
0.132017
0.124421
0
0
3.58263
3.05628
1.04554
1.07924
0.0130954
0.239218
1.80398
1.83298
1.60524
0.675208
0.221602
0.131649
0.128375
0
0
3.47707
3.56823
1.06504
1.13693
0.0118483
0.0199833
1.8326
1.82882
1.58025
0.827817
0.265693
0.134823
0.128587
0.00296206
0
3.16318
3.67873
1.09898
1.13434
0.280531
0.0261908
1.43008
1.86771
1.57324
1.00544
0.368429
0.128687
0.128375
0.0126844
0
2.63143
3.66934
1.14891
1.10713
0.844172
0.0118483
0.953697
1.89936
1.57978
1.17055
0.524001
0.137374
0.128687
0.0286002
0
1.92905
3.66805
1.39181
1.09503
1.47029
0.0360123
0.488697
1.94096
1.66393
1.23137
0.688161
0.14996
0.128687
0.0541249
0
1.20172
3.62306
1.86628
1.08496
1.36708
0.0308678
0.102623
1.95408
1.77101
1.24462
0.73194
0.160249
0.128687
0.0791394
0
0.55878
3.47285
2.43345
1.08787
1.29677
0.153276
0.0196431
1.73392
1.90208
1.2767
0.753384
0.191712
0.128687
0.099151
0.00623592
0.146175
3.37751
2.98084
1.09208
1.26957
0.57267
0.0243201
1.28473
1.94711
1.33155
0.719327
0.233053
0.128687
0.121359
0.0125285
0.00950977
3.36342
3.43727
1.12676
1.18036
1.15675
0.0163693
0.781247
1.94399
1.48596
0.668164
0.305035
0.128687
0.128687
0.0223501
0.0191896
3.3509
3.53595
1.12888
1.14297
1.8851
0.0177724
0.319421
1.95392
1.70605
0.572428
0.513159
0.128687
0.128687
0.0350912
0.0254255
3.04363
3.5132
1.12193
1.14588
1.77189
0.0196431
0.041398
1.95367
1.89908
0.489859
0.525305
0.125413
0.128687
0.0569311
0.0253688
2.55335
3.43259
1.30267
1.10532
1.58384
0.297014
0.0177724
1.95693
1.95377
0.528012
0.432616
0.143709
0.1252
0.074094
0.0316614
1.87673
3.34149
1.7173
1.1268
1.54903
0.787837
0.0130954
1.74111
1.96328
0.631216
0.39985
0.175073
0.128474
0.09266
0.0290679
1.15275
3.32907
2.18899
1.14583
1.46027
1.39157
0.0118483
1.26093
1.98594
0.833373
0.370994
0.198359
0.128687
0.111325
0.028501
0.535267
3.2679
2.72828
1.15186
1.38996
2.01012
0.0130954
0.723224
1.97627
1.15485
0.338114
0.229878
0.131649
0.125101
0.0125852
0.145864
3.22693
3.25886
1.16576
1.35645
2.55067
0.0604884
0.232585
1.97263
1.48085
0.306141
0.261015
0.131649
0.121926
0.0188211
0.0064485
3.22282
3.48348
1.19652
1.27978
2.78459
0.529231
0.00982156
1.97647
1.78108
0.283351
0.353165
0.150371
0.118851
0.0283876
0.00623592
3.21699
3.36816
1.23111
1.2348
2.41569
1.08014
0.0118483
1.54227
2.00598
0.27078
0.415935
0.165932
0.112204
0.041072
0.0066044
3.07204
3.33422
1.31181
1.25051
2.02369
1.74964
0.0163692
1.05652
2.05391
0.268286
0.29391
0.17007
0.115478
0.0567752
0.0159583
2.62097
3.25775
1.64482
1.29492
1.82249
2.46371
0.0177724
0.528082
2.12173
0.418231
0.27781
0.191868
0.120991
0.0800748
0.0156465
1.97445
3.19724
2.12642
1.33541
1.78247
3.05103
0.022917
0.118454
2.06718
0.635624
0.2844
0.208861
0.115747
0.0896413
0.0222509
1.29228
3.18092
2.53754
1.3662
1.66924
3.23023
0.160178
0.0118483
1.67454
0.94698
0.294137
0.20434
0.128318
0.0891736
0.0251137
0.640882
3.13963
3.01694
1.41436
1.606
3.07148
0.630408
0.00993495
1.23356
1.3168
0.297255
0.220723
0.137318
0.086254
0.0254255
0.185349
3.12324
3.22099
1.4364
1.59114
2.70641
1.21021
0.00888618
0.781913
1.61838
0.288
0.248218
0.141584
0.0895279
0.0414405
0.031874
3.08444
3.07932
1.4584
1.5299
2.47604
1.79882
0.00993495
0.311129
1.90295
0.27506
0.348744
0.156663
0.0953103
0.0479457
0.0315622
3.10276
3.03297
1.50577
1.46175
2.37543
2.53247
0.01216
0.0299182
2.19961
0.272311
0.48025
0.175385
0.102326
0.0479882
0.0191896
3.19104
3.03323
1.68445
1.49614
2.26746
3.16675
0.273459
0.00993495
1.79182
0.265905
0.301138
0.192321
0.121303
0.0448702
0.00931135
3.42116
3.07541
2.01539
1.51842
2.20775
3.24743
0.74899
0.00296206
1.1926
0.376266
0.2433
0.205346
0.131181
0.047889
0
3.56836
3.08851
2.41018
1.53945
2.18713
3.12199
1.28373
0.0130954
0.643872
0.596139
0.23097
0.199082
0.131337
0.0448702
0.00654771
4.24854
3.07557
2.77243
1.51996
2.01939
3.05745
1.83432
0.0240083
0.152072
0.968281
0.215011
0.199039
0.134611
0.0567752
0.00654771
2.92022
3.12117
3.00789
1.53761
1.86661
2.86869
2.55225
0.105557
0.00982156
1.51785
0.21178
0.195964
0.137261
0.0736263
0.012897
0.788602
3.20519
2.96627
1.53986
1.77313
2.76536
3.07796
0.44309
0.0180841
2.0247
0.205913
0.197849
0.131904
0.0896413
0.0251704
0.0194447
3.41632
2.94703
1.54641
1.60433
2.7809
3.34028
0.897362
0.0164827
1.29272
0.202469
0.231877
0.130869
0.10893
0.0320299
0.0253688
4.177
2.98028
1.63826
1.56511
2.78914
3.64128
1.3936
0.0118483
0.576566
0.214955
0.384061
0.133576
0.121671
0.0449269
0.0253688
6.84301
2.97273
1.86049
1.58949
2.81238
3.9388
1.91169
0.00993495
0.0494763
0.237035
0.25563
0.12785
0.12187
0.0700407
0.0320299
9.78435
2.98617
2.20214
1.55621
2.84976
3.90381
2.45168
0.194107
0.00888618
0.501297
0.244065
0.131238
0.121714
0.080174
0.0382658
10.3721
3.09078
2.52844
1.50736
2.71138
3.73231
2.82141
0.548774
0.0133222
0.995152
0.301138
0.131238
0.115577
0.096189
0.0382658
6.55685
3.70598
2.72967
1.47807
2.48891
3.60734
3.03839
0.951841
0.0158024
1.28882
0.335506
0.131918
0.115364
0.128488
0.0382658
2.87636
5.88515
2.77838
1.47844
2.27413
3.36996
3.35747
1.40783
0.0165961
0.4544
0.370612
0.131181
0.118553
0.12187
0.0445017
0.820377
8.37047
2.75752
1.50894
1.95866
3.27833
3.75416
1.86193
0.033518
0.0125285
0.383934
0.14388
0.11912
0.12187
0.0695163
0.0445017
11.295
2.83191
1.58765
1.67501
3.2611
4.08884
2.24595
0.323545
0.0165961
0.414702
0.171417
0.122082
0.125002
0.0863107
0.0477756
14.1405
2.93458
1.76906
1.51784
3.11652
4.64968
2.50292
0.644142
0.0184527
0.434558
0.340198
0.118497
0.122082
0.102326
0.0574554
15.3323
4.36811
1.90407
1.47012
2.97403
5.27751
2.68558
1.02975
0.0165961
0.516829
0.464462
0.128318
0.121827
0.102637
0.0636913
12.2633
6.79045
2.15845
1.48649
2.84345
4.84586
2.94691
1.44227
0.0184527
0.132485
0.457546
0.137686
0.128219
0.0956221
0.0701398
8.58855
9.54305
2.43205
1.51908
2.5457
4.43212
3.30746
1.80313
0.141825
0.0231438
0.378237
0.131549
0.131549
0.0801173
0.0636488
5.33767
12.2226
2.63582
1.55392
2.26181
4.07513
3.61588
1.97028
0.510835
0.0250004
0.293542
0.134611
0.128375
0.067277
0.0604742
2.49139
15.0994
2.94481
1.53399
2.02922
3.60409
4.1643
2.13603
0.840063
0.0164827
0.213084
0.144234
0.124619
0.0610411
0.0409161
0.780836
16.8075
4.47817
1.52125
1.72936
3.27225
4.92311
2.21483
1.19703
0.0216698
0.144036
0.162587
0.105444
0.0704517
0.0468402
0.0219958
16.2794
6.52416
1.50528
1.5227
3.07447
5.66514
2.37865
1.54666
0.0514038
0.0164827
0.187857
0.0896271
0.0829802
0.0417523
0.0124718
15.9252
9.02384
1.5002
1.49354
2.7972
6.57323
2.69284
1.72855
0.343216
0.00925467
0.291869
0.0917671
0.0608852
0.0351904
0.0124718
13.6738
11.6288
1.68216
1.49058
2.61173
6.20112
3.01848
1.72222
0.765813
0.0160575
0.114103
0.0892161
0.0480874
0.0380674
0.00592412
10.6528
13.8614
1.93937
1.50875
2.47519
5.54092
3.48668
1.75912
1.11729
0.00925467
0.0323984
0.095778
0.0385209
0.0449269
0
8.0385
15.2644
2.06491
1.53477
2.2024
4.92858
4.11277
1.79447
1.47143
0.00296206
0.00333055
0.117405
0.0319732
0.0415397
0
5.24294
16.0237
2.56442
1.56675
1.94435
4.3537
4.66543
1.87441
1.68966
0.147125
0.00296206
0.128219
0.0260491
0.034992
0
1.86469
13.7074
4.46959
1.60392
1.76261
3.66554
5.35628
2.069
1.69516
0.556598
0.00296206
0.131549
0.0286994
0.0261058
0
0.349708
10.4482
6.74306
1.62981
1.64012
3.17245
6.19196
2.27534
1.708
1.02744
0.00592412
0.134512
0.0352471
0.0197565
0.00592412
0
7.30218
8.91693
1.6347
1.60331
2.91597
6.92154
2.63617
1.73527
1.39843
0.0132088
0.101234
0.0512621
0.0125852
0.0125852
0
4.59102
11.6009
1.52489
1.57285
2.62615
7.30288
3.14768
1.76111
1.73526
0.0130954
0.0218399
0.076064
0.00592412
0.00634929
0
2.58731
14.0028
2.21711
1.47443
2.41165
6.73153
3.62834
1.82925
1.74498
0.368089
0.0197565
0.0834479
0.00592412
0
0
2.09478
14.6685
4.32772
1.44237
2.21889
5.80255
4.22545
1.97717
1.75439
0.899389
0.0130954
0.0548052
0.01216
0
0
1.63698
14.8271
6.55987
1.49258
1.95428
4.98197
4.89621
2.06878
1.76707
1.42167
0.0132088
0.032285
0.0221517
0
0
1.08114
15.4538
8.59791
1.51358
1.7743
4.24475
5.42625
2.21668
1.79292
1.83524
0.00333055
0.00654771
0.0286002
0
0
0.340778
12.8641
10.8665
1.54598
1.65439
3.46944
6.07107
2.48335
1.82453
1.82476
0.20441
0.0066611
0.0286994
0
0
0.119899
10.1269
12.2314
2.17973
1.52695
2.96107
6.79584
2.74553
1.86306
1.8598
0.907411
0.00654771
0.0287561
0
0
0
8.56126
11.6169
4.156
1.57389
2.67203
7.34975
3.14028
1.92999
1.89505
1.55527
0.00999163
0.0290679
0
0
0
6.82728
10.3742
5.36955
1.67229
2.30085
6.70467
3.68966
1.99864
1.92739
2.18098
0.0066611
0.0224635
0
0
0
5.87215
8.97018
6.0943
1.73462
2.04342
6.04479
4.23204
2.0985
1.94319
2.08223
0.0127836
0.00982156
0
0
0
5.37435
7.51471
6.08964
1.78177
1.89834
5.05681
4.91757
2.27159
1.959
2.00921
0.412364
0.00592412
0
0
0
4.79707
6.03988
4.98704
2.11284
1.81121
4.23951
5.66102
2.39475
1.96793
2.00218
1.32431
0
0
0
0
3.16274
5.13754
4.67131
2.7815
1.9641
3.62612
6.23271
2.55549
1.99726
1.98098
2.27975
0
0
0
0
1.57307
4.3857
4.28478
3.42486
2.04646
3.0123
6.85369
2.82878
2.02929
1.99076
2.56013
0.00592412
0
0
0
0.586814
3.55168
3.99935
4.01593
2.2433
2.65203
6.93152
3.05373
2.05108
1.99066
2.41503
0.0191329
0
0
0
0.20536
2.80009
3.82125
4.56336
2.40005
2.55675
6.21902
3.44496
2.16953
1.99741
2.25865
0.0768435
0
0
0
0.0566193
2.60698
3.56581
4.57625
2.70396
2.66595
5.5721
3.99536
2.23477
2.0164
2.17731
0.205502
0
0
0
0
2.87949
3.19579
4.58228
2.97906
2.93411
5.10965
4.51864
2.31907
2.01284
2.12385
0.501524
0
0
0
0
3.3216
3.30435
4.57225
3.34962
3.2131
4.77824
5.15052
2.488
2.02321
2.07149
1.18404
0.00592412
0
0
0
4.03644
3.53692
4.73354
3.78968
3.5128
4.69006
5.7747
2.57168
2.04463
2.07904
2.16881
0.0320299
0
0
0
4.31752
3.7891
5.03652
4.05011
3.71213
4.60069
6.06952
2.71227
2.06163
2.0388
2.91571
0.0798622
0
0
0
4.26103
4.03325
5.25105
4.10417
3.82144
4.44285
6.36656
2.97324
2.11986
2.05811
2.76384
0.124123
0
0
0
4.26854
4.45587
5.28713
4.32805
3.85522
4.31202
6.84348
3.19627
2.15401
2.0488
2.61826
0.166031
0
0
0
2.98491
4.11389
5.36435
4.71902
3.8482
4.08346
6.98117
3.52421
2.27727
2.0387
2.41979
0.198189
0.0151221
0
0
0.749373
3.82822
5.54164
5.32255
3.86247
3.83336
6.64653
4.22137
2.34146
2.02311
2.28006
0.302428
0.0545359
0
0
0
4.28601
5.62991
5.99123
4.02555
3.86044
5.95375
4.82923
2.45277
2.04189
2.15381
0.567298
0.114557
0
0
0
6.12462
5.82854
6.18732
4.57875
3.91107
5.01416
5.15976
2.61402
2.03943
2.05584
1.17333
0.171587
0
0
0
7.91648
6.11548
6.31114
5.37984
4.04271
4.40494
5.53096
2.79017
2.02951
2.03659
2.09633
0.233677
0.00296206
0
0
8.15394
6.37418
6.52413
5.95932
4.30747
4.36272
5.46877
3.16475
2.07662
2.02284
2.93889
0.29425
0.0182968
0
0
7.3202
6.50275
6.59257
6.47727
4.6975
4.56313
5.39028
3.25584
2.1127
2.02966
2.6767
0.319676
0.054706
0
0
5.67158
6.75123
6.48542
6.37653
5.21603
4.94061
5.52457
3.46586
2.15009
2.03299
2.46285
0.308338
0.102184
0
0
3.02065
7.00759
6.59849
6.22879
5.9298
5.23348
5.5333
4.07162
2.27177
2.03607
2.27483
0.310931
0.146062
0
0
0.819315
7.38454
6.57883
5.90817
6.76953
5.40088
5.51615
4.5841
2.43352
2.02687
2.18039
0.353378
0.195354
0
0
0
8.16701
6.80065
5.60582
6.31705
5.66625
5.6685
4.73915
3.09583
2.05259
2.11877
0.55382
0.255828
0.00327385
0
0
9.64189
7.16342
5.24575
5.6563
6.22211
6.05701
5.12603
3.72264
2.07492
2.06237
1.10821
0.287589
0.0220383
0
0
11.6831
7.3398
4.83487
5.09474
6.6186
6.4037
5.34343
4.56585
2.08771
2.11457
2.00557
0.297836
0.0531328
0
0
13.8463
7.58708
4.48753
4.35858
6.97742
6.63365
5.4667
5.47258
2.14881
2.13669
2.84324
0.314574
0.0922349
0
0
10.4335
7.77185
4.42021
4.04942
6.78877
6.78523
5.81326
5.88901
2.26328
2.15879
2.60302
0.324395
0.146416
0.00592412
0
6.74233
7.90352
5.0835
3.90001
6.53639
6.82426
6.26154
6.1286
2.64875
2.15597
2.45953
0.337462
0.196701
0.0161709
0
3.08109
8.40252
6.06696
4.10425
6.6003
6.87893
6.65001
6.37404
3.36885
2.17701
2.31399
0.349721
0.233762
0.0477898
0
0.796001
9.54563
6.9487
4.40715
7.32718
6.99207
6.84108
6.47958
3.9692
2.24498
2.27948
0.393387
0.269647
0.0700973
0
0
11.2012
7.81073
4.86751
7.67847
7.2678
6.95579
6.66416
4.43664
2.34421
2.29764
0.542935
0.291741
0.102581
0
0
13.1382
8.47907
5.31528
7.71701
7.61245
7.04084
6.77416
5.02477
2.4691
2.32828
0.926075
0.304525
0.150314
0.00592412
0
15.248
8.57242
5.6894
7.46741
8.21573
7.15703
6.80154
5.91449
2.62953
2.30788
1.63188
0.33562
0.19405
0.0258932
0
14.0561
8.61111
5.84149
6.75984
9.42271
7.55929
6.73685
6.38013
2.92517
2.33695
2.42282
0.372029
0.205374
0.0573562
0
10.3472
9.03193
5.96713
6.19935
10.5106
8.00616
7.01924
6.62309
3.47192
2.39415
2.62317
0.390424
0.242662
0.0826259
0.00592412
6.65374
9.9904
6.08284
6.10573
10.9749
8.63904
7.31647
6.48064
3.87426
2.50341
2.56821
0.438172
0.263255
0.105812
0.00592412
2.96634
11.3059
6.59404
6.20745
11.4644
9.68861
7.43878
6.24217
4.13899
2.56438
2.64804
0.459246
0.254
0.134044
0.0188211
0.755864
13.1677
7.07248
6.28212
11.6948
10.6521
7.6754
6.29812
4.29789
2.61177
2.6599
0.464476
0.25597
0.155884
0.0388894
0.0279199
15.108
7.72146
6.40426
11.4302
11.4213
8.1132
6.39798
4.44028
2.68887
2.70668
0.4687
0.273927
0.16691
0.0703524
0.0279199
15.0606
8.11474
6.50922
10.7174
11.1223
8.42669
6.67448
4.789
2.96545
2.78492
0.478791
0.26891
0.19191
0.0956221
0.0444592
11.8397
8.42439
6.62176
9.66806
11.053
9.00739
7.25371
5.35156
3.70211
2.8607
0.52889
0.296787
0.220057
0.118808
0.0601057
8.3802
9.43516
6.69165
8.30305
11.1849
9.75262
7.53243
6.19107
4.68562
2.96525
0.799303
0.356382
0.231281
0.128687
0.066455
4.77752
10.7808
6.75978
7.37534
11.2787
9.97896
7.82973
7.41765
5.29753
3.14907
1.34648
0.393869
0.231423
0.128687
0.0730594
1.83563
12.3278
6.75083
7.0194
11.2559
10.3101
8.3379
8.03849
5.29479
3.31359
2.03104
0.431199
0.231126
0.128687
0.0726342
0.577034
14.0655
6.92926
6.74856
11.1218
10.8702
8.7867
8.44114
5.43867
3.6904
2.85184
0.503422
0.224776
0.134922
0.0662991
0.171275
11.1336
7.04732
6.8765
10.9731
11.1457
9.37536
8.83761
5.67776
4.39599
3.46319
0.547513
0.218469
0.144602
0.0895421
0.0601624
8.2499
7.8798
6.94718
10.8498
10.757
9.65165
9.0874
5.77142
5.22398
3.49874
0.608568
0.249365
0.144602
0.111637
0.0601624
5.30505
9.40624
6.93751
10.376
10.2686
9.34444
9.30418
6.20337
5.67526
3.57705
0.655168
0.275896
0.150682
0.124789
0.0601624
3.32249
10.7862
6.93008
9.61174
9.82592
8.39888
9.84871
6.69485
5.58892
3.71948
0.738573
0.332261
0.168724
0.128219
0.0601624
2.66306
12.5331
6.93054
8.55267
9.6251
7.48408
9.94652
7.1799
5.39917
3.88088
0.992644
0.423305
0.173401
0.131592
0.0601624
1.93754
10.5084
6.98265
7.78595
9.65411
6.87623
9.15041
8.91876
4.93149
3.95168
1.44859
0.517708
0.201788
0.128318
0.0601624
1.19589
7.69089
7.03988
7.33396
9.96915
6.1767
8.12869
9.60832
4.49082
4.15775
2.01437
0.633002
0.225825
0.122082
0.0634363
0.553763
4.81381
7.53967
6.96978
10.2819
5.63531
6.98169
10.0465
4.12927
4.82179
2.71911
0.727136
0.236681
0.131394
0.0601624
0.151136
3.5345
8.88283
6.97617
10.7276
5.26786
5.69621
10.6848
4.3449
5.85163
3.31592
0.774118
0.275103
0.128743
0.0829377
0.0603183
3.41324
10.4868
7.0916
11.2576
5.10169
5.00776
10.9624
4.96428
6.87381
3.73013
0.814566
0.324778
0.131649
0.1055
0.0632804
3.28627
8.51588
7.13017
10.4173
6.40291
4.987
10.9503
5.40454
7.36643
4.1039
0.836491
0.358622
0.135234
0.124279
0.0600065
2.9352
6.02785
7.2178
9.25308
7.86897
5.25978
10.8837
5.97678
7.10486
4.58345
0.867656
0.425332
0.147451
0.115379
0.0539832
2.40397
3.84381
7.41637
8.14864
9.64264
5.36785
10.0265
7.14609
6.62181
5.21644
1.01606
0.51306
0.160972
0.105968
0.0506526
1.74094
3.42301
7.43202
7.40353
11.3323
5.391
9.13431
8.77618
6.70722
6.30153
1.38083
0.569566
0.204921
0.0963449
0.0477898
1.11233
3.33426
8.24967
7.41426
11.8747
5.55205
8.9584
9.93432
7.01023
7.48871
1.87993
0.646579
0.245128
0.0802307
0.0478323
0.533695
3.20141
6.98384
7.5127
11.7698
5.86733
8.09219
11.0448
7.23314
8.6025
2.59649
0.724641
0.271886
0.0708201
0.0443033
0.141414
3.1384
4.52889
7.72254
11.5406
6.0802
7.02244
10.9128
7.60487
8.23827
3.52919
0.76903
0.323049
0.0773112
0.0541249
0.0412421
3.09305
3.33905
7.87127
10.4303
6.47077
6.62974
10.8871
7.7334
8.05326
4.78404
0.816451
0.373135
0.0965008
0.054791
0.0380674
3.01652
3.16451
7.94695
9.29284
7.41425
7.04103
10.7413
7.52523
7.62308
6.30836
0.894131
0.390949
0.146898
0.0415397
0.0380674
2.8444
3.04425
7.92661
8.33548
8.06393
7.38699
10.4255
7.52981
7.36676
7.7011
1.02618
0.447682
0.203362
0.0321291
0.0320299
2.36429
2.95268
5.62895
8.25255
9.92008
7.68677
10.0725
8.32941
7.23435
8.78022
1.5078
0.526155
0.246616
0.0223076
0.0254822
1.72758
2.8727
3.59608
8.48612
11.1756
7.86478
9.6908
8.80136
7.33572
9.70308
2.34424
0.58558
0.278221
0.0280758
0.0164827
1.09299
2.82035
2.88734
7.66502
11.1716
8.26481
9.12721
9.48549
7.7331
9.95983
3.46134
0.668462
0.299395
0.0321291
0.0163268
0.507689
2.75705
2.81964
6.76281
11.1179
8.48809
8.53862
9.613
8.02322
9.91155
4.86867
0.772729
0.310818
0.0792952
0.0253688
0.128729
2.7032
2.6939
5.78635
10.0747
8.6644
8.71611
7.69088
8.38163
9.74743
6.32021
0.799458
0.348162
0.126561
0.0227186
0.0188211
2.67661
2.58221
4.0126
8.92674
8.9371
9.41729
6.84233
8.41029
9.09509
7.58052
0.97354
0.395328
0.172522
0.0253688
0.0124718
2.6793
2.5188
2.51934
7.51858
9.30715
9.97025
6.12147
8.39035
8.77474
8.64651
1.44592
0.441602
0.217293
0.031463
0.0124718
2.72845
2.5314
2.43789
6.26409
9.52059
9.96542
5.58574
8.65477
8.55355
9.57561
2.33232
0.515171
0.252753
0.0419082
0.00592412
2.31308
2.53779
2.45488
5.09059
9.52182
9.49838
5.28141
9.03322
8.69702
10.3233
3.41151
0.599526
0.250301
0.0735271
0
1.7279
2.61422
2.45704
4.10972
10.4013
9.17669
5.21769
9.52386
8.99937
11.1795
4.76142
0.649229
0.250301
0.0987967
0
1.10308
2.71086
2.43884
3.02406
9.12048
8.92403
5.25112
10.0571
9.2733
11.7817
6.21661
0.722445
0.258578
0.128318
0
0.505832
2.73407
2.44456
2.40092
7.03866
9.08498
5.22015
8.35515
9.48965
11.9281
7.73961
0.952153
0.266004
0.172522
0.00296206
0.106577
2.76994
2.50798
2.40742
5.56148
9.10793
5.21495
6.79852
9.74211
11.5347
9.0216
1.59774
0.297581
0.207004
0.00972236
0.00296206
2.85303
2.55041
2.33256
4.37784
8.94989
5.40705
5.8553
10.0667
11.7924
10.3192
2.6007
0.340892
0.214955
0.0316614
0.00623592
2.93804
2.6177
2.36818
3.36898
8.96857
5.7245
5.71578
10.465
12.5971
11.5833
3.81237
0.387108
0.233606
0.056676
0.0128403
2.56631
2.68851
2.42567
2.82916
9.14643
6.93913
6.0601
11.0947
12.7347
12.483
5.18267
0.466602
0.233351
0.0798622
0.0221517
2.07969
2.71904
2.45892
2.75368
8.19144
8.26346
6.48103
10.8415
12.8742
13.1923
6.62367
0.52906
0.224677
0.108306
0.0254255
1.45675
2.85433
2.50602
2.68415
6.83098
9.24556
6.94224
10.8069
13.038
13.7998
8.02347
0.583993
0.233407
0.12734
0.037954
0.83968
3.05197
2.55104
2.63976
5.6292
9.69213
7.58218
11.1011
12.4318
13.5768
9.35763
1.0752
0.267634
0.125512
0.034255
0.416262
3.11002
2.58389
2.6397
4.46524
9.00809
8.34239
11.0354
11.0402
13.3202
10.5342
2.16691
0.28192
0.131082
0.0314063
0.132527
3.14006
2.63815
2.62591
3.73948
8.61269
8.46206
10.8501
10.9711
12.843
11.6651
3.47369
0.332303
0.130983
0.0512195
0.0311937
3.12592
2.69964
2.67104
3.45162
9.26026
8.21003
10.2595
10.8847
12.1331
12.785
4.94006
0.38888
0.122181
0.0764325
0.0311937
3.07344
2.78836
2.73104
3.38169
9.71041
8.24156
9.99396
10.5852
11.344
13.6097
6.73687
0.429584
0.127907
0.0987967
0.0378548
2.7795
2.92602
2.79548
3.22629
8.10527
8.53914
9.88259
10.0314
10.5155
14.0211
8.64839
0.47084
0.137063
0.118808
0.0444026
2.33494
2.98714
2.86226
3.121
6.84237
8.98568
10.0539
9.63267
9.55804
14.4866
10.2423
0.735242
0.138196
0.125413
0.0507519
1.77777
3.0228
2.93047
2.95873
5.69712
9.51287
10.1917
9.60766
8.78442
14.269
11.7404
1.55902
0.16956
0.128687
0.0537139
1.12448
3.0553
2.89311
2.88813
4.5295
9.9241
10.3321
10.1915
8.38815
12.7734
13.1953
2.78434
0.206636
0.128687
0.0507519
0.537607
3.04682
2.88975
2.80763
3.99694
10.2792
10.4234
11.7954
8.44435
11.4275
14.2864
4.3931
0.236625
0.128687
0.0540824
0.151448
3.0568
2.99349
2.75267
3.85558
8.77951
10.5188
12.0217
8.89163
10.5483
14.7946
6.42739
0.28946
0.128687
0.0738389
0.0570444
3.06929
3.00075
2.67879
3.75436
7.43404
10.6165
11.1778
9.2701
9.53994
15.0775
8.55899
0.37166
0.125413
0.0896413
0.0570444
3.06902
3.03916
2.61494
3.60091
6.38696
10.4926
10.7646
9.488
9.29158
15.2717
10.3711
0.481809
0.131649
0.0993636
0.0507519
2.86041
3.03933
2.54797
3.46416
5.36633
10.5623
10.5131
10.6981
9.67294
15.5271
12.1096
1.14195
0.150016
0.102737
0.0412421
2.41542
3.05353
2.48375
3.179
4.73111
10.3627
10.3842
12.2815
9.65466
15.3632
13.5284
2.40719
0.154325
0.106067
0.0380674
1.78333
3.10105
2.39072
2.93421
4.51735
9.82796
10.1868
13.3914
10.2699
14.3042
14.6015
4.02507
0.172579
0.114698
0.0380674
1.11052
3.13772
2.33903
2.70116
4.30549
8.55434
9.76934
12.2816
11.178
12.9429
15.5018
6.13211
0.194461
0.119021
0.0380674
0.521124
3.17541
2.34242
2.42734
4.0676
7.40505
9.06411
10.8351
11.2858
12.2592
16.2255
8.42098
0.189005
0.13753
0.0380674
0.141938
3.20272
2.48655
2.2016
3.86073
6.44608
8.76589
9.2361
10.9644
11.9546
16.5562
10.4412
0.188424
0.159583
0.0449269
0.0380674
3.21325
2.59249
2.07751
3.51801
5.7027
8.60627
8.68097
10.2181
10.8854
16.895
12.0897
0.500602
0.166541
0.0514746
0.0380674
3.15523
2.79383
1.93411
3.22163
5.27353
8.63439
8.29034
9.53376
9.91371
16.9894
13.518
1.40324
0.169659
0.0577106
0.0380674
2.84903
3.01488
1.78696
2.97829
4.97748
8.99631
7.92052
9.58014
9.87519
16.5971
14.6483
2.87257
0.166343
0.0641591
0.0380674
2.3717
3.07457
1.647
2.64601
4.63002
8.01608
7.89897
9.57067
9.5562
15.9488
15.6807
4.86903
0.160518
0.0830368
0.0380674
1.72609
3.13791
1.51907
2.35785
4.35386
7.15177
8.73093
9.67735
9.49602
14.7596
16.4658
7.23581
0.15047
0.0988392
0.0380674
1.072
3.19381
1.39266
2.07735
3.96286
6.52382
9.75718
10.1989
9.84231
13.2282
16.845
9.60523
0.16212
0.112317
0.0380674
0.521124
3.19042
1.27541
1.73409
3.63503
6.11882
9.86721
10.742
9.80864
11.8845
16.7295
11.5914
0.287376
0.124732
0.0380674
0.141938
3.17414
1.16366
1.41313
3.35156
5.92246
8.82305
11.2282
9.68904
10.7301
16.7138
13.2369
0.85955
0.128063
0.0544367
0.0410295
3.16481
1.077
1.15963
2.97582
5.62752
7.82153
11.5347
9.46063
9.42961
16.765
14.5249
1.93807
0.128219
0.0769002
0.0443033
3.12887
1.11712
1.01677
2.62322
5.35103
6.96468
11.5443
9.18737
8.99136
16.5265
15.5514
3.53875
0.131549
0.0796638
0.0443033
2.82605
1.33083
0.97568
2.2648
4.86447
6.39309
10.9633
9.69432
8.71635
15.7749
16.3667
5.5701
0.131861
0.0735129
0.0475772
2.32303
1.70625
0.918238
1.83798
4.37491
6.00207
9.99624
10.3481
8.44232
15.0002
17.0045
7.91356
0.131861
0.0766876
0.0570445
1.69926
2.18019
0.815431
1.42129
3.95471
5.93692
8.86941
10.7412
8.24092
13.78
17.0333
10.1725
0.15723
0.074094
0.0481583
1.06799
2.52973
0.766706
1.07942
3.38617
5.95025
7.80696
11.5876
8.00968
12.1165
16.8404
12.1201
0.25614
0.0706642
0.0448844
0.507603
2.74015
0.736816
0.803583
2.85088
5.94414
6.85871
11.8843
7.86099
10.9638
16.699
13.6026
0.820236
0.0770135
0.0316189
0.135234
2.84954
0.730636
0.740727
2.36515
5.58225
6.28719
11.0988
7.73615
9.86993
16.5982
14.8665
1.84746
0.0954236
0.0316189
0.0195581
2.88306
0.923836
0.728808
1.88306
5.19571
6.05639
10.0362
7.85314
8.50657
16.3786
15.8032
3.29842
0.102694
0.0125285
0.0124718
2.90606
1.45175
0.702858
1.51983
4.78248
6.10862
9.00411
8.28396
8.29763
15.8844
16.3177
5.17983
0.102226
0.00623592
0.0124718
