10.4977
12.1046
13.7141
9.83021
10.4905
13.9237
11.0584
10.2778
6.83073
4.62065
7.3709
4.19653
1.6851
1.94169
15.6855
11.3356
11.8176
13.3887
10.1482
9.68499
12.8642
11.0423
10.8325
7.22979
4.72463
5.95949
4.90684
1.70554
1.72309
14.6025
11.7719
11.4957
13.0028
10.9812
9.34866
10.5859
11.0682
11.0296
8.10614
4.69508
4.96458
6.09439
1.86526
1.75692
11.2655
12.0193
11.1113
12.6028
12.9741
9.72
9.4274
11.1343
11.0288
8.74591
4.76496
4.77586
7.31774
2.02937
1.76314
7.94189
12.0161
11.2426
12.2427
15.7905
9.64867
10.1212
11.1026
11.0353
9.32396
4.85982
4.67099
8.69034
2.39103
1.75205
5.07893
12.0431
11.9302
12.055
15.1451
9.77147
11.1447
11.3639
11.0389
10.2442
5.14902
4.39917
9.3991
2.94599
1.72986
3.47778
12.0864
13.3851
12.3113
14.3221
9.57646
11.7153
12.2763
11.0167
10.8354
6.282
4.24194
9.16121
3.11891
1.73924
2.9684
12.0989
14.1631
13.2424
13.8148
9.45039
11.5508
13.7053
11.0418
10.9331
7.42417
4.11215
8.78292
3.23643
1.7417
2.70986
12.108
12.578
13.6931
13.6829
9.72153
10.9467
15.1624
11.0602
10.9671
8.34979
4.14882
7.93865
3.57691
1.74264
2.40157
12.5517
12.0953
13.9066
14.1515
10.1219
10.3157
13.5619
11.0601
10.9821
9.65169
4.39415
6.23706
4.49543
1.7178
2.11804
14.1768
12.0926
14.1952
14.3415
10.9839
10.4949
11.531
11.0811
10.9758
10.7554
4.64101
4.78243
5.67146
1.76142
1.87282
15.9532
12.073
15.3817
14.7953
13.0302
10.6138
10.6855
11.0988
10.9823
10.9184
4.97157
4.58309
6.78581
1.82671
1.86165
13.2834
12.084
16.5402
15.4129
15.9181
10.6357
10.3696
11.0806
11.007
10.9326
5.88278
4.40844
7.12969
2.095
1.94927
10.1031
12.0807
17.1369
16.1471
17.591
10.9058
10.2128
11.3124
11.0098
10.9537
7.44467
4.27814
5.85294
2.5151
2.16069
6.91959
12.0652
15.4647
16.2566
16.9115
11.1072
10.2542
12.1269
11.0069
10.978
9.43583
4.23411
4.52603
2.96224
2.36206
4.74217
12.0138
13.8657
16.5184
16.369
11.294
10.1165
13.3695
11.0294
10.9979
10.7561
4.78874
4.46906
4.60333
2.52743
3.90199
11.9602
12.3779
16.8543
16.2096
11.5274
10.1696
12.3702
11.0346
11.0034
10.8937
5.81195
4.68841
7.00786
2.87475
3.71501
12.3261
11.8839
17.2063
16.3586
11.9732
10.6558
10.8767
11.0472
10.9937
10.8817
7.33116
4.94732
6.33389
3.61821
3.90316
13.872
11.7996
17.9841
16.3918
13.6007
11.4141
11.1218
11.0937
10.988
10.8937
9.17523
5.64274
6.5081
4.91842
4.82948
15.6742
11.7096
18.583
16.5096
15.9905
11.41
11.3683
11.1418
10.9913
10.9155
10.7742
6.62795
7.2295
6.83983
6.52267
17.4544
11.6218
17.8958
16.6871
16.1733
11.4521
11.6792
11.1633
10.9944
10.9529
10.8994
7.90904
8.28865
9.38174
9.11293
18.6896
11.5759
16.66
16.8383
16.0772
11.1082
11.0677
11.2514
11.0072
10.9431
10.8835
9.40927
9.54249
12.5027
11.4397
18.521
11.5381
15.1256
17.0442
15.7295
11.1675
10.8095
11.4587
11.0072
10.9812
10.9158
10.5271
10.6997
14.5858
14.1786
18.5307
11.5106
13.6887
17.8995
15.6732
11.5156
10.7493
11.9697
11.0094
10.9944
10.9101
10.8389
11.1527
16.2017
16.478
18.6434
11.4398
12.1945
18.6189
15.6203
11.7812
10.8649
11.3521
11.0219
10.9944
10.9159
10.8435
11.0425
16.8731
17.5439
19.0496
11.4532
11.4219
18.636
15.6549
13.2624
10.9691
11.3437
11.0285
10.9943
10.9281
10.8585
11.0185
15.2838
18.3656
19.5437
12.4752
11.3902
18.7298
15.9424
15.5451
11.0981
11.2486
11.0727
10.9943
10.9278
10.881
10.9697
13.5749
18.9395
19.5759
13.9964
11.2633
18.9875
16.4131
15.4241
11.3093
11.2716
11.1515
10.9912
10.9469
10.9087
10.9384
12.0433
18.6983
19.5936
15.7044
11.1199
17.993
17.3658
14.8882
11.4922
11.2622
11.152
11.0007
10.9688
10.9245
10.9539
11.1494
18.2324
19.3941
17.2058
10.9872
16.3444
18.1905
14.514
11.5665
11.1255
11.416
11.0005
10.9721
10.9377
10.9464
10.9953
17.0286
19.1934
18.3727
10.9155
14.4956
18.3251
14.2502
11.6966
11.2094
12.3534
11
10.991
10.9282
10.9533
10.9746
15.4137
19.0626
19.0759
10.8842
12.8443
18.3808
14.2578
12.088
11.4986
11.4912
11.0128
10.9943
10.9159
10.9251
10.9684
14.088
18.5991
19.2921
10.8699
11.5551
18.3327
14.8721
12.7422
12.0903
11.7455
11.0349
11.0004
10.9313
10.9065
10.97
12.7496
17.6369
19.3257
10.8791
10.9585
18.3564
16.0996
13.1659
11.9039
11.9051
11.0351
11.0072
10.9559
10.8805
10.962
11.4577
16.2848
19.1039
10.8974
10.9271
18.4756
17.317
12.8799
11.7089
12.099
11.0726
11.0036
10.9497
10.8524
10.9252
11.013
14.7531
18.5189
10.9949
10.9402
17.5873
17.9526
12.4538
11.0363
11.8954
11.2127
11.0008
10.9751
10.8401
10.8879
10.9256
13.0961
16.976
11.0574
10.8701
15.2703
18.0659
12.0704
10.3513
11.582
11.5287
10.9939
10.9943
10.8369
10.8692
10.9156
11.8454
15.2136
11.0473
10.7633
13.3392
18.3924
12.3446
9.88896
11.0766
12.6778
10.9876
10.9943
10.843
10.8401
10.9168
11.1069
13.514
11.0898
10.5479
11.6004
18.3817
14.1864
9.35886
9.97819
14.3235
10.9911
10.9882
10.8898
10.8337
10.9061
10.8793
12.0605
11.0333
10.2526
10.279
18.4087
15.5037
9.32871
8.97079
14.2006
10.9783
10.9816
10.8995
10.8337
10.9234
10.8692
11.1299
10.917
10.4464
9.88592
18.4598
16.5341
10.0715
8.75312
14.2723
11.0165
10.9879
10.9655
10.8369
10.9343
10.8461
10.8342
10.9229
10.8334
9.58071
18.4958
17.0233
10.6637
9.09476
14.1004
11.0415
10.9847
10.9914
10.837
10.9008
10.8206
10.8413
10.7541
10.808
9.30603
16.9003
16.9232
11.614
9.58013
13.0713
11.1136
10.9882
10.9911
10.8496
10.8723
10.7874
10.8276
10.6898
10.7656
9.14877
14.053
16.8078
12.3497
9.60603
12.2404
11.2186
10.9817
10.9912
10.8555
10.8724
10.8621
10.8252
10.707
10.7429
9.10604
11.6263
16.987
13.6683
10.3228
11.9073
11.4313
10.9849
10.9914
10.8584
10.8435
10.9032
10.8026
10.7583
10.6991
8.97303
9.87494
17.5288
15.1112
10.7911
11.2474
12.288
10.988
10.9913
10.8868
10.8399
10.9314
10.7652
10.7655
10.6666
8.87829
8.82656
18.1082
16.0968
10.8448
10.8992
11.1663
10.9973
10.9943
10.918
10.8399
10.8816
10.7265
10.7294
10.6424
9.57869
8.67815
18.6759
15.9884
11.2686
10.2241
11.1657
11.0197
10.9943
10.9057
10.8238
10.8565
10.7356
10.7132
10.6107
10.509
8.61994
18.5545
15.9409
11.3344
9.91436
11.1625
11.0877
10.9943
10.9212
10.8177
10.8465
10.7796
10.7109
10.5832
10.6669
8.60331
17.071
15.934
11.9516
9.69361
10.7586
11.0946
11.0004
10.9401
10.8084
10.8395
10.7922
10.7205
10.5809
10.6053
8.64956
14.3825
16.0234
12.9715
10.3745
10.1117
11.1704
11.0286
10.9309
10.8023
10.8341
10.8901
10.7259
10.5843
10.6109
8.7355
11.9625
16.1212
14.0952
11.2212
10.6764
11.5926
11.0349
10.9562
10.7958
10.8244
10.9493
10.7285
10.6289
10.5718
8.83787
10.2183
16.4216
15.5081
11.2488
10.8544
12.6087
11.0694
10.9813
10.783
10.8026
10.916
10.7358
10.6852
10.5506
8.86182
9.17119
16.9496
16.8438
11.2106
10.684
12.1376
11.079
10.9845
10.7705
10.7804
10.9031
10.7518
10.7004
10.5408
9.24688
8.81504
17.3341
17.2405
11.2788
10.4323
10.918
11.0758
10.9909
10.7676
10.7773
10.8622
10.7709
10.7857
10.5474
10.4326
8.77235
17.1212
17.4831
11.6207
10.6959
10.5697
11.0693
10.988
10.7956
10.7676
10.8369
10.7854
10.784
10.5502
10.6587
8.86513
16.5642
17.0418
12.3531
11.1661
10.7813
11.0669
10.988
10.8519
10.7675
10.834
10.8545
10.7867
10.5405
10.5896
9.03813
15.0034
16.4373
13.4502
11.2122
10.696
11.0792
11.0035
10.8549
10.7676
10.8182
10.8544
10.7797
10.544
10.5244
9.21475
12.2214
16.2388
14.4786
11.2529
10.4451
11.1599
11.0311
10.9211
10.7643
10.7961
10.9273
10.7836
10.531
10.5023
9.25205
10.5286
16.3646
15.5745
11.2956
10.2307
11.3045
11.0189
10.9719
10.7614
10.793
10.8875
10.7928
10.5996
10.5157
9.33789
9.51126
16.8124
16.7061
11.3358
10.1353
10.6714
10.913
10.9719
10.7582
10.7711
10.8528
10.7837
10.7125
10.5377
9.67428
9.42794
17.2432
17.4736
11.3321
10.4941
10.3676
10.2941
10.9879
10.7706
10.7582
10.8376
10.7858
10.7185
10.5534
10.6965
9.49031
17.6163
17.3866
11.9613
10.4305
10.3805
9.99262
10.9847
10.7706
10.7582
10.8054
10.7828
10.78
10.5536
10.5986
9.53458
17.4353
17.1342
13.0879
10.4415
10.3834
9.4436
10.985
10.8049
10.7582
10.7741
10.7989
10.7674
10.5438
10.5887
9.65615
15.1781
16.9629
14.2328
10.8202
10.4042
8.73596
10.988
10.8645
10.749
10.7551
10.8267
10.7583
10.5469
10.5505
9.60434
12.2428
16.1272
15.3949
11.1538
10.4175
8.11662
10.9816
10.8645
10.7392
10.7392
10.8138
10.7517
10.597
10.5408
9.02583
10.3324
14.6498
16.4055
11.1418
10.4971
7.54464
10.6791
10.9274
10.7423
10.7235
10.8614
10.752
10.6031
10.5252
8.12864
8.66572
13.1694
16.9424
11.2179
10.5675
7.08605
10.3014
10.9719
10.7423
10.7205
10.8155
10.7455
10.6878
10.5156
7.72877
7.38341
11.8375
17.2068
11.3623
10.5162
7.07356
10.2629
10.966
10.7582
10.7234
10.7651
10.7458
10.7617
10.503
8.95267
7.11447
10.4827
17.4089
11.8839
10.5138
6.98729
10.2567
10.9535
10.7706
10.7298
10.7678
10.7517
10.7552
10.4998
9.90697
7.25564
8.65111
16.2448
13.0914
10.5592
7.15624
10.276
10.7527
10.7706
10.7296
10.7429
10.7518
10.7549
10.4999
9.97105
7.90025
8.71527
13.4503
14.4151
10.628
7.17116
10.3526
10.4422
10.8049
10.7359
10.7299
10.7645
10.7517
10.503
10.2374
8.71063
9.63365
11.499
15.7988
10.8819
7.15962
10.3368
10.4585
10.8677
10.7455
10.736
10.7891
10.7518
10.5617
10.506
8.62854
9.56316
10.9904
17.2671
10.8662
7.00958
10.132
10.4445
10.8707
10.7582
10.7359
10.7831
10.752
10.6561
10.5158
8.50519
9.37088
10.4424
18.171
10.6423
6.77737
8.93954
10.4725
10.9224
10.7582
10.7455
10.7956
10.7549
10.656
10.5155
8.48123
9.24831
9.75043
17.8637
10.7461
6.90187
7.77263
10.5101
10.7784
10.7582
10.7517
10.8055
10.7517
10.7132
10.5281
8.62278
9.27234
9.24887
15.8924
11.4556
7.19855
6.93475
10.5442
10.603
10.7611
10.7549
10.7836
10.7582
10.7109
10.544
8.86859
9.10503
9.04359
12.8287
12.7001
7.76159
6.4912
10.6325
10.6139
10.7797
10.7582
10.7804
10.7582
10.7079
10.5722
9.23672
8.9118
8.98798
10.7735
14.1701
8.43909
6.42118
10.6775
10.6485
10.7768
10.7582
10.7614
10.7582
10.6951
10.5938
10.5573
8.93965
8.95037
10.176
15.6566
8.73503
6.23786
10.8433
10.6601
10.8018
10.7582
10.7582
10.7582
10.7046
10.6029
10.5662
9.03373
8.93785
9.35589
16.7787
8.53245
5.80917
10.1896
10.6559
10.7377
10.7582
10.7582
10.7582
10.7076
10.6667
10.5722
8.51376
8.8101
8.54609
16.0466
8.29161
5.17188
9.15425
10.7043
10.7004
10.7582
10.7582
10.7582
10.7294
10.6889
10.5723
7.71988
8.81402
8.41377
13.3285
8.49715
4.62378
7.7855
10.7462
10.6881
10.7582
10.7582
10.7582
10.7517
10.6856
10.5721
7.31392
7.4749
8.46861
10.9566
9.08845
4.25165
6.51963
10.8826
10.6786
10.7582
10.7582
10.7582
10.7517
10.6824
10.5722
7.96162
7.37103
8.27592
10.4155
10.0004
3.92545
5.78946
10.9004
10.6567
10.7582
10.7582
10.7582
10.7582
10.6824
10.5819
9.40079
7.78705
8.04448
10.0424
11.7838
3.70404
5.76534
10.9004
10.6651
10.6595
10.7582
10.7582
10.7582
10.6856
10.6132
10.0134
8.70182
8.69789
9.02108
14.0708
3.71883
5.71952
10.8721
10.6682
10.6314
10.7582
10.7582
10.755
10.6855
10.66
10.4941
9.48874
10.0655
9.28031
11.9351
3.42758
5.37826
10.6775
10.7074
10.6213
10.7582
10.7582
10.7582
10.6794
10.6663
10.6231
9.91559
10.4742
9.03311
9.95271
3.04512
4.76258
10.1391
10.7754
10.5998
10.7582
10.7582
10.7582
10.6794
10.6859
10.6325
10.2294
11.3073
8.73942
9.19558
2.61896
3.89278
9.1651
10.8891
10.5776
10.7394
10.7582
10.7549
10.6762
10.6794
10.6382
10.4321
12.4719
8.82744
8.69903
2.28016
2.68548
8.09906
10.9031
10.5613
10.618
10.7549
10.7582
10.6635
10.667
10.6447
10.553
14.776
10.3135
9.05085
2.34142
2.0585
7.57197
10.9005
10.5725
10.556
10.7454
10.7582
10.6542
10.651
10.6544
10.6231
14.9925
12.0172
9.94083
3.67929
1.91651
6.61478
10.8981
10.5707
10.552
10.7393
10.7582
10.6603
10.6356
10.667
10.687
13.6924
13.0056
11.3926
6.4654
1.8216
5.25499
10.889
10.73
10.5437
10.7137
10.752
10.6788
10.6231
10.6795
10.6828
12.4668
13.1356
12.8131
9.59154
1.74891
4.39047
10.7385
10.7833
10.5549
10.5921
10.7332
10.6759
10.6164
10.6856
10.6764
11.6531
13.4032
13.2783
12.7624
1.78523
3.3736
9.80113
10.8135
10.5795
10.5345
10.7203
10.7168
10.6165
10.6734
10.6733
11.1773
13.9428
13.5192
15.4118
1.63872
2.03404
8.19514
10.8545
10.5865
10.5576
10.711
10.7263
10.6231
10.6765
10.6641
10.8842
14.3097
13.7256
16.6489
2.04841
1.40699
6.39392
10.8707
10.784
10.5154
10.7078
10.7202
10.635
10.6669
10.6572
10.7435
14.7093
13.8338
16.6094
4.15509
1.27934
4.50684
10.8647
10.8071
10.5386
10.6164
10.7142
10.6537
10.6637
10.6515
10.6768
15.2035
14.0437
15.8851
6.44412
1.24138
2.9832
10.7863
10.834
10.5756
10.1782
10.7078
10.6606
10.6702
10.6795
10.6574
15.5213
14.3476
14.7773
7.91918
1.25833
1.9074
10.6386
10.8583
10.6048
9.94101
10.7046
10.6791
10.667
10.6852
10.6608
15.8675
14.5968
13.5377
9.00042
1.41494
1.57804
9.81083
10.9096
10.6476
9.89397
10.7017
10.6951
10.6734
10.6989
10.6825
15.42
14.8233
12.2694
9.50388
1.5458
1.53722
8.17146
10.9288
10.7952
9.9175
10.3526
10.6855
10.6762
10.6795
10.6728
13.8676
15.1344
11.155
8.27649
1.60146
1.53825
6.39372
10.9339
10.8804
9.97041
9.87829
10.6765
10.6762
10.6794
10.6893
12.2457
15.3582
10.3258
7.43412
2.02358
1.50136
4.66396
10.8498
10.8774
10.0021
9.89266
10.6793
10.6762
10.6794
10.6983
11.1493
15.5396
9.50027
6.73873
3.11548
1.51808
2.91364
10.8566
10.8777
10.0468
9.88151
10.6794
10.6794
10.6762
10.7144
10.771
15.6623
8.91964
6.29409
4.13742
1.56266
1.81277
10.185
10.8891
10.4875
9.89532
10.6794
10.6956
10.6762
10.7266
10.7174
15.7882
8.47121
5.98191
5.21724
1.63326
1.60667
8.73331
10.9015
10.896
9.87829
10.3032
10.6794
10.6762
10.748
10.7332
15.9198
8.04197
5.63887
6.1994
1.87624
1.40706
7.25897
10.8965
10.8921
9.88898
9.91408
10.6794
10.6794
10.7083
10.7394
16.0659
7.78691
5.34713
6.08205
2.5571
1.19886
5.84433
10.917
10.8777
9.94448
9.88156
10.6794
10.6794
10.7051
10.7447
15.3533
7.75016
5.1515
5.82081
3.47488
1.19539
4.2885
10.5944
10.8707
9.99232
9.88898
10.6794
10.6794
10.6795
10.7362
13.8647
7.62124
4.97885
5.62565
4.40535
1.57074
3.22059
9.90902
10.8538
10.4955
9.89091
10.3342
10.6794
10.6762
10.7203
12.2434
7.72785
4.87793
5.32305
5.43898
2.23082
3.06343
9.4498
10.8411
10.9155
9.90785
9.92342
10.6762
10.6799
10.7166
11.1398
7.98438
4.90377
5.19243
6.12972
2.87473
3.30933
8.94961
10.3883
10.8871
9.96687
9.89091
10.6858
10.6791
10.7105
10.7491
8.0595
4.97383
5.11982
6.1018
3.51106
3.67117
8.56451
9.62779
10.8705
10.0149
9.9172
10.7046
10.6795
10.6954
10.7039
8.32842
5.09493
5.08946
5.99257
4.27651
4.0475
7.88506
8.81055
10.8659
10.1878
9.89091
10.6859
10.6852
10.6951
10.7006
8.70754
5.1714
5.11423
5.91578
4.94462
4.55162
7.26497
7.87719
10.8495
10.571
9.90051
10.2981
10.6789
10.6948
10.7068
8.83398
5.29616
5.16594
5.65513
5.5181
4.90918
6.84003
7.04809
10.5271
10.8785
9.96746
10.4102
10.6854
10.7006
10.7099
9.11318
5.436
5.203
5.51222
5.86886
5.13305
6.87005
6.69152
9.41756
10.8723
10.0214
10.3049
10.6916
10.701
10.7157
9.65172
5.45209
5.22564
5.45857
5.92514
5.2691
7.42479
6.40406
8.53729
10.8715
10.0928
10.3579
10.6916
10.705
10.7191
10.169
5.52402
5.2762
5.40335
6.10135
5.3449
7.05284
6.33357
7.6958
10.86
10.553
10.3334
10.6977
10.7114
10.7224
10.9828
5.69128
5.30758
5.39736
6.15812
5.51726
6.64006
6.21869
6.67686
10.8513
10.8684
10.3551
10.7455
10.7143
10.7318
12.0043
5.67976
5.32574
5.43716
6.07483
5.71723
6.40179
6.12096
6.15889
10.6757
10.868
10.4103
10.3586
10.7143
10.7353
11.1262
5.87486
5.40108
5.47678
6.03541
5.86421
5.98124
6.55936
6.12302
9.64246
10.8747
10.4707
10.3709
10.7073
10.7414
10.771
6.22518
5.4851
5.52036
6.02698
5.94625
5.96209
7.04066
6.11327
8.63187
10.8901
10.5215
10.3553
10.6884
10.751
10.7412
6.39071
5.54776
5.55412
5.89675
6.10104
6.01975
7.06586
6.12471
7.71268
10.8831
10.919
10.374
10.6858
10.7416
10.7416
6.73728
5.64625
5.56063
5.83881
6.30211
6.02918
6.61087
6.11581
6.86351
10.8272
10.9067
10.4074
10.3586
10.7175
10.7512
7.16031
5.67685
5.55233
5.82364
6.39917
6.06036
6.33634
6.09306
6.31848
10.7649
10.9028
10.452
10.3744
10.6786
10.7454
7.15079
5.81985
5.54024
5.79262
6.63592
6.08407
6.10773
6.09502
6.08347
10.374
10.9001
10.4873
10.3202
10.6792
10.7259
7.303
6.03446
5.55573
5.77965
6.88756
6.12858
6.0562
6.10998
6.07155
9.45121
10.9025
10.9277
10.3649
10.6882
10.7171
7.4016
6.09611
5.57492
5.7754
6.88129
6.20727
5.99235
5.77379
6.0565
8.03094
10.8901
10.9336
10.3952
10.3019
10.7198
7.52693
6.31044
5.61403
5.7449
6.8499
6.30853
5.99048
5.41992
5.76619
6.56995
10.9206
10.9287
10.4334
10.3397
10.7136
7.48556
6.64475
5.66496
5.68398
6.85965
6.3872
5.96135
5.3967
5.1643
5.34968
10.9157
10.9286
10.465
10.3241
10.7012
8.08923
6.70569
5.75068
5.69301
6.66937
6.62374
6.09583
5.27623
4.64622
4.42214
10.9444
10.9467
10.779
10.3459
10.6915
8.69296
6.90547
5.99392
5.72409
6.54851
6.86675
6.14053
5.27356
4.56244
3.68094
10.9591
10.9663
10.4675
10.321
10.6818
9.38453
7.14286
6.13826
5.75879
6.52784
6.92462
6.29073
5.36266
4.32026
2.96841
10.7037
10.9812
10.909
10.3458
10.6789
10.2984
7.09628
6.40017
5.79181
6.2497
7.09578
6.46797
5.44027
3.99073
2.40457
8.98327
10.9783
10.9089
10.367
10.3464
10.6789
7.0749
6.62973
5.82246
6.07992
7.26168
6.51246
5.93206
3.83388
2.0316
7.13399
11.0191
10.925
10.3769
10.3496
10.6821
7.12942
6.61455
5.8421
5.97301
7.36672
6.64365
6.2634
3.67378
1.79737
4.92971
11.0768
10.9348
10.3712
10.3544
10.6638
7.29134
6.59862
5.89312
5.83579
7.55712
6.83285
6.4021
3.99916
1.72419
2.90242
11.2381
10.9666
10.7797
10.3516
10.6609
7.868
6.57847
5.90982
5.82379
7.78245
6.91872
6.49471
4.66606
1.65781
1.73365
11.3686
11.0068
10.8209
10.3364
10.3839
8.37754
6.56334
6.03832
5.81662
7.90628
7.12712
6.56817
5.30725
1.85194
1.6181
11.6796
11.0592
10.8363
10.3269
10.4294
8.66932
6.57961
6.27855
5.81946
7.90056
7.33457
6.62195
6.06643
2.27515
1.54407
11.6251
11.0842
10.8769
10.3022
10.3648
9.51216
6.69031
6.39247
5.74143
7.63571
7.40789
6.69031
6.59113
2.90469
1.55771
8.66837
11.1753
10.9125
10.3399
10.2651
9.89985
6.70793
6.52971
5.59244
7.01568
7.59659
6.7771
6.71388
3.83946
1.57152
5.9195
11.3631
10.9212
10.2931
10.2408
10.0679
6.84719
6.6283
5.46133
6.56354
7.72188
6.85259
6.78771
4.7917
1.56152
3.28288
11.7832
10.9493
10.676
10.2244
10.4065
7.21666
6.64961
5.38148
6.25377
7.71161
7.02305
6.80903
5.52512
1.62455
1.8311
12.2478
11.0021
10.7198
10.1931
10.2956
7.12384
6.69217
5.36563
5.71737
7.89246
7.21274
6.84701
6.34112
2.18649
1.77687
13.0947
10.9927
10.7981
10.239
10.1641
7.24818
6.7285
5.37717
5.47575
7.92697
7.32443
6.91959
6.93855
2.95482
1.79673
11.6269
11.0637
10.8164
10.2615
10.1481
7.48008
6.76939
5.5541
5.39456
7.84511
7.61485
7.03326
7.07883
3.95462
1.84117
8.75931
11.3254
10.9026
10.6446
9.77085
7.67839
6.74979
5.88296
5.35514
7.9467
7.67685
7.15941
7.19927
4.94435
1.87585
5.82949
12.0029
10.9494
10.6475
9.73851
8.21812
6.63255
6.09615
5.28731
8.0476
7.65897
7.34357
7.3015
5.78933
1.93025
3.07553
12.7971
10.9806
10.6944
9.74694
9.00673
6.657
6.5194
5.28804
7.20589
7.62222
7.60034
7.4276
6.53692
1.9602
1.82005
13.4175
11.0014
10.7572
9.74443
9.55372
6.71956
6.87813
5.32931
6.378
7.65177
7.76346
7.5315
7.12541
2.80264
1.85122
14.2743
11.0133
10.7699
10.21
9.80699
6.72749
6.79298
5.3491
5.80554
7.72533
7.78606
7.58742
7.42579
3.82713
2.0379
12.363
11.0252
10.8546
10.6007
9.86635
6.68996
6.75715
5.36869
5.33049
7.82107
7.67243
7.61466
7.96672
4.94667
2.22999
9.22683
11.1984
10.902
10.6007
9.93181
6.7024
6.7041
5.4814
5.30113
7.91173
7.45771
7.65442
7.89507
5.74022
2.17969
6.1322
11.8023
10.9084
10.6193
10.2077
7.08577
6.76262
6.03923
5.26718
7.91392
7.12004
7.70578
7.70941
6.43522
2.18586
3.3782
12.6316
10.9776
10.6692
10.2782
7.45726
6.90078
6.72384
5.27838
7.95899
6.75335
7.32252
7.76691
6.9635
2.33643
2.27083
13.3937
10.9932
10.6689
10.2164
7.85911
7.00175
7.06601
5.33908
7.6675
6.43762
7.01275
7.78686
7.14778
3.37269
2.42959
14.1007
10.9906
10.7726
10.6007
8.72416
7.05164
7.20787
5.46531
6.65073
6.15015
6.82485
7.80497
7.60292
4.4684
2.63835
14.9444
11.095
10.8511
10.6007
9.36536
7.08807
7.19963
5.58185
5.90306
5.99498
6.49917
7.8383
8.28697
5.45144
2.62871
14.4621
11.6421
10.835
10.6007
9.90963
7.2166
7.09611
5.66218
5.66249
5.7602
6.21823
7.8951
8.59166
6.28368
2.74204
11.5581
12.559
10.9081
10.6007
10.2077
7.33984
7.03332
6.13803
5.6546
5.64352
5.73649
7.35118
8.6688
6.67036
2.81043
8.49446
13.4489
10.9214
10.6007
10.6007
7.54084
6.96959
6.48694
5.70897
5.46269
5.3041
6.53102
8.44101
6.58895
2.90153
5.54716
14.216
10.8956
10.6351
10.5975
7.78026
6.95957
7.0135
5.76503
5.36571
4.95565
5.64673
8.05386
6.57526
3.79336
3.34784
14.846
10.9566
10.7006
10.5975
7.94547
7.05432
6.94273
5.84686
5.60013
4.81914
4.70646
8.08813
6.85465
4.70035
2.91033
15.4964
11.2738
10.7038
10.5975
8.50998
7.24109
6.87408
5.96116
6.36539
4.70445
4.55705
8.03742
6.85099
5.60752
3.06321
15.8582
12.151
10.7734
10.5942
9.22184
7.26993
6.82295
6.10611
6.35406
5.32246
4.45261
7.98238
7.26525
5.87244
3.26533
13.2668
13.2508
10.8336
10.5976
9.74201
7.32222
6.80482
6.29871
6.37044
5.55745
4.6118
7.84191
7.93317
5.63752
3.44962
10.1545
14.1952
10.8243
10.6095
10.2794
7.27297
6.80904
6.5711
6.47943
5.815
4.9617
7.52487
8.34884
5.43671
3.6932
7.15232
15.008
10.8519
10.6291
10.5968
7.20049
6.8352
6.88456
6.63338
6.11138
5.53789
7.36199
8.5891
5.30664
3.83723
4.80742
15.6761
11.0535
10.6354
10.6094
7.2803
6.81543
6.82889
6.78522
6.43634
6.21867
7.5728
8.40283
5.20385
4.19404
3.99675
15.9755
11.7184
10.672
10.6224
8.16022
6.79144
6.78387
6.88481
6.76558
6.74241
7.70126
8.02948
5.12953
5.08563
4.17522
16.3843
12.9862
10.7062
10.6221
8.75793
6.63817
6.69878
6.9767
7.09128
6.95844
7.51087
8.06478
5.06429
5.40101
4.53013
14.8094
14.1469
10.7069
10.6379
9.43533
6.42593
6.59967
6.92376
7.66474
7.20686
7.65917
8.05929
5.03999
5.32083
4.85427
11.8739
15.1862
10.7861
10.6605
10.2992
6.20557
6.43089
6.74699
7.23528
7.35341
7.57164
7.91389
5.32011
5.39715
5.10331
9.1758
16.3073
10.9134
10.6637
10.5843
6.08909
6.07681
6.51105
7.27489
7.41777
7.51827
7.64269
6.19751
5.28352
5.09301
6.66811
16.735
11.2567
10.6724
10.5778
6.89376
5.8326
6.25702
7.23548
7.43957
7.47104
7.30001
6.91027
5.37484
5.1656
5.35583
16.8918
12.4374
10.7078
10.5748
8.32517
5.72328
6.08469
7.02747
7.78377
7.36748
6.96634
7.17867
5.5244
5.60291
5.34591
17.3443
13.7848
10.7171
10.6029
9.20843
5.52962
5.863
6.8766
7.93874
7.22494
6.65205
6.74864
5.27632
5.51842
5.51857
16.1947
15.0307
10.7639
10.6281
9.79863
5.44911
5.47249
6.6613
8.00605
7.10823
6.72239
6.42302
4.87075
5.50481
5.71836
13.5956
16.4321
10.8309
10.6281
9.85446
5.51541
5.3352
6.24832
7.63829
7.01775
6.84987
6.2715
4.47967
5.32642
5.85312
11.0421
17.2898
10.8839
10.6503
9.72829
6.30572
5.29775
5.85384
7.37467
7.0067
7.41154
6.17309
4.19641
4.85399
5.8678
8.65136
17.2814
11.3655
10.6816
9.80465
7.44393
5.11535
5.45279
6.83771
7.02322
7.51201
6.09505
4.06346
4.22834
5.94908
6.67975
17.3434
12.4696
10.6816
10.2476
9.26879
4.89987
4.96347
6.65853
7.3369
7.13092
6.0194
4.05885
4.03834
5.74572
6.11235
17.4522
13.7937
10.7315
10.5811
10.8655
4.90345
4.68271
6.26543
7.90444
7.22539
5.87562
4.90617
4.06407
5.07904
6.30974
17.5758
15.2572
10.7799
10.5843
10.9117
5.60701
4.49253
5.4974
8.30143
7.3284
5.72601
6.3603
4.16247
4.9912
6.49368
15.7539
16.6433
10.7891
10.6059
10.5844
7.3065
4.34794
4.77712
7.60807
7.45699
5.55154
6.61101
4.45227
4.90147
6.69007
13.4546
17.5816
10.8667
10.6502
10.5872
9.46659
4.11437
4.29774
6.564
7.71614
5.98335
5.96832
4.91435
4.76517
6.92751
11.2812
17.8491
11.1914
10.6501
10.5935
11.8733
4.43163
3.97373
5.68456
8.09137
6.75938
5.71493
5.40188
4.53004
7.16955
9.05493
17.8911
12.108
10.6782
10.6058
14.2044
5.58231
3.89059
4.7921
8.4243
7.19817
5.55492
5.51545
4.28979
6.25211
7.72693
17.9166
13.4838
10.7092
10.6185
15.1219
7.37469
3.63289
3.70848
7.56552
6.56877
5.77854
5.70255
4.10476
5.13286
7.57986
17.965
14.9281
10.7095
10.6344
13.6221
9.88017
3.81958
3.298
6.32581
6.01666
6.00341
6.11768
4.01036
4.44511
7.82077
17.7325
16.3924
10.7535
10.6499
11.9833
12.4672
4.91249
3.34657
5.04521
5.59329
6.31637
6.76301
4.08167
3.94023
8.0359
15.85
17.6132
10.8824
10.6624
11.0885
14.6655
6.77484
3.77301
4.39974
5.30852
6.608
7.3285
4.20735
3.88017
8.19176
13.7799
18.1868
11.1539
10.7041
10.675
16.266
8.83298
4.64638
4.81953
5.21129
6.85134
7.64118
4.78888
3.76547
8.28435
11.7539
18.2746
12.2902
10.6823
10.6876
17.4188
11.3143
6.42204
6.16138
5.60507
6.43031
8.09911
5.46432
3.64182
7.71995
9.76745
18.2496
13.7578
10.7043
10.7005
17.9824
13.4636
8.26427
7.84928
6.75791
6.24197
7.60516
5.69263
3.54111
6.76315
8.64143
18.1975
15.1168
10.694
10.7074
16.6513
15.1037
10.0232
9.45342
7.65719
6.70073
7.15117
6.05697
3.48835
5.3503
8.45533
18.1749
16.6129
10.7409
10.6559
15.2024
16.3868
11.7206
10.7012
8.30441
7.42143
7.12453
6.65893
3.45945
4.289
8.37908
17.7381
17.9085
10.677
10.6318
13.6785
17.5733
13.1756
11.3345
9.01656
8.06718
7.11549
7.0836
3.4234
3.76338
8.23069
15.8485
18.1709
10.9613
10.5903
12.0673
18.4395
14.4039
11.7452
9.58256
8.50806
7.15785
7.90635
3.57212
3.38559
8.30448
13.8235
18.0855
12.0832
10.6091
11.1732
18.5316
15.7877
12.2997
10.2967
8.73284
7.25663
8.93217
3.88297
3.37279
8.39122
11.6377
18.1047
13.6444
10.6783
10.745
18.4625
17.1635
13.1194
11.3393
8.80266
7.36652
8.55462
4.66559
3.40277
8.3335
9.84265
18.1679
15.2148
10.6778
10.7203
18.179
18.1105
14.3684
12.4909
8.80903
7.45967
8.11936
5.48599
3.53236
7.65668
9.00915
18.2458
16.7055
10.6773
10.7298
17.0797
18.7105
15.8095
13.7616
8.91775
7.62288
8.02886
6.23243
3.70718
6.80593
8.6334
18.299
17.9657
10.6535
10.6888
15.572
18.6699
17.1342
15.0745
9.16684
8.1621
7.86167
7.59308
3.94232
5.70127
8.66572
17.6394
18.6039
10.7953
10.6605
14.1514
18.4493
18.1798
16.4287
10.5689
8.56861
8.07843
9.12112
4.19495
4.94205
8.80571
15.7639
18.7314
11.4847
10.6998
12.6141
18.3275
18.8858
17.63
12.4207
8.91063
8.16148
10.0705
4.50633
4.69516
8.90286
13.9309
18.8156
13.0885
10.7541
11.3501
18.32
18.7186
18.5767
14.3908
8.82222
8.16828
10.6876
5.23078
4.80281
8.82303
12.0503
18.8141
14.745
10.7602
10.9401
17.859
18.6159
19.0838
16.6102
8.72691
8.16901
10.0829
6.20608
5.08794
8.77252
10.2366
18.8004
16.2839
10.7414
10.7706
16.5192
18.5507
18.8766
18.4372
8.69732
8.06667
8.91779
7.44221
5.42046
8.78652
9.25712
18.8173
17.7686
10.745
10.7713
15.1265
18.4106
18.6976
19.0787
9.66969
7.90754
8.21458
8.55481
5.76857
8.74146
8.99977
18.5397
18.6871
10.7653
10.7557
13.7631
18.3328
18.5942
18.9895
10.6481
7.72522
7.79808
9.13377
6.22822
8.64638
8.75108
16.9956
18.8672
11.2295
10.7087
12.3683
18.2827
18.5152
18.8876
11.331
7.76965
7.54467
9.00308
6.78436
7.86126
8.77881
14.8342
19.0827
12.5281
10.755
11.3818
18.2475
18.4495
18.8333
12.4384
7.8393
7.41912
8.8904
7.30406
7.66014
8.83232
12.9166
18.9315
14.1304
10.7398
11.1627
18.1395
18.4274
18.859
13.9288
8.14656
7.40318
8.56272
7.68572
7.82134
8.8933
11.1428
18.2089
15.7907
10.7398
11.0809
18.0156
18.3749
18.8507
14.9592
8.8928
7.51951
8.46096
7.86018
7.85627
8.97718
9.67525
16.0148
17.4417
10.7396
10.9836
17.8202
18.3399
18.799
15.7416
10.1213
7.71735
8.56576
7.58826
7.82246
9.05707
8.86772
12.8929
18.7229
10.7678
10.7741
17.7417
18.3459
18.7152
16.6362
11.8301
7.93919
8.35585
6.95225
7.46477
9.16227
8.33575
9.8067
18.5222
10.8775
10.7875
17.6416
18.2915
18.7613
17.3625
13.8682
8.12845
8.34607
6.3562
6.7511
9.28733
6.8987
7.21504
16.2167
11.3894
10.8445
16.8857
18.2565
18.6536
17.9173
13.0647
8.21465
8.36136
5.90482
6.04325
9.44079
5.8382
5.601
12.8743
12.8413
10.8354
15.7608
18.121
18.47
18.0942
11.9334
8.49111
8.28641
5.61169
5.63847
9.35492
6.51859
4.43645
9.5847
14.6277
10.8255
14.5002
17.2888
18.3925
17.7666
11.1474
8.97692
8.45595
5.68402
5.42543
8.41618
7.82864
3.64097
6.34426
16.2983
10.7973
13.0437
16.2872
18.2398
17.0593
10.6453
9.54618
8.60446
5.78601
5.38471
7.43988
8.93836
2.99715
3.54554
18.1016
10.7804
11.6293
15.4279
18.149
16.3027
10.5255
10.2177
8.71395
6.48745
5.37139
6.22384
9.77507
2.61446
2.40745
15.3411
10.7329
10.9797
14.5114
18.1524
15.7699
10.5788
10.9407
8.94177
7.5144
5.27946
5.49426
10.0213
2.87512
2.07749
11.8775
10.8059
10.7246
13.9312
18.1324
15.3902
10.7888
11.9949
9.07808
8.51745
5.10095
5.13284
9.9513
3.26672
1.934
8.35261
11.3961
10.7214
13.968
17.9425
14.1316
10.6657
11.4281
9.37807
9.26086
4.93716
4.75699
9.49086
4.08304
1.81699
4.84958
12.6915
10.7065
13.9244
17.5853
12.1668
10.1262
11.2975
9.74237
9.48528
4.64316
4.36843
8.16574
5.16654
1.77847
2.50221
14.4237
10.6928
13.466
17.1154
10.6141
9.70568
10.9716
10.2868
9.67482
4.75199
4.02919
6.43599
6.50139
1.8113
1.89783
16.2357
10.6991
12.9447
16.6741
9.86524
9.55787
10.555
10.8075
9.74471
5.41853
3.76451
5.0695
7.75861
1.96835
1.89006
14.2139
10.714
12.1967
16.2298
9.80727
9.17647
10.2329
11.2414
9.88424
6.20205
3.69139
4.43854
8.72941
2.26676
2.01453
10.9823
10.7164
11.3714
15.8295
11.2244
8.92802
9.80504
11.2657
9.97656
7.65083
3.78473
4.18028
9.43541
2.5679
2.09429
7.72926
10.7342
10.9644
15.4451
13.9081
8.96732
9.73573
11.6231
10.0486
9.12058
3.99991
4.12384
9.66362
2.86734
2.10091
4.66233
11.2852
10.7609
15.0641
15.3931
8.91965
9.69071
12.5309
10.3868
9.77384
4.25606
4.10912
9.64845
3.337
2.04075
2.88023
12.6446
10.7915
14.6688
14.9497
8.88079
9.78093
13.7994
10.8524
10.0484
4.48374
3.99361
8.31639
4.05777
1.9158
2.41489
14.3441
10.81
