0.632721
1.43785
1.5399
1.51047
1.03227
1.01858
2.20099
1.14306
7.04563
8.28391
10.5475
5.85071
4.15006
3.78264
1.31606
0.53854
1.42402
1.51675
1.70641
1.03286
0.973723
1.67438
1.1724
5.06983
8.64311
10.4479
7.25117
4.10485
4.53656
1.39981
0.63814
1.40791
1.52654
1.59374
1.40618
0.939262
1.48268
1.00864
3.04812
8.9462
10.4593
8.94639
4.16085
5.14416
1.44906
0.653266
2.0442
1.72874
1.59959
2.31802
0.886752
1.34356
0.896143
1.43322
8.96232
10.3274
10.3743
4.16218
5.12485
1.47242
0.669475
3.21664
2.462
1.93866
3.19271
0.941796
1.18088
1.02258
0.864581
9.00322
10.191
11.0668
4.17891
4.8727
1.54362
0.675085
2.36489
3.33099
2.79491
4.42349
1.01954
1.06927
1.19237
0.811138
7.55763
10.1438
10.9908
4.2295
4.43949
2.05163
0.647884
0.998567
3.37288
4.03328
5.12733
1.64721
1.14093
1.53212
0.711738
5.61938
9.60454
10.5779
4.31289
4.32933
2.7878
0.606629
0.725553
3.38817
4.70587
6.17602
3.37314
1.25138
2.10877
0.672526
3.77784
8.89338
10.2914
4.95175
4.34962
3.50043
0.558165
0.568476
3.07823
5.51906
7.21985
5.90159
1.30678
2.21382
0.623179
1.78641
8.58043
10.2238
6.32493
4.20915
4.36851
0.604096
0.522154
2.04599
4.70089
7.57996
8.23574
1.42975
1.5645
0.560963
0.540418
8.21481
10.0711
7.76339
4.08261
4.68033
0.779223
0.523591
1.61054
3.84446
7.75113
10.172
2.41386
1.68357
0.615553
0.56632
6.61338
9.72958
9.40898
4.05115
4.35468
0.893911
0.518965
1.63983
3.28448
7.68713
10.7853
4.235
2.07455
0.777446
0.579328
5.17893
8.88603
10.7357
4.05478
4.22003
0.888189
0.502416
1.56679
2.69183
7.27222
10.8246
5.91657
2.57815
1.00165
0.585933
3.97209
8.00638
10.4383
4.0807
4.08077
0.869395
0.482526
1.34068
2.20143
6.82971
10.3723
7.98044
3.0046
1.23725
0.563043
2.11647
7.41291
10.2917
4.56524
3.93112
0.931296
0.47161
1.03387
1.71864
6.45704
9.52547
10.2058
3.56766
1.58896
0.554094
0.682282
6.60326
9.89794
5.27254
3.66983
1.18061
0.468925
0.775152
1.59052
5.69078
8.25644
11.4204
4.32708
2.02314
0.566156
0.619864
5.16301
8.81538
6.66767
3.49297
1.78114
0.454494
0.527524
1.65191
4.63222
6.86269
11.4024
5.49357
2.48277
0.566282
0.56477
4.01232
8.08585
8.23292
3.45422
2.66706
0.466014
0.448821
1.62414
3.8293
5.96647
11.4009
6.52995
3.26397
0.608243
0.528759
3.15512
7.57282
9.55934
3.46284
3.455
0.636641
0.454317
1.57018
3.00353
5.52212
11.3403
7.8465
4.24598
0.736733
0.487365
1.79844
7.32328
10.4466
3.56051
4.23157
0.754291
0.474106
1.43313
1.75504
5.21685
11.4204
9.16675
5.16867
0.92391
0.448758
0.654451
6.58057
10.0426
3.62532
4.29121
0.865803
0.488538
1.58252
1.49303
4.44579
11.2605
9.84205
6.2617
1.16021
0.46377
0.609138
5.68674
9.1049
4.45559
3.65166
0.957753
0.493756
1.30475
1.45692
3.79684
9.961
10.2956
7.69479
1.54907
0.479399
0.616423
4.48808
8.28456
5.89032
3.76049
0.961925
0.499453
0.980516
1.55268
2.91777
8.63613
10.9664
8.92522
2.57865
0.523692
0.616285
3.14733
7.65482
7.23488
4.12022
1.0762
0.499227
0.749237
1.53596
2.03439
7.68324
11.3991
10.2061
3.79549
0.559879
0.604487
1.63283
6.62321
8.78512
4.49412
1.48949
0.507785
0.565551
1.56775
1.60666
5.88003
12.1698
10.917
4.88032
0.591454
0.598953
0.840594
5.56117
9.12291
4.82658
2.13775
0.565993
0.527296
1.53365
1.59927
4.47836
12.1254
11.1862
6.18062
0.621465
0.588945
0.718885
4.48962
7.88185
5.16574
2.75415
0.849392
0.532238
1.50467
1.6414
3.72701
11.8801
11.4292
7.39805
0.674593
0.581257
0.650707
3.40581
6.81673
5.682
3.52453
0.902861
0.534066
1.50241
1.61164
2.83671
11.682
11.6412
7.97657
1.07791
0.598399
0.608784
2.3202
5.98943
6.31311
4.14747
0.924906
0.533221
1.41362
1.5566
1.84063
11.1185
11.7914
8.78942
2.02218
0.600378
0.596823
1.52741
5.10326
6.71007
4.3834
0.930565
0.53317
1.17832
1.51942
1.59914
8.78296
11.8903
9.8859
3.30682
0.594038
0.618314
1.05705
4.24216
6.82211
4.46575
0.88558
0.533498
0.91152
1.51128
1.63972
6.71344
12.2283
10.7358
4.89277
0.602798
0.629456
0.868992
3.34989
7.04205
4.52249
0.797865
0.514377
0.720902
1.51128
1.63305
4.99094
12.2822
11.707
6.94913
0.617936
0.629444
0.750749
2.5136
6.67695
4.41663
0.914141
0.504936
0.568665
1.51873
1.62287
3.07556
12.1281
12.2117
8.57997
0.668492
0.611684
0.672992
1.84304
6.07561
4.52531
1.3265
0.479299
0.495571
1.53232
1.57053
1.66752
10.8904
12.3421
9.5219
0.825267
0.56598
0.649296
1.2346
5.5281
4.49243
1.91096
0.617406
0.467955
1.54158
1.55019
1.69449
8.67413
12.4723
10.0256
1.30649
0.53496
0.622246
0.935166
4.85033
4.19368
2.61875
0.657022
0.459308
1.55313
1.54209
1.65009
6.45978
12.5165
10.3909
2.97628
0.509386
0.562135
0.861694
3.92998
4.30233
3.12979
0.648262
0.455981
1.50117
1.55896
1.65641
4.52411
12.5339
10.5477
5.53005
0.500109
0.493063
0.808554
3.44876
4.68944
3.30037
0.668492
0.469909
1.24818
1.58149
1.66379
2.48064
12.2186
10.9698
7.80699
0.566862
0.463782
0.690979
2.97584
4.40878
3.27987
0.759371
0.489849
0.967596
1.58768
1.63121
1.75019
10.3008
11.3707
10.0961
0.758766
0.432322
0.645476
2.31279
3.93188
3.24851
0.851485
0.544136
0.757227
1.5985
1.62727
1.63231
8.01202
12.1315
10.5297
0.859426
0.392706
0.607978
1.86277
3.54935
3.21669
1.14028
0.589575
0.640611
1.60457
1.65197
1.67814
5.76945
12.7464
10.4111
1.39392
0.359543
0.529011
1.6234
3.10615
3.56806
1.47803
0.636717
0.618074
1.60789
1.63647
1.5437
3.6707
12.79
10.2121
3.23341
0.356858
0.454682
1.28678
2.8146
3.78366
1.77002
0.847892
0.634385
1.63411
1.63853
1.62099
1.77873
12.0181
9.9374
5.62878
0.348073
0.40497
1.04692
2.47678
3.07719
1.92427
0.939363
0.608911
1.66925
1.63364
1.61543
1.60607
9.99415
9.59388
8.13971
0.334145
0.356859
0.811188
2.26918
2.53453
1.82061
0.933288
0.552089
1.66372
1.60655
1.62389
1.61882
7.72408
9.4061
9.25418
0.409482
0.33146
0.616474
2.0538
2.18867
1.55968
0.89134
0.478189
1.40066
1.59216
1.59656
1.62098
5.40882
9.8439
8.85616
0.612364
0.370787
0.561821
1.85821
1.87623
1.27479
0.919889
0.412697
1.07795
1.59762
1.57927
1.63216
3.21782
10.4796
8.39452
1.07013
0.400243
0.524158
1.56087
1.63728
1.01218
0.982307
0.353569
0.794159
1.58754
1.59249
1.63371
1.70807
10.738
7.99093
2.29875
0.393916
0.484089
1.33608
1.29433
0.780143
0.783786
0.301109
0.503361
1.6348
1.5966
1.61566
1.7366
8.55468
7.62096
4.06509
0.372917
0.459711
1.26274
1.11053
0.617003
0.622499
0.27014
0.353682
1.68696
1.61548
1.60123
1.61421
6.25927
7.03185
5.54363
0.350191
0.464892
0.922322
0.957362
0.525444
0.516116
0.362027
0.275522
1.69519
1.62444
1.57539
1.59951
4.08596
7.05978
6.80752
0.388092
0.467034
0.718116
0.740288
0.456031
0.455035
0.537998
0.459119
1.71842
1.64245
1.54415
1.41941
2.01888
7.13978
6.79934
0.558304
0.410213
0.600491
0.593445
0.376824
0.393374
0.765144
0.80389
1.6239
1.64747
1.54182
1.67492
1.32409
7.24064
6.77403
1.58128
0.420902
0.563408
0.540267
0.349964
0.340485
0.536498
1.18694
1.36504
1.66916
1.55366
1.66241
1.37171
6.24355
6.71736
3.38467
0.458249
0.474849
0.556552
0.33799
0.34041
0.421961
1.43612
1.18971
1.72489
1.56419
1.6644
1.2418
4.12897
6.74094
4.96146
0.47224
0.448229
0.554321
0.318087
0.338494
0.553501
2.39313
1.13807
1.65331
1.57302
1.6604
1.21676
2.15345
6.58287
6.27519
0.48458
0.448947
0.525041
0.366262
0.498395
1.04404
3.79684
1.14001
1.59825
1.59342
1.61663
1.26485
1.09847
6.17185
7.11162
0.455615
0.451796
0.49571
0.576202
1.08783
1.92332
5.30815
1.13132
1.59341
1.61275
1.62724
1.46012
1.22177
5.85208
7.07069
0.444435
0.420574
0.438296
1.0413
2.22045
3.40627
6.3938
1.10642
1.61996
1.62739
1.65682
1.62616
1.30153
5.39404
6.95964
0.559426
0.384815
0.532011
1.87168
4.0163
5.34877
7.41684
1.17153
1.65145
1.65566
1.66251
1.73493
1.35473
4.39851
6.94714
1.03644
0.397937
0.827434
3.18827
6.22023
7.25308
8.29002
1.26916
1.68009
1.66415
1.68801
1.7868
1.39464
3.382
6.96835
1.95089
0.504382
1.50472
4.95919
8.39925
8.59869
9.1099
1.30187
1.50031
1.65021
1.66957
1.76965
1.42839
2.61561
6.50892
3.41258
0.686706
2.59699
6.79699
10.2525
9.39595
9.73782
1.84651
1.40811
1.64547
1.61565
1.6717
1.4716
1.82211
6.25249
5.16521
1.09291
4.10372
8.30872
11.6154
9.92327
10.1312
3.38842
1.66719
1.64264
1.54846
1.61171
1.52338
1.53051
6.06834
6.66828
1.7311
5.66049
9.49596
12.1335
10.1987
10.4693
5.39127
2.1586
1.66708
1.52535
1.53852
1.62946
1.53498
5.75409
7.45047
2.53963
6.95687
9.99861
12.1314
10.3977
10.5858
7.50308
2.81307
1.66861
1.50079
1.493
1.65893
1.61692
5.09939
7.58151
3.53965
7.45904
10.0641
12.1092
10.5861
10.5449
10.0312
3.99921
2.1436
1.48356
1.47937
1.6875
1.59991
4.43513
7.48941
4.44297
7.22297
10.1919
11.8757
10.62
10.7038
11.58
5.17453
4.12356
1.4998
1.47437
1.71235
1.55773
3.56276
7.10406
5.11372
6.65294
10.1624
11.5145
10.9203
10.7336
12.0184
5.90486
6.80941
1.53791
1.48139
1.70047
1.48739
2.68829
6.81444
5.70043
6.13207
10.2456
11.4453
11.2452
10.8761
11.8705
6.19475
9.23439
2.32907
1.59957
1.67315
1.4975
1.82311
6.57195
6.47042
6.12961
10.3502
11.2621
11.5439
11.0044
11.6651
6.16599
8.31686
4.78304
1.64724
1.69207
1.48404
1.51386
6.31555
7.4945
6.42176
10.4065
10.9503
12.0817
11.103
11.359
6.13797
6.96612
7.25562
1.69645
1.67076
1.49036
1.53106
6.25309
7.83507
6.64791
10.4292
10.87
12.5292
11.1741
11.0957
6.31501
6.20689
9.70907
2.52062
1.67905
1.49892
1.60189
5.84671
6.73083
6.79424
10.4181
10.6858
12.2296
11.1711
10.9751
7.56067
6.2553
12.3734
4.61084
1.67685
1.53541
1.58824
5.4611
5.7773
6.86144
9.95962
10.4859
12.0513
11.2235
10.9688
10.0725
6.23893
14.1392
7.15814
1.68019
1.51693
1.61086
4.66394
4.7947
6.9011
8.9752
10.5337
11.7982
11.3245
11.1067
11.45
6.21852
14.2485
9.79758
2.06157
1.50479
1.61983
3.76519
3.91376
6.94611
8.15446
10.5711
11.4284
11.4355
11.3007
11.398
6.1898
13.3347
12.2156
4.17793
1.47664
1.45924
3.49438
3.02932
6.48309
7.46291
10.5993
11.307
11.6362
11.524
11.7137
6.2403
10.9065
13.8682
6.72673
1.5512
1.49002
3.75075
2.7636
5.27395
7.09577
10.6354
11.086
11.7865
11.6256
11.8982
6.30628
8.33604
14.0431
9.1413
1.75204
1.54022
3.70179
2.77917
4.1169
7.1432
10.6715
10.8894
12.3116
11.7529
12.097
6.34642
7.09213
14.0196
11.7094
3.50768
1.51767
3.49489
2.16853
2.92486
7.18981
10.5275
10.8758
12.2806
11.8912
12.2859
6.69942
6.36188
14.0268
13.9081
5.91034
1.60375
3.44779
2.31773
2.21748
7.16472
10.2586
10.7769
12.0816
12.0247
12.2919
8.09557
6.36942
14.0516
13.9468
8.44296
1.81404
3.60558
2.75034
2.23972
7.00208
9.75119
10.8009
12.077
12.1206
12.2292
10.8455
6.37242
14.146
13.9397
11.1836
2.14916
4.05092
3.69341
2.23471
6.06072
8.82542
10.8323
11.9063
12.1569
12.2627
12.3008
6.36014
14.1331
13.9547
13.5425
3.01884
2.98491
4.49114
2.20537
4.56313
8.05023
10.7891
11.4566
12.3235
12.1623
12.1771
6.32842
13.7561
13.9654
14.1005
5.58453
2.69038
4.73539
2.14897
3.1618
7.37047
10.6435
11.2733
12.6402
12.1543
12.0439
6.41578
11.6071
13.9709
14.084
7.95255
3.08788
4.98703
2.13779
2.37926
5.79805
10.6153
11.0537
12.8886
12.1234
12.0566
6.64972
9.18479
14.013
14.0015
10.4071
3.691
5.15959
2.2686
2.55429
4.88107
10.374
10.799
12.8601
12.0688
12.1526
6.94246
7.97868
14.0358
14.0056
12.8995
4.29615
5.04316
2.47904
2.55435
4.41483
9.92092
10.7515
12.664
11.9692
12.2072
7.19839
7.18705
14.2308
14.0659
13.6697
4.99637
4.86292
2.82874
2.75699
3.642
9.69053
10.7201
12.2965
11.8392
12.3702
8.40487
7.24745
14.9706
14.0429
13.4953
5.98938
5.1506
3.07775
3.08474
2.99773
8.46819
10.7051
12.0105
11.6719
11.9456
10.8888
7.23867
15.5922
14.2368
13.3459
7.66136
5.30469
3.52313
3.27031
2.90356
6.83406
10.6616
11.6517
11.5371
11.6834
12.2686
7.20206
16.0183
14.7001
13.3582
9.46409
5.47347
4.04719
3.14249
2.80479
5.61291
10.5272
11.162
11.4547
11.4568
12.3172
7.13617
15.9957
15.3955
13.3552
11.5378
5.74037
4.2594
3.30191
2.9027
4.7878
10.2851
10.9592
11.5511
11.3711
12.2994
7.05168
13.2775
15.9108
14.1123
13.0296
5.81942
4.31206
3.67516
3.00963
4.10721
9.78349
10.723
11.5438
11.3884
12.1862
6.93814
10.313
16.5981
14.9652
13.1052
6.74186
4.34122
3.64541
3.1648
4.39675
9.15482
10.574
11.8432
11.5037
12.1084
6.78782
8.32856
16.943
15.6621
13.1159
8.45755
4.24607
3.43892
3.55457
4.71958
8.80998
10.5656
12.2186
11.7715
12.0062
6.65111
7.09209
16.9995
16.4884
13.2616
10.0969
4.38184
3.27329
4.01547
5.14233
8.26534
10.4122
12.0876
12.1551
11.9093
7.43818
6.51018
16.998
16.9639
13.852
11.5322
4.68497
3.13403
4.41295
5.32535
7.59536
10.2428
11.864
12.5854
11.7889
9.93596
6.3792
17.0334
16.9746
14.5834
12.9022
4.80083
3.07075
4.31175
5.15645
7.03875
10.0948
11.5911
12.9467
11.8177
11.4811
6.22824
17.1112
16.9398
15.3857
13.5047
5.11784
3.03819
3.8938
5.34758
6.49557
9.18207
11.3019
13.2174
12.1415
11.6723
6.13805
15.8958
16.9101
16.4635
13.7812
5.76461
2.98914
3.5537
5.50087
6.1731
8.6215
11.3035
13.1524
12.4912
11.7032
6.12863
13.0525
16.9293
17.1222
14.1028
6.83968
2.95845
3.3151
5.41903
5.71469
7.80055
11.2413
12.7783
13.0438
11.7986
6.15654
10.0448
16.9421
17.1687
14.8065
8.30747
3.1165
2.97999
5.43479
5.50369
7.15507
11.1139
12.5142
13.376
11.926
6.24969
7.88102
16.9468
17.0385
15.606
10.3055
3.18783
3.03777
5.39939
5.37208
6.58908
10.3928
12.1776
13.2857
12.0422
6.36695
6.7306
16.8346
16.9915
16.3454
12.3045
3.66487
3.15307
5.36488
5.34815
6.45649
9.79222
11.7679
13.2193
12.3198
7.38098
6.44957
16.2076
16.9972
16.9024
13.9776
4.30484
3.22087
5.46984
5.39089
6.14475
8.97517
11.671
13.0221
12.4524
9.76398
6.43697
15.3639
17.0088
17.1956
15.0121
4.84564
3.29312
5.59591
5.56157
6.01033
8.01011
11.5886
12.9004
12.5328
11.3787
6.19271
14.588
16.6495
17.1921
15.7477
5.98739
3.38802
5.53014
5.82063
6.04685
7.21351
10.8808
12.7176
12.5638
12.0328
6.07393
12.9058
16.0205
17.041
16.157
7.82206
3.54207
5.20357
6.1092
6.06256
6.5624
9.55482
12.6016
12.5363
12.1272
6.05503
10.3855
15.4495
16.6659
16.3626
9.79304
3.72202
4.65601
6.28185
6.16019
6.17108
8.10525
12.4317
12.3963
12.3176
6.00071
7.98053
14.6736
16.079
16.7026
11.7941
3.84046
3.9763
6.32369
6.30858
5.99435
6.78261
12.2479
12.2033
12.3276
5.92742
6.72401
14.1002
15.609
16.9821
13.7199
4.00685
3.90678
6.31684
6.37846
5.8668
6.03097
12.0481
11.9731
12.1122
6.11872
5.86814
13.8452
14.9914
16.2403
15.0438
4.78302
3.89484
6.246
6.35252
6.46752
5.89206
10.4643
11.7787
11.747
7.39177
5.85661
13.7406
14.3075
15.6858
15.8321
6.00605
3.82612
6.15641
6.22478
6.7701
5.74821
8.78697
11.6787
11.5276
9.90709
5.84141
13.6621
14.0065
15.0292
16.1778
7.32875
3.78264
6.10696
6.17793
6.84422
5.55134
7.21064
11.5157
11.3732
11.4663
5.83566
13.5582
13.7942
14.5155
16.3984
9.16822
3.82749
6.05599
6.08131
6.8828
5.1504
5.68788
11.7249
11.2567
11.9104
5.86223
13.3747
13.5868
14.3007
15.5139
11.0276
3.9398
5.25197
5.92023
6.88118
4.89473
4.72408
12.0067
11.2345
11.6089
5.8694
13.2274
13.5351
14.2508
14.7321
12.4902
4.06193
4.64109
5.73202
6.84266
5.93191
4.57275
10.0153
11.1008
11.1793
5.86217
12.491
13.3066
14.0387
14.275
13.9725
4.43107
4.20786
5.57778
6.68037
6.51761
3.97996
7.91548
11.2028
11.0083
5.85827
10.256
13.0769
14.0326
13.9452
15.332
4.80962
4.35381
5.48658
5.90915
7.4362
3.95173
5.81321
11.3365
10.9395
5.96792
7.86523
13.1154
14.1721
13.8976
14.8097
5.78957
4.40938
5.40438
5.62777
7.75293
3.63651
3.77538
11.7765
10.9713
6.85051
6.60108
13.1554
14.0003
13.8491
14.2876
7.03782
4.49687
5.46477
5.53723
7.52819
3.599
3.14389
11.6799
11.0758
8.88961
5.69669
12.7192
13.9881
13.8259
14.123
8.58547
4.59457
5.67934
5.52585
7.53606
4.54096
3.05974
9.367
11.0745
10.0667
5.64563
11.1989
13.7072
13.8193
14.1335
10.0924
4.72084
5.76651
5.51417
7.3003
5.15001
2.75754
7.36879
11.233
10.2242
5.58412
9.28729
13.228
13.7827
13.9844
11.2318
4.87027
6.10604
5.5344
7.17569
5.79532
3.06829
5.54235
11.2435
10.1711
4.48976
7.17637
11.7132
13.6099
13.9109
12.2649
5.02044
5.54158
5.60569
6.97666
6.20885
3.17131
3.69556
11.6086
10.1606
3.05784
5.03756
9.49975
13.4967
13.9191
13.0737
5.33431
5.15631
5.78176
6.64547
5.95313
4.22684
3.54551
10.1244
10.0318
2.44439
2.94039
7.44171
13.4
13.6094
13.4355
5.65225
5.32698
5.99315
6.1676
6.06279
5.63106
3.59059
7.98508
10.1805
2.45376
2.39149
5.66081
12.9446
13.2356
13.4893
6.51819
5.46473
6.10053
6.18131
6.60574
5.61382
3.89412
6.14851
10.3198
3.50475
2.52186
3.87164
12.4116
12.5247
13.5767
7.77027
5.60245
6.16718
6.28375
6.87116
5.691
3.98487
4.73042
10.4194
5.24287
2.66369
3.50541
12.3798
11.5474
13.5211
9.08988
5.73151
6.51208
6.18712
6.45465
5.6416
4.34389
4.14944
10.7525
6.99533
2.81068
3.5918
10.9375
10.7637
12.4656
10.0544
5.82324
6.78929
6.23844
5.9573
5.28605
5.64572
4.40178
8.81897
9.16373
3.01037
3.68123
9.41227
9.76636
10.1328
11.2469
5.90798
6.16563
6.40024
5.58324
4.89084
5.71197
4.19207
6.80046
10.1205
3.28149
3.93481
7.33765
9.39797
9.09097
12.3305
5.96803
5.95665
6.63951
5.41018
4.67652
4.5984
4.25905
5.07136
10.5462
3.40799
4.07836
5.34295
9.58096
8.91259
11.4467
6.44064
6.07415
6.8843
5.48141
4.54246
4.47493
3.86314
3.8185
10.9926
3.33796
3.80579
4.76473
9.73574
9.03704
9.57103
7.00931
6.2322
7.109
5.6489
5.01625
4.38365
4.61897
3.69395
11.2173
3.17471
3.20956
5.48131
10.5436
9.59624
9.4356
8.07998
6.36236
7.29425
5.83938
5.92021
4.37157
6.10344
3.25479
10.1837
4.07932
3.03934
5.39426
12.0623
10.3961
9.25617
9.27502
6.33622
7.37536
6.30399
5.969
4.43563
7.50891
3.09049
8.20475
6.05185
2.83819
5.36294
9.8884
11.5671
9.09652
9.33848
6.25548
7.07322
6.98467
6.1899
4.61694
6.29784
2.57734
6.28423
8.38652
2.44484
5.07966
8.12324
12.6066
9.77065
9.09212
6.21664
6.36902
7.19919
6.51692
4.78999
5.23125
2.60361
4.40487
11.1759
2.27543
5.14788
6.45818
12.3146
10.4981
8.90108
6.20411
6.26531
7.27492
6.87546
4.52918
4.53487
3.67023
2.76226
11.3876
2.52072
5.02289
5.44405
11.3541
11.7929
8.76411
6.58624
6.21087
7.34132
7.22663
4.84157
4.1943
5.15455
2.37823
9.25698
2.98519
4.90033
5.40438
10.1005
11.7216
9.18694
7.15834
6.18112
7.36035
7.56508
5.25847
3.94209
6.60636
2.2647
7.14225
3.76843
4.50081
5.13787
8.92371
9.92534
9.91154
7.12444
6.11628
7.38611
7.84697
6.40609
3.85258
7.7683
2.24186
5.15102
4.22079
4.24401
5.33788
8.11106
8.07418
10.9456
6.50908
6.0576
6.88331
7.73257
7.65758
3.90108
8.41971
2.1963
3.17572
5.36551
4.66108
5.73749
7.61212
6.8072
13.4077
6.34562
6.02592
6.45521
7.73199
8.00633
4.10384
7.19812
2.3563
2.18689
6.36691
4.65443
6.51479
6.91396
5.15667
16.2036
7.67949
6.04246
6.21586
7.897
7.94658
4.50533
5.73221
2.48246
2.01159
8.86908
4.12533
8.40544
6.80598
3.9875
13.8816
8.92805
6.37949
6.14796
7.91374
7.86831
5.08174
5.38899
2.50192
1.97028
7.33985
3.35531
10.1773
6.67775
3.68157
10.8873
9.16732
6.56575
6.33916
7.83545
7.74218
6.02277
5.84981
2.8107
1.9173
5.04503
2.53763
8.34379
5.74777
3.7783
8.10981
9.95069
6.8145
6.35233
7.50213
7.6255
7.50562
6.66265
3.74598
1.80683
2.70371
1.98439
5.61783
5.71476
3.95446
5.61673
9.63861
7.96615
6.38373
7.02603
7.62139
8.71338
7.49528
4.97725
1.87533
1.82209
1.81555
2.62175
7.4836
4.15882
4.2635
8.37589
8.39632
6.43447
6.74409
7.82673
8.85217
8.24057
6.68366
1.92897
1.85766
1.83068
1.31975
9.66434
4.92734
4.47277
7.91667
8.62823
6.52857
6.68102
7.68125
8.84766
8.84066
8.52177
1.91775
1.91112
3.63913
1.18018
11.6768
5.54974
4.74017
8.29082
8.6663
6.66546
6.77089
7.5816
8.64456
9.34483
9.86028
2.01822
1.95574
3.81134
1.20364
9.21359
5.86495
5.04111
8.22523
8.53344
7.05135
6.76871
7.57083
8.71164
9.58236
10.1788
2.09037
2.04711
2.06845
1.16914
6.49936
6.96972
5.31727
8.28047
8.32381
7.35247
6.80007
7.64737
8.6651
9.21322
10.0264
2.11069
2.08931
2.07343
1.13154
3.70342
9.10556
5.43928
7.97873
8.28019
7.43545
6.85753
7.50064
8.62947
9.27109
9.8549
2.71143
2.11106
2.08924
1.10879
1.90779
11.2835
5.52455
6.20377
8.06853
7.60435
7.01354
7.12417
8.76727
9.3802
9.62939
4.02685
2.12649
2.09781
0.9017
1.52982
12.575
5.62752
5.59354
7.75546
7.53815
7.29827
7.41462
8.97641
9.25057
9.09858
5.71903
2.18706
2.08308
0.975474
1.37877
9.75983
5.79099
5.58229
7.51493
7.35453
7.58056
7.7211
9.26567
9.4954
8.69418
7.70792
2.28509
2.05117
1.28901
1.07025
7.11237
5.85518
5.5411
7.17388
7.28252
7.46477
7.83276
9.46272
9.73616
8.13921
9.53338
2.37272
2.04548
1.39635
0.887584
4.455
7.06849
5.43787
6.79022
7.35701
7.38198
8.03692
9.62286
9.68996
7.56453
10.1956
2.59311
2.03845
1.68628
0.817024
2.41243
9.23005
5.34179
6.46702
7.60784
7.4996
8.08029
9.5107
9.93284
7.06072
9.38853
2.75764
2.02248
2.2148
0.970421
1.96892
11.1009
5.39716
6.27251
8.10668
7.48777
7.65733
9.33991
9.95819
6.59135
8.1967
2.85602
2.00942
2.19641
1.00424
1.9075
10.1297
5.56969
6.25481
8.41965
7.35603
7.45022
9.14884
9.55442
6.27062
6.81017
3.25737
1.99242
2.07524
0.832527
1.88604
7.48887
6.04648
6.26056
7.51455
7.19612
7.1235
9.22065
8.9681
6.07488
6.17099
4.32755
2.01679
2.06196
0.84701
1.7187
4.86333
6.49146
6.25617
6.70474
7.37124
6.74337
9.26517
8.14059
6.01683
5.77279
5.7213
2.12458
2.08625
0.866472
1.39234
2.68651
7.70256
6.22757
6.35796
7.52519
6.25223
9.23823
7.32517
6.93716
5.36574
7.52588
2.25034
2.15476
0.86937
1.03475
2.05709
9.41316
6.22907
6.36418
8.02128
5.98715
9.02451
6.83097
7.95146
4.85623
9.2606
2.32901
2.19937
0.980743
0.885554
2.01511
10.9002
6.26016
6.51348
8.52784
5.98353
8.45999
6.76141
8.08815
4.461
8.83669
2.45023
2.26104
1.2479
0.878509
1.95682
8.12755
5.85122
6.57277
8.73093
5.91744
7.40489
6.77129
7.30703
4.2983
7.41883
2.5466
2.33415
1.80086
0.846279
1.90947
5.42081
5.605
6.54272
9.14064
5.69005
6.14635
7.00614
6.85737
4.38018
6.22987
2.69957
2.35534
2.42314
0.83288
1.85039
3.00181
5.42182
5.94899
9.36468
5.3402
5.36557
7.61713
6.69271
4.53669
4.88963
3.50017
2.38352
2.5134
0.836851
1.8785
2.1474
5.47637
5.348
8.25038
5.36324
4.82892
8.17839
6.55558
4.88378
4.79881
5.04426
2.33066
2.51627
0.862828
1.75232
2.10539
6.20908
5.32304
7.84647
6.09066
4.5243
9.2031
6.77146
6.1199
5.1439
6.73773
2.3038
2.52466
0.911053
1.44277
2.10035
7.72341
5.14355
8.13384
6.70775
4.10855
9.58672
6.92093
7.34227
5.26747
8.63976
2.30362
2.45362
0.944494
1.097
2.06484
6.02643
5.07683
8.46264
7.44823
4.32404
8.58102
7.40636
7.08354
5.36086
9.7267
2.39372
2.43211
1.02074
0.920558
2.03906
3.33057
5.25609
8.62737
8.22194
4.49644
7.72252
7.7975
7.32676
5.46139
8.35723
2.4733
2.44221
1.27326
0.88258
2.03103
2.11081
5.9065
8.75477
8.53906
4.83524
7.23234
8.32775
7.401
5.56566
7.4268
2.51239
2.43427
1.8511
0.891365
2.00916
2.0918
7.38941
8.92279
8.89793
5.5449
6.5704
9.15911
7.71189
5.67728
6.55205
2.6409
2.40898
2.46939
0.891252
1.99462
2.06759
9.1835
9.11497
9.08866
6.23834
6.62544
9.30572
7.95575
6.02204
5.80572
3.74395
2.33853
2.56185
0.875836
1.92623
2.03341
6.62644
9.96214
9.13975
6.86969
6.79705
8.98104
8.18777
6.56637
6.08064
5.45803
2.30066
2.54407
0.858316
1.79536
2.05491
3.77756
11.1633
9.52476
7.05593
6.86619
8.8752
8.40565
7.33688
6.51857
7.18442
2.28317
2.51769
0.879831
1.43776
2.03858
2.10079
13.0427
9.81018
7.12306
6.75578
8.46133
8.03358
8.00908
7.09371
9.20691
2.32667
2.46116
0.882869
1.05684
2.01111
2.05544
13.1409
9.9685
7.29126
6.62513
8.16508
7.57361
8.62173
7.47305
10.0703
2.4095
2.42586
1.00783
0.881332
2.05165
2.04049
10.1941
10.047
7.67982
6.66186
8.08705
7.45623
8.99728
7.81126
8.99881
2.48074
2.32215
1.32335
0.866849
2.07422
2.0436
7.14663
10.0682
7.76867
6.84966
7.84983
7.58966
9.16627
8.00108
8.34878
2.67547
2.23422
1.82547
0.857598
2.138
2.04674
4.14184
10.1712
8.32888
6.61478
8.05875
7.82654
8.81258
8.11544
8.17594
3.32377
2.17767
2.38705
0.833095
2.16351
2.05195
2.28071
11.1662
8.86042
6.63608
8.59531
8.05277
8.52304
8.70088
8.27495
4.85507
2.07164
2.1816
0.886109
2.15453
2.02114
2.07542
12.6671
9.18762
6.68496
8.87847
8.09963
8.49363
9.15234
8.6106
6.68278
1.95203
1.99733
0.918578
3.1749
2.0038
2.03471
10.5576
9.86843
6.97623
9.35851
7.6102
7.5625
9.61673
8.98096
8.30664
1.90932
1.85144
0.911369
2.6655
1.98058
1.99155
7.47737
9.94048
7.3924
9.24958
7.24058
6.8716
9.62351
9.26794
9.91755
1.99785
1.79694
0.909906
1.00642
1.96789
1.9611
4.52199
9.85444
7.68891
8.50021
7.31381
6.31937
9.15147
9.17798
9.29199
2.15301
1.82385
1.11026
0.934069
1.9628
1.94019
2.42262
10.2559
8.0363
8.11701
7.3284
6.06854
8.23989
9.2026
8.89338
2.55598
1.95158
1.67787
0.975411
1.97719
1.943
2.04418
11.5515
8.34269
7.96894
7.25126
6.02964
7.50802
9.09007
8.5246
3.49123
2.12298
2.46494
0.978688
1.93637
1.96693
2.01614
11.1472
9.12903
7.91973
8.33364
5.76744
6.74318
9.28604
8.01718
4.82089
2.30773
2.47907
0.891541
1.8736
1.92346
2.06085
8.18652
9.56894
8.02167
9.29602
5.59992
5.95964
9.74753
7.52273
6.59123
2.53412
2.45503
0.845825
1.85395
1.90648
2.0811
5.27474
9.61382
8.23146
9.6971
5.61725
5.57387
9.75456
7.0831
8.28167
2.73958
2.38354
0.815662
1.57474
1.88359
2.057
2.82266
9.53799
8.36727
9.51751
6.25847
5.50537
9.82853
6.8114
7.12413
3.04065
2.29123
0.814188
1.24429
1.89843
2.0913
2.09146
10.1964
8.50974
9.24027
6.55072
5.37709
9.90493
6.52594
6.44327
3.45405
2.26853
0.822847
0.886815
1.89393
2.05215
2.11452
11.3524
8.5352
8.54309
7.30813
5.24583
9.88509
6.70615
6.02462
3.90762
2.27758
1.06197
0.822431
1.87212
1.97811
2.10436
8.84888
8.38551
8.35056
8.33763
5.14658
9.10483
7.82551
5.59098
4.89505
2.14062
1.59306
0.81357
1.84016
1.88789
2.09531
5.97076
8.45842
8.27179
9.11387
5.15017
7.99665
9.05947
5.10214
6.14602
2.11312
2.27839
0.811818
1.76794
1.80087
2.09448
3.31573
8.81085
8.2768
10.1273
5.09545
6.46079
10.324
4.80659
6.79393
2.2037
2.16323
0.835413
1.71167
1.78365
2.1144
2.17105
8.79469
8.28989
10.6227
5.05841
5.46486
10.4068
4.53581
5.28659
2.56025
2.28256
0.86579
1.66892
1.78289
2.13669
2.1126
8.88377
8.20481
9.3114
5.12145
5.13227
10.3903
4.08773
4.23328
2.87012
2.42185
0.853917
1.51394
1.75879
2.12948
2.06933
9.16296
7.95064
8.28684
6.10585
5.15857
10.3969
4.70971
3.69521
3.32176
2.56466
0.822985
1.27145
1.74446
2.10068
2.05074
10.0468
7.71862
7.86218
7.36142
5.58101
10.4544
5.90307
3.48865
3.69021
2.63196
0.791727
0.958005
1.72967
2.00134
2.0712
8.34993
7.71891
7.61758
8.79399
6.26552
10.4703
7.73199
3.27454
4.06267
2.68119
0.795923
0.796957
1.69243
1.91356
2.05273
5.45511
7.51086
7.66727
10.2432
7.045
10.4306
9.5669
3.20125
4.50315
2.77923
1.00564
0.802452
1.66849
1.82073
2.07185
2.9065
7.75898
7.56275
10.0029
7.79467
10.4204
10.3984
3.1482
4.3091
2.82224
1.43038
0.80931
1.62076
1.72527
2.07402
2.05061
7.99009
7.37192
9.25172
8.50706
10.0063
10.381
3.10944
3.22671
2.80367
2.01712
0.8232
1.59811
1.69503
2.05766
2.05225
8.46937
7.21632
8.3961
9.19683
9.84248
10.2978
3.32459
3.30336
2.73622
2.57912
0.83065
1.62435
1.7079
1.97587
2.06604
8.52416
7.09828
7.31796
9.71894
9.85322
10.2994
4.17472
3.63115
2.71567
2.82668
0.821334
1.61654
1.70148
1.90451
2.04218
5.7277
6.9579
6.87347
10.1965
9.97924
10.3605
5.37523
3.99417
2.61289
2.70651
0.809448
1.27426
1.71214
1.85796
1.97483
3.07275
7.03613
6.07041
9.89428
9.99422
10.42
6.82418
4.14923
2.63031
2.61818
0.798596
0.92212
1.67257
1.77374
2.02286
2.03637
7.36014
5.0547
8.88622
9.91449
10.468
8.73875
4.19042
2.73358
2.58885
0.836258
0.793831
1.63774
1.71865
1.98864
2.00723
7.88373
4.33976
7.75868
9.83581
10.4769
10.0258
4.298
3.00444
2.53084
1.10301
0.785336
1.63599
1.66995
1.98389
1.9657
8.1325
4.09964
6.11015
9.59607
10.4987
10.6947
4.43002
3.27194
2.56996
1.77019
0.77945
1.64779
1.62075
1.97792
1.97672
5.41812
4.20516
4.9855
9.18104
9.95437
10.8752
4.48367
3.65803
2.41215
2.41609
0.773677
1.66934
1.5421
1.73911
1.95833
2.87375
4.44742
4.73423
8.68463
9.30049
10.6745
4.59197
4.54144
2.28763
2.47602
0.772795
1.7117
1.46176
1.49448
1.96338
1.97635
5.32684
4.96718
8.15543
8.6358
10.468
5.35012
4.51917
2.25829
2.32534
0.802806
1.55152
1.393
1.38217
1.98043
2.05754
6.18478
5.60371
7.75001
7.74166
10.4616
6.40747
4.67021
2.44304
2.10581
0.83665
1.26499
1.40309
1.28752
1.96522
2.06515
8.04469
6.25322
7.46788
7.41393
10.4677
7.18262
4.8065
2.70084
1.81267
0.862639
0.941253
1.54322
1.22134
1.85137
2.06638
5.60873
6.90612
7.43156
7.30735
10.461
8.25339
4.75579
3.00691
1.59206
0.933187
0.860093
1.66858
1.17795
1.66266
2.02524
3.07686
7.56365
7.7979
7.34248
10.2642
9.37046
4.70042
3.88209
1.6945
1.09079
0.835604
1.74261
1.19264
1.47202
1.97288
2.07876
8.10095
8.08419
7.51551
9.61115
10.1548
4.74678
4.97502
1.76537
1.1492
0.785084
1.69785
1.22958
1.30121
1.88173
2.09165
8.49889
8.79141
7.64762
8.54614
10.8452
4.9853
5.12093
1.7355
1.30198
0.669993
1.64473
1.26189
1.22881
1.75308
2.07758
7.75027
9.141
7.75918
7.88811
10.6994
5.30849
5.1822
1.76349
1.39936
0.582215
1.59379
1.34963
1.23692
1.67449
2.06551
5.20106
9.26422
7.97043
7.75033
10.6582
5.91266
5.02815
1.68707
1.41605
0.545536
1.45864
1.50019
1.24246
1.55096
1.9851
2.73413
9.17829
8.71224
7.76044
10.6981
6.71264
4.74752
2.00867
1.38515
0.518247
1.18121
1.67732
1.27113
1.42616
1.96774
1.97426
8.44872
9.0884
7.84167
10.776
7.60049
4.5963
2.84282
1.31697
0.509487
0.867025
1.82504
1.29093
1.34736
1.862
1.9961
7.00894
9.51547
7.63485
10.1896
8.92385
4.68659
3.79491
1.32094
0.502995
0.646913
1.81966
1.3251
1.33148
1.76503
2.0294
5.51197
9.75194
7.11809
9.01668
10.123
4.82574
4.97145
1.31841
0.49184
0.489912
1.74444
1.38147
1.35766
1.66117
2.00541
3.61128
9.42851
6.40756
8.15993
10.8727
4.89933
5.20702
1.34353
0.565224
0.466884
1.67353
1.51665
1.36919
1.54548
2.0066
2.32436
7.6811
5.78547
7.16576
11.2677
5.13899
4.89381
1.40857
0.733696
0.438712
1.6177
1.67471
1.37999
1.44793
2.0025
1.98029
6.00079
5.5978
6.07653
11.4113
5.51588
4.8159
1.71462
0.866597
0.4312
1.55562
1.81834
1.35119
1.3747
1.90738
1.86478
4.17244
5.78659
5.6554
11.4009
6.39388
4.70392
2.42758
0.953203
0.460115
