0
0
0
0.0111928
3.37672
7.02873
7.15128
7.68203
5.17851
8.05458
14.076
9.00174
6.23245
3.01759
0.00291164
0
0
0
0.00554598
1.90291
6.90158
6.99014
8.42499
5.02098
7.75259
14.0011
11.0465
6.26484
3.12439
0.00845762
0
0
0
0.00263434
0.376786
6.6652
6.89703
8.04364
4.86226
7.43454
13.8617
12.8049
6.31839
3.35744
0.0940676
0
0
0
0.00263434
0.0263182
5.67677
6.78856
7.56143
5.24383
7.11321
13.5876
14.1233
6.58188
3.56184
0.379547
0
0
0
0
0.011697
4.37688
6.79934
7.07936
5.71662
6.76678
12.6531
13.8937
6.92899
4.00093
0.916373
0
0.0737616
0
0
0.00291164
2.65916
6.90772
6.98587
6.42536
6.47211
10.902
13.8148
7.1086
5.12875
1.70925
0
0.440326
0
0
0.00291164
1.01901
6.87404
7.06871
7.32351
6.23172
9.02909
13.7793
7.3056
7.09921
2.516
0
0.634309
0
0
0.00291164
0.0485904
6.18464
7.29924
7.85809
6.00808
7.48333
13.7948
8.27021
7.07333
3.09623
0
0.299458
0
0
0
0.0289904
5.30582
7.24778
7.92413
5.55462
6.20554
13.8108
9.38543
7.31599
3.51114
0
0.0681274
0
0
0
0.00855847
3.77555
7.06456
7.9689
5.31489
5.55318
13.8459
10.626
7.79805
3.7928
0.00263434
0
0.275912
0
0
0.00296206
2.11556
7.01409
8.05168
5.86093
5.67302
13.8356
11.9751
8.18919
3.7673
0.0115583
0
0.749589
0
0
0.00296206
0.572547
6.84775
8.18044
6.95083
6.16218
13.7
13.1945
8.49086
3.90922
0.0227511
0
1.23994
0
0
0
0.0366539
5.85128
7.39926
7.27418
6.85457
13.2079
13.8644
8.6923
4.71049
0.125403
0
1.44908
0
0
0
0.0145582
4.52106
7.11732
7.45962
7.45859
12.3089
13.8658
8.78483
6.1497
0.39224
0
1.01759
0.0895674
0
0
0
2.9887
7.03196
7.73286
7.69394
11.2277
13.7659
8.79082
8.01662
0.944847
0
0.631158
0.42578
0
0
0
1.41164
6.99749
7.88692
7.74669
10.1049
13.5779
8.63685
8.96144
1.51431
0
0.240821
0.867996
0
0
0
0.211667
6.56129
7.90686
7.85012
9.46511
13.3703
8.61312
8.48907
1.95352
0
0.0266585
1.37428
0
0
0
0.0289526
5.59552
7.9629
7.93465
9.16414
13.1035
8.77553
8.35394
2.47249
0.00291164
0
1.81889
0
0
0
0.0232175
4.06638
7.40731
7.97367
8.96681
12.4782
9.63969
8.17986
3.01928
0.00823075
0
1.79299
0.193
0
0
0.0117474
2.40268
6.84388
8.04703
8.28831
11.6202
10.7553
7.93191
3.11632
0.0252468
0
1.54727
0.647468
0
0
0.00582328
0.721872
6.19695
7.77743
8.09355
10.8368
11.8046
7.65217
3.39355
0.10521
0
1.17691
1.13066
0
0
0
0.0142809
5.22814
7.50099
7.56621
10.19
12.8089
7.39121
4.17519
0.636591
0
0.771143
1.63221
0
0
0
0.00582328
4.10424
7.38632
7.27764
9.7081
12.4143
7.07686
5.36465
1.54959
0
0.45283
2.11399
0
0
0
0
2.65964
7.69568
7.14715
9.00078
11.8356
6.77825
7.02979
2.32658
0
0.173198
2.09761
0.348654
0
0
0
1.29136
7.72785
7.26801
8.31858
11.2786
6.50011
8.53557
2.83826
0
0.0177724
2.0772
0.812171
0
0
0
0.182892
7.17402
7.52392
8.27734
10.9192
6.22395
7.9053
3.43474
0.00554598
0
1.98739
1.29617
0
0
0
0.0114701
6.04805
7.83219
8.07666
10.3549
6.75063
6.93793
3.53972
0.0110037
0
1.83553
1.74171
0
0
0
0
4.3407
7.79527
8.0334
9.61254
8.09352
6.21054
3.37996
0.0197891
0
1.62356
2.18296
0.0996887
0
0
0
2.55865
7.57555
8.04983
8.50614
9.556
6.13007
3.54424
0.160443
0
1.2653
2.13635
0.398
0
0
0
0.850085
7.44708
8.09045
8.1732
11.1505
6.10311
4.00874
0.667509
0
0.838867
2.12687
0.690487
0
0
0
0.0147599
6.69019
7.61816
8.17209
10.5446
5.90317
4.50857
1.41531
0
0.482979
1.99057
1.15522
0
0
0
0.0115205
5.39653
7.35522
8.16411
9.69409
5.6882
5.54084
2.2991
0
0.175959
1.89061
1.70902
0
0
0
0.0114701
3.63135
7.31234
8.26955
8.99012
5.5032
6.97561
3.75639
0
0.0207344
1.81948
2.12117
0.386277
0
0
0.00554598
1.88355
7.44741
8.15752
8.4433
5.34408
7.32564
4.58609
0.00263434
0
1.65611
2.29004
1.0809
0
0
0.00263434
0.368934
7.24136
8.1819
8.4479
5.22549
6.38454
5.12598
0.00573505
0
1.55059
2.24016
1.73938
0
0
0.00263434
0.0375993
6.0738
8.3113
8.51973
5.10688
5.57677
5.34374
0.0138271
0
1.43633
2.06845
2.41578
0
0
0
0.0316751
4.38857
8.25355
8.48666
5.69531
5.61149
5.86198
0.118381
0
1.1577
1.87275
2.62138
0.202844
0
0
0.0199277
2.67445
8.113
8.66319
7.12915
6.3044
6.15415
0.657463
0
0.879329
1.82637
2.53347
1.2759
0
0
0.00873492
1.0424
7.70423
8.90746
8.64992
7.13899
6.69358
1.355
0
0.622638
1.80643
2.48155
2.29526
0
0
0.00291164
0.0347254
6.74337
8.73644
10.3289
7.30312
7.43939
1.9293
0
0.272951
1.83303
2.50141
3.21572
0
0
0
0.0251964
5.7362
8.48403
10.672
7.29954
7.52236
2.8949
0
0.050355
1.9283
2.37985
3.4224
0
0
0
0.00818033
4.18564
8.34916
10.1848
7.32867
7.39804
4.55977
0.00263434
0
2.01569
2.25654
3.39529
0.179828
0
0
0
2.31618
8.16364
9.59431
7.88978
7.57077
5.93965
0.01447
0
2.07078
2.28121
3.22702
1.00942
0
0
0
0.623419
8.04518
9.34973
8.518
7.8176
6.77841
0.0334776
0
2.03931
2.28676
3.01859
2.30823
0
0
0
0.0316751
7.51152
8.92927
8.98942
7.98905
7.55766
0.156573
0
1.68361
2.27911
2.86836
3.51198
0
0
0
0.0114701
5.44913
8.27823
9.35031
7.90572
8.19373
0.868715
0
1.24038
2.3429
2.70065
3.84976
0.0869334
0
0
0
3.11011
8.22844
9.80818
7.67374
8.37253
2.65891
0
0.848485
2.35461
2.5479
3.57597
0.637674
0
0
0
1.26368
8.19113
9.40072
7.55259
8.48526
4.76293
0
0.38169
2.39095
2.52232
3.32818
1.35439
0
0
0
0.154594
8.04348
9.14989
7.55026
8.39553
6.34859
0
0.0829377
2.45227
2.50517
3.15268
1.89665
0
0
0
0.018995
8.03602
8.60914
7.68561
7.77213
7.63645
0.00845762
0
2.41205
2.46883
3.07553
2.63336
0
0
0
0.00554598
7.68807
8.15062
7.81763
7.72037
8.09009
0.0110542
0
2.25513
2.48418
2.96781
3.69786
0.282706
0
0
0.00554598
5.54365
7.95532
7.64326
7.96886
8.02075
0.0139154
0
1.96232
2.51853
2.87571
4.48385
1.07447
0
0
0.00291164
3.30726
7.96651
7.6026
7.6232
8.06267
0.209096
0
1.4718
2.47487
2.85982
4.20721
1.81648
0
0
0
1.12754
8.06833
7.81699
7.57643
8.36961
0.878887
0
0.962744
2.48296
2.73844
3.93321
2.45841
0
0
0
0.0485148
7.60834
8.09153
7.57849
8.1667
2.77975
0
0.536208
2.43072
2.61213
3.75944
3.17967
0
0
0
0.0227511
5.93265
8.41686
7.57595
8.01838
5.01589
0
0.196643
2.1897
2.6123
3.53968
3.52101
0.2925
0
0
0.0221965
4.06154
8.64186
7.60665
8.50264
7.02354
0
0.0266585
1.93148
2.59462
3.35474
3.56859
0.701566
0
0
0.0080921
2.1957
8.42848
7.67352
8.42965
7.75633
0.00291164
0
1.59597
2.57177
3.22052
3.92747
1.29519
0
0
0.0080921
0.428175
7.91553
7.83675
8.21756
7.78212
0.017243
0
1.28959
2.57422
3.05557
4.65594
1.94151
0
0
0.00526869
0.0115205
6.69393
7.98878
8.04919
7.69759
0.0338053
0
1.03727
2.41284
2.92153
4.50456
2.71595
0.204092
0
0
0.00869711
5.03086
8.13654
8.01628
7.72415
0.286689
0
0.770538
2.1554
2.87888
4.15284
3.23396
0.665908
0
0
0.00554598
3.06765
8.67159
7.85507
7.89194
1.39669
0
0.517654
1.90594
2.77631
3.81678
3.54417
1.17468
0
0
0.00554598
1.15898
7.98537
7.69744
8.1936
3.27098
0
0.325335
1.48587
2.68481
3.561
3.722
1.79832
0
0
0.00263434
0.0197386
7.05202
7.57688
8.67277
4.79652
0
0.129171
1.07134
2.58396
3.31115
3.92296
2.4919
0
0
0
0.0172934
5.51307
7.48854
7.94681
6.00248
0
0.0148103
0.799189
2.34663
3.10274
4.35348
3.18915
0.423574
0
0
0.00564682
3.52262
7.61229
7.61179
7.35406
0
0
0.55538
2.03082
3.00272
4.81958
3.59745
1.19202
0
0
0.00564682
1.87067
7.97732
7.9629
8.00227
0.00573505
0
0.346687
1.72156
2.85608
4.44646
3.7844
1.91111
0
0
0.00526869
0.542801
7.79605
7.90996
8.09537
0.0224234
0
0.237154
1.29118
2.69162
4.14635
4.02314
2.43941
0
0
0
0.0344985
7.91482
7.62783
8.54516
0.21918
0
0.14867
0.901221
2.54131
3.84034
4.33421
2.98205
0
0
0
0.0143313
6.41552
7.55781
8.78305
1.32941
0
0.0944203
0.61602
2.30926
3.5862
4.33142
2.89484
0.0790302
0
0
0.00873492
4.16264
7.50238
8.67804
3.29291
0
0.0654804
0.406445
1.96315
3.4165
4.37855
2.67698
0.61307
0
0
0.00526869
1.85073
7.5627
8.83093
5.31244
0
0.0204319
0.257762
1.59032
3.16517
4.84476
2.46344
1.39335
0
0
0.00526869
0.253968
7.64506
8.99167
6.95327
0
0
0.228873
1.1848
2.91406
4.65462
2.28533
2.13152
0
0
0
0.0194614
7.33099
8.55141
8.2884
0.0105374
0
0.235591
0.809272
2.71912
4.35604
2.35742
2.38477
0
0
0
0.0169279
5.46075
7.9959
8.23249
0.0226629
0
0.241288
0.518511
2.44197
4.02138
2.35383
2.11355
0.115495
0
0
0.00818033
3.2476
8.08023
8.19358
0.0423133
0
0.303819
0.337296
2.1305
3.74505
2.79021
2.11088
0.461615
0
0
0.00526869
0.951602
8.16851
8.13257
0.306453
0
0.497461
0.37119
1.87206
3.44202
3.68408
2.21181
0.951212
0
0
0.00526869
0.017432
7.17312
8.27538
1.44551
0
0.583992
0.441019
1.55619
3.15813
4.32664
2.38754
1.32139
0
0
0
0.0111424
5.47247
8.48209
3.09432
0
0.337133
0.540078
1.19341
2.90478
4.80538
2.67953
1.85909
0
0
0
0.00823075
3.53889
8.07817
4.19535
0
0.135045
0.666576
0.955383
2.64257
4.57197
3.06027
2.53745
0.525443
0
0
0.00526869
1.67584
7.95618
5.62044
0
0.0177724
0.790491
0.907461
2.3576
4.15018
3.32737
2.95633
1.08913
0
0
0.00526869
0.171749
7.44423
7.15352
0.00873491
0
0.909907
0.902268
2.1605
3.71481
3.59617
3.24768
1.43483
0
0
0
0
6.26895
8.02697
0.0167892
0
1.0218
0.939048
1.90552
3.37261
3.96051
3.70886
1.65709
0
0
0
0
4.70708
8.27865
0.0192723
0
0.843695
0.996537
1.54589
3.12476
4.37583
3.79045
1.83146
0.323885
0
0
0
2.97707
8.25779
0.272736
0
0.621692
1.00552
1.29216
2.80663
4.55108
3.78334
1.83559
1.05538
0
0
0
1.02036
8.21488
1.44565
0
0.412079
0.986176
1.07398
2.53545
4.59616
3.72329
1.91028
1.8867
0
0
0
0.0146086
7.81404
3.1227
0
0.264985
1.00626
0.985874
2.37672
4.72417
3.63537
2.19575
1.83235
0
0
0
0.00296206
6.0092
4.68855
0
0.132032
1.1008
0.987234
2.10209
4.61871
3.53013
2.94876
1.72419
0
0
0
0
3.85471
6.421
0
0.0296206
1.21235
0.966891
1.85074
4.07926
3.42878
3.64003
1.60735
0.451165
0
0
0
1.85959
7.79543
0.011092
0
1.11336
0.975198
1.69727
3.57925
3.35989
3.62455
1.46244
1.23718
0
0
0
0.287685
8.07129
0.0255745
0
1.13265
0.96911
1.47397
3.14077
3.43692
3.56174
1.41794
2.07246
0
0
0
0.00582328
8.06473
0.033528
0
1.12517
0.999877
1.23697
2.7169
3.66911
3.59996
1.47287
1.88631
0
0
0
0
5.98933
0.289841
0
1.06406
1.0541
1.0912
2.41464
3.7915
3.6699
1.51059
1.47582
0.0500525
0
0
0
3.76483
1.23324
0
0.824537
1.0807
0.989315
2.11224
4.11686
3.58983
1.86644
1.54232
0.334498
0
0
0
1.43125
2.51411
0
0.584534
1.14896
1.05745
1.67224
4.39619
3.53287
2.53642
1.83519
0.827661
0
0
0
0.0143817
3.97003
0
0.27009
1.13947
1.18607
1.56482
3.57531
3.65563
3.37382
2.12328
1.3093
0
0
0
0.0114701
5.8903
0
0.0533171
1.19763
1.21718
1.59844
2.87581
3.71989
4.05659
2.49349
1.81357
0
0
0
0.00582328
4.48475
0.00790302
0
1.12072
1.21292
1.61917
2.33343
3.74026
3.78691
2.61781
2.62475
0.381841
0
0
0
2.56566
0.0113819
0
1.079
1.20518
1.57789
1.80417
3.93409
3.76683
2.5876
2.6544
0.922159
0
0
0
0.693802
0.0229906
0
1.06869
1.10442
1.61672
1.58881
4.00406
3.81076
2.8749
2.7174
1.49695
0
0
0
0.0314482
0.251573
0
1.09693
1.03927
1.80359
1.65943
3.9654
3.89841
3.854
3.06588
1.89786
0
0
0
0.0254737
0.949383
0
1.23965
0.911053
2.0071
1.82652
3.7302
3.88202
4.64051
3.5734
2.23748
0.115911
0
0
0.0117474
2.39412
0
0.864832
0.79876
2.37312
2.05581
2.68575
3.86643
4.41949
3.92206
2.34702
0.770904
0
0
0.00582328
1.60158
0
0.39921
0.797146
2.86067
2.17669
2.35587
3.89343
4.31411
4.0153
2.45242
1.62796
0
0
0
0.226805
0
0.0858994
0.84091
2.58784
2.29409
2.29014
3.99921
4.26969
4.81831
2.61349
2.34687
0
0
0
0.0198395
0.00263434
0
0.946964
2.29475
2.50004
2.42698
4.13767
4.19942
5.19783
3.18576
2.25218
0
0
0
0.00823075
0.0142431
0
1.09168
1.87154
2.81549
2.58589
4.29607
4.34995
4.72256
3.94314
2.0389
0.288114
0
0
0
0.0315869
0
1.30206
1.43448
2.96329
2.6689
4.0297
4.40641
4.84927
4.38232
1.82506
1.08292
0
0
0
0.0557623
0
1.4945
1.33139
2.91576
2.79351
3.60577
4.38748
4.99793
4.7145
1.67974
1.9494
0
0
0
0.0140036
0
1.36494
1.33806
2.81295
3.0091
3.21889
4.28735
5.0267
5.36827
1.58875
1.91503
0
0
0
0.00873492
0
0.87949
1.36807
2.61482
3.01639
3.15182
4.16018
5.06838
5.71714
1.4773
1.50218
0
0
0
0
0
0.396197
1.46946
2.40969
2.97756
3.14206
4.17804
5.1248
5.47763
1.87261
1.46599
0.212146
0
0
0
0
0.0858994
1.56976
2.06245
2.96672
2.96413
4.11645
5.04846
5.34221
2.45211
1.55323
0.65919
0
0
0
0
0
1.63256
1.84067
2.87795
2.87853
3.95926
4.59225
5.12363
3.2603
1.69068
1.29426
0
0
0
0
0
1.68561
1.7325
2.70172
2.81519
3.70518
4.44016
4.93967
4.20786
1.8827
2.07586
0
0
0
0.00573505
0
1.80233
1.66713
2.52687
2.79236
3.36154
4.42889
4.76229
4.76433
2.00081
2.2188
0.322222
0
0
0.00554598
0
2.80216
1.64073
2.29572
2.74793
3.20854
4.35222
4.70159
5.10808
2.36852
2.27553
0.93446
0
0
0.00263434
0
5.52929
1.67633
2.0916
2.69634
2.99304
4.20027
4.78016
5.38787
3.11862
2.70827
1.52039
0
0
0.00263434
0
8.06063
1.96924
2.06247
2.63497
2.76438
3.95586
4.6587
5.25443
3.95634
3.17108
2.40712
0
0
0
0
8.47968
3.2973
2.07527
2.56548
2.67502
3.58726
4.61665
5.09375
4.98779
3.65698
3.59167
0
0
0
0
5.27923
5.65967
2.23289
2.48832
2.54336
3.13773
4.35448
5.24822
5.2328
4.25693
4.31238
0.45477
0
0
0
2.01467
8.32111
2.43765
2.41231
2.38968
2.82268
3.80791
5.24848
5.15811
4.78815
4.64637
1.27929
0
0
0
0.260661
11.1617
3.58049
2.37682
2.30283
2.63775
3.53844
4.91719
5.16618
5.15448
4.74964
2.10278
0
0
0
0
9.75916
5.89883
2.37755
2.27944
2.53479
3.34769
4.5247
5.38201
5.40425
4.8108
2.98636
0
0
0
0
8.36159
8.46143
2.32442
2.2305
2.45804
2.96341
3.89325
5.38612
5.39551
4.74543
4.18244
0.100105
0
0
0
7.45375
10.9295
3.62838
2.21857
2.42722
2.72634
2.88163
5.27002
5.31534
4.64529
4.7264
0.662544
0
0
0
6.02426
12.6195
6.05872
2.40917
2.40498
2.19532
2.15274
4.96594
5.21292
4.81636
4.61101
1.43883
0
0
0
4.51687
10.7722
8.50736
2.57102
2.33419
2.24233
1.7306
4.74047
5.12394
5.01946
4.59993
2.20735
0
0
0
2.99715
8.7401
11.0474
4.42248
2.28668
2.3334
1.65851
4.38512
5.16362
4.92583
4.53985
2.99211
0
0
0
1.70021
7.50907
13.7542
6.76273
2.31061
2.24305
1.83611
4.02711
5.16992
4.79504
4.20396
3.73241
0.0691861
0
0
0.580563
7.01032
14.6197
9.23168
3.46019
2.14091
2.04333
3.35725
4.49256
4.71532
3.93896
3.934
0.288466
0
0
0
6.23389
12.0755
11.8452
5.7657
2.41249
2.29038
3.08619
3.86155
4.57281
4.2888
3.76645
0.749338
0
0
0
5.47564
10.0753
14.0844
8.21916
3.45373
2.64248
3.24378
3.68529
4.30667
4.45529
3.63975
1.18514
0
0
0
5.08631
8.0864
14.7828
10.8477
5.27572
2.91062
3.24353
3.81796
4.10821
4.02912
3.59628
1.81381
0
0
0
5.09051
5.92868
14.8788
13.2115
6.96813
3.48093
3.54355
3.9375
4.00182
3.73005
3.74334
2.55914
0.112382
0
0
5.20826
5.13873
14.9205
14.5311
8.4055
4.77717
4.24225
4.14009
4.24418
3.59218
4.06141
3.18037
0.410667
0
0
4.30576
5.47717
14.4829
14.6145
9.6296
5.87316
4.38357
4.21593
4.27829
3.57746
4.10917
3.61851
0.670672
0
0
2.32648
5.51195
13.0803
14.2311
9.67806
6.97382
4.27962
4.30198
4.39146
3.4403
3.66916
4.16767
0.813216
0
0
0.639805
5.78261
10.9755
13.7492
8.81591
8.02365
4.21777
4.16382
4.35767
3.30237
3.27002
4.47805
1.20998
0
0
0
6.42157
9.10209
13.4199
8.42829
8.10287
4.93641
4.06181
4.40338
3.2086
3.18643
4.87292
1.92016
0.618516
0
0
6.90642
7.72422
12.9262
8.38076
8.31511
6.35527
3.99609
4.40589
3.6345
3.22012
5.53779
2.4344
1.53151
0
0
7.17619
6.99595
12.3845
8.13448
8.47754
7.45807
3.96412
4.35491
3.89517
3.36546
5.46233
3.11055
1.86093
0
0
6.8565
6.6749
12.0626
7.85476
8.53156
8.30407
3.99723
4.2215
4.25011
3.57051
5.14515
4.02924
2.10992
0
0
3.77607
6.81383
10.2719
7.7113
8.41307
9.60959
4.1478
4.05231
4.41093
3.73262
4.89154
4.57087
2.31155
0
0
0.860446
6.76557
8.69515
7.69959
8.21775
9.94849
4.29243
3.9144
4.21548
3.93826
4.65338
4.71096
2.70189
0.540872
0
0.0320281
5.79312
6.91443
7.54352
7.93124
10.0031
4.75741
3.92653
3.89163
4.09359
4.46866
5.23997
2.9535
1.75529
0
0
4.37582
5.71854
6.92537
7.57502
9.69647
5.51099
4.21603
3.95755
4.13883
4.22445
5.54742
3.11845
3.084
0
0
2.52321
5.38438
6.49073
7.37617
9.3793
6.34096
4.76125
3.97845
4.12528
4.17013
5.30482
4.16402
3.46413
0
0
0.975349
4.54654
6.42899
7.19291
8.85242
7.81794
5.37296
4.05138
4.12539
4.02754
5.26079
5.37138
3.82395
0
0
0.837506
3.09262
6.41589
6.97586
8.47201
9.3528
5.62452
4.16241
4.11526
3.9197
5.04784
5.22139
4.1566
0.00855847
0
0.673572
2.13029
6.1997
6.6995
8.1791
9.76174
6.37285
4.25406
4.20295
3.82171
4.62979
5.0672
4.39258
0.378148
0
0.760429
1.29108
6.3109
6.33618
7.85296
9.82047
7.57236
4.31244
4.14927
3.7086
4.18417
5.04059
4.4806
1.39229
0
0.662556
0.94424
5.43055
5.96596
7.4073
9.58372
8.68111
5.35521
4.0422
3.67905
4.05574
5.06885
4.44252
2.81701
0
0.343485
1.0265
4.21086
5.58763
6.85834
9.3817
9.17927
7.06624
3.99728
3.61341
3.88935
4.54681
4.37978
4.40752
0
0.0770137
1.30101
3.21129
5.4031
6.15114
9.26097
9.24148
8.87053
4.0992
3.42423
3.50156
4.18955
4.78382
4.40464
0
0
1.53402
2.42826
5.18867
5.65526
9.11987
9.14304
10.4503
4.17603
3.21222
3.22329
3.93191
5.50834
4.45042
0
0
1.68509
1.70351
4.98906
5.30581
8.63938
9.07837
10.2651
4.47394
3.23107
3.01197
3.79026
5.45858
4.59831
0
0
2.1084
1.89303
4.89716
4.9258
8.21536
9.05351
9.94417
5.86909
3.15757
2.78344
3.69963
4.93004
4.81341
0.00790302
0
1.86651
2.15862
5.30417
4.848
7.59307
9.13904
9.67462
7.83425
3.22652
2.47758
3.62028
4.31026
5.12594
0.618302
0
1.23102
2.40233
5.12643
4.92473
6.81213
9.28056
9.46544
9.47633
3.76959
2.20457
3.62052
4.0249
5.66221
1.72508
0
0.674227
2.37751
3.31846
5.05829
6.29372
9.51969
9.3978
10.8812
4.22759
1.89841
3.72086
3.88216
6.19361
3.18145
0
0.240822
2.33527
3.22959
5.17265
5.87206
9.70625
9.52462
11.1082
4.75578
1.60484
3.52306
3.83248
5.85062
4.71069
0
0.0444309
2.14735
3.37515
5.30574
5.74256
10.0558
9.57781
10.5173
6.17977
1.40188
2.45489
3.59334
5.0303
5.54547
0.00263434
0
1.732
3.93361
5.40395
5.78896
10.154
9.64247
10.1812
7.70247
1.38557
1.52385
3.42904
4.44911
5.64171
0.0110037
0
1.35813
3.9766
5.53
5.45158
9.78841
9.73247
9.95177
8.88235
2.05579
1.08531
3.31288
4.06398
5.49693
0.0229402
0
0.878886
3.99463
6.5674
5.39887
9.0723
9.88763
9.77448
10.518
2.83066
1.10794
3.34619
3.68319
5.54666
0.057716
0
0.351161
3.8174
8.23863
5.29109
8.06392
10.0752
9.80205
11.021
4.05608
1.05418
3.52388
3.59111
5.42078
0.318566
0
0.0558505
3.21849
7.74006
4.94625
6.97887
10.4414
9.8055
10.4657
5.38844
1.00667
3.41936
3.76992
5.05815
0.974643
0
0.020684
2.48332
5.47547
4.58402
6.08341
10.7583
9.8935
10.2505
6.41016
1.08202
2.73731
4.05152
4.92442
1.97187
0
0.0148103
1.74627
4.36797
4.22168
5.29824
10.7952
10.0486
10.0955
7.42019
1.14431
2.23029
4.27672
5.00044
3.02698
0
0.00888618
1.02483
4.12702
4.00615
4.57162
10.7809
10.2737
10.0638
8.68439
1.19806
1.60893
4.40949
5.00705
3.97755
0
0
0.305332
3.99316
3.74845
4.03688
10.8968
10.4849
10.1711
9.09812
1.32253
1.30077
4.42285
4.93494
4.41289
0.013449
0
0.324263
4.16807
3.42621
3.54716
11.0221
10.8492
10.1382
8.81114
2.05054
1.2812
4.43408
4.85896
4.42887
0.0255746
0
0.61423
4.40974
2.9463
2.96947
11.0811
10.924
10.09
8.77107
3.40983
1.2935
4.26903
4.69735
4.10336
0.0476325
0
1.10247
4.47141
2.96779
2.78486
9.69416
10.9676
10.3375
8.76497
4.78563
1.42563
3.76831
4.35791
3.8531
0.388723
0
1.75703
3.82937
4.13641
2.84666
7.81463
10.9821
10.7858
8.60194
6.08314
1.51539
3.05284
4.20656
3.73456
1.15966
0
2.23993
2.90027
4.90915
2.79005
6.15658
10.9235
10.8038
8.92555
6.77916
1.66668
2.52003
4.09214
3.76156
2.24641
0
1.50954
3.12882
5.01252
2.72202
4.80871
10.9661
10.7045
9.71655
6.68162
1.92299
2.12614
4.04595
3.68619
3.36478
0
0.414689
3.89946
5.07403
2.64716
3.44339
11.2957
10.6049
10.0852
6.19687
2.65089
2.39583
3.96705
3.78822
4.10761
0
0
4.32525
4.90422
2.66611
2.70217
11.5403
10.5192
10.391
5.90244
4.27257
2.86754
4.0481
4.10701
4.14241
0.00291164
0
4.36446
4.97642
3.0534
2.77375
11.5675
10.2479
10.7355
6.53478
5.56968
3.10762
4.09974
4.56142
3.86058
0.0141927
0
4.29472
5.04278
3.51053
2.90336
10.6233
9.69211
10.9226
7.7297
5.97534
3.06571
3.80399
4.64197
3.83346
0.0274148
0
4.134
4.50864
4.41774
3.14717
8.91532
8.91777
10.1516
9.01634
6.26076
3.03173
3.32069
4.63104
3.89929
0.353078
0
3.94215
3.8744
5.12485
3.60195
7.0496
8.05355
8.98995
10.4699
6.43624
3.33762
3.16804
4.48006
4.05506
1.22146
0
2.01536
3.72053
5.86872
4.24847
5.8275
7.53666
7.62092
11.2922
6.86217
4.65997
3.35019
4.39045
4.40902
2.3841
0
0.538528
3.76706
5.17998
4.80313
5.43548
7.28269
7.18806
11.3893
7.42124
6.23401
3.39833
4.52149
4.41867
3.48101
0
0.0118483
3.86757
5.08616
5.50766
5.5046
7.69695
6.9714
11.4561
8.3198
7.63142
3.43492
4.55364
4.56151
4.69597
0
0
3.81778
5.09749
5.9639
5.87241
8.51725
7.15691
11.4949
9.40935
7.9125
3.6068
4.11774
4.69955
5.09222
0.0108147
0
3.28916
5.03657
6.39948
6.01686
8.9565
7.335
11.562
10.7963
8.2522
3.88941
3.90812
4.81607
4.93691
0.0256628
0
2.89442
5.12345
7.17342
5.94426
8.85882
7.37898
11.5899
11.9959
8.60826
4.64687
4.06693
4.61982
4.74291
0.0445822
0
2.89515
4.73918
6.07784
5.80419
8.35894
7.27284
11.73
12.5888
8.94209
6.08117
4.208
4.29079
4.46591
0.449502
0
3.01516
4.00516
5.75704
5.69197
7.27607
7.01753
11.5238
12.5463
9.49857
7.64168
4.031
4.04994
4.1601
1.39092
0
2.00506
3.78079
5.64252
5.73278
6.1472
6.74095
11.1303
12.5554
10.1568
9.38802
3.67341
3.35369
3.93985
2.37358
0
0.731856
3.47511
5.66719
5.78003
5.6503
6.4119
10.2416
12.2986
11.2287
10.0464
3.51879
2.76243
3.94265
3.22393
0
0.154027
3.30872
5.53872
6.2794
5.7247
6.16852
8.58341
12.3129
12.2015
10.3765
3.87929
2.50645
4.09971
3.48763
0
0
3.13267
5.53556
6.62016
5.86825
6.08977
7.19009
12.4522
12.544
10.7055
5.0191
2.45464
3.81555
3.39388
0.00291164
0
2.80763
5.48977
6.87798
5.91999
6.3625
6.13249
12.5493
12.5387
10.9314
6.87973
2.39537
3.19094
3.47112
0.0055964
0
2.34209
4.60928
6.14417
5.99199
6.91436
5.38803
12.4692
12.3465
11.1335
8.84737
2.36526
2.77278
3.63123
0.0252594
0
1.93906
3.5722
5.86939
5.69886
6.0347
5.17322
12.3849
12.0291
11.4609
10.6294
2.31288
2.50564
3.8394
0.409457
0
1.28068
2.63004
6.14011
5.74401
5.56116
5.17081
12.2391
11.9403
11.4777
11.3422
2.49289
2.35958
4.02269
1.22012
0
0.638732
2.19138
5.64838
5.92409
5.55625
5.27527
11.8731
11.8745
11.0963
11.5094
3.25423
2.24402
3.95754
2.18862
0
0.232238
1.99686
5.3851
6.4519
5.6277
5.54095
11.2392
11.7049
10.77
11.6796
4.63301
2.14645
3.34453
2.76463
0
0.0414689
1.82459
5.21399
7.02555
5.76845
5.73335
9.78348
11.7069
10.3871
11.0914
6.55428
2.06088
2.92166
3.47307
0.00263434
0
1.76827
4.59834
6.94518
5.94669
5.95582
8.15516
10.7614
9.98928
10.4718
8.84951
2.18817
2.77226
4.27051
0.00850804
0
1.51734
4.05716
7.24999
5.9993
6.15598
7.20146
9.90388
9.51063
9.76118
10.739
2.35639
2.53004
4.46941
0.0165497
0
1.02902
4.31626
6.78035
6.14895
6.37504
6.66157
9.07148
9.19732
8.97581
12.0641
2.89404
2.35214
4.43125
0.0316373
0
0.658018
4.21449
6.29255
6.30869
6.30724
6.70116
8.38464
8.94689
8.50536
12.3692
3.82106
2.30604
4.53099
0.352447
0
0.331965
3.77217
6.04885
6.23707
6.48846
6.92834
7.89342
9.36072
8.1561
11.8366
4.64507
2.32457
3.85248
0.922259
0
0.0794209
3.32992
5.53936
6.32747
6.81659
7.25091
7.54584
10.2506
8.14397
11.2829
6.08056
2.39661
3.12326
1.8549
0
0.0176715
2.62315
5.36373
6.47205
6.54358
7.60994
7.25082
10.1871
8.18239
10.7646
8.18528
2.64746
2.71295
2.80438
0
0.00296206
1.54388
5.10176
6.75894
6.54125
7.2999
6.7303
8.4813
7.82978
9.38882
9.81346
2.8286
2.68473
3.52438
0.00263434
0
0.619524
4.24566
6.6353
6.66883
7.17652
6.0928
7.30304
7.50651
7.9074
11.0009
3.35236
2.85735
3.70213
0.00864669
0
0.166442
3.54033
5.95992
6.57747
7.39485
5.63189
6.03628
7.33781
7.36215
12.0152
4.32978
3.0254
3.2828
0.0171043
0
0.0317634
3.07695
5.47863
6.50733
7.35424
5.61471
5.38062
7.42388
7.22903
12.19
4.85619
3.22
2.97149
0.0392631
0
0.00582328
2.29386
5.80208
6.38943
7.01998
6.49412
5.47204
7.72176
7.2274
12.052
5.39978
3.38
2.90346
0.303542
0
0
1.73211
5.99231
6.2943
6.72194
7.45868
5.92564
9.34575
7.41171
11.8372
6.68076
3.65211
2.94548
0.834431
0
0
1.257
4.93339
6.21842
6.37854
8.03482
6.43581
10.99
7.79379
11.9227
7.93897
3.90858
3.2187
1.52243
0
0
0.575333
4.17435
6.46718
6.29917
7.62196
7.0906
11.768
8.39697
11.5201
9.08911
4.1643
3.63019
2.11633
0
0
0.0733835
3.40995
6.51261
6.33975
7.0478
7.56173
11.7408
8.8236
10.7612
10.6309
4.75368
3.75459
2.62953
0.00263434
0
0.00592412
2.44894
6.41872
6.3805
6.94048
7.78367
10.802
8.86994
10.0668
11.9261
5.34434
4.00306
2.8173
0.0162724
0
0
1.443
6.50327
6.48933
6.96788
7.97344
9.70054
8.9813
9.41236
12.4068
5.61465
3.87643
2.93476
0.025814
0
0
1.09552
6.52335
6.26341
7.02256
8.08629
8.96627
9.34963
9.02267
12.5719
6.05106
3.75036
2.9133
0.0257636
0
0
0.670207
6.10878
6.19747
6.95948
7.6929
8.41882
9.9516
9.29422
11.5875
6.77167
3.51271
2.83441
0.206197
0
0
0.356695
5.75824
6.09495
7.01587
7.36882
8.25704
10.9833
9.75478
10.3403
7.80722
3.66417
2.93153
0.500235
0
0
0.0175203
5.64001
6.10111
6.34912
7.29764
8.3972
12.2325
9.31211
9.41226
9.15788
4.23375
3.24811
0.959329
0
0
0.0058737
5.21545
6.24773
6.30696
7.17079
8.39586
12.6924
8.90819
8.65139
10.7744
4.7074
3.10167
1.42428
0
0
0.00296206
4.27646
6.42108
6.37841
7.08872
7.72868
12.0372
8.97384
7.94748
12.3264
4.89345
2.95132
2.01958
0
0
0
3.47013
6.59615
6.34718
7.03716
7.09085
11.3352
9.20449
7.42128
13.1092
5.18372
2.87553
2.67215
0.00526869
0
0
2.30652
6.24099
6.24588
7.03465
7.01163
10.5448
9.81898
7.16239
13.3028
5.90477
2.8187
2.76686
0.0141044
0
0
0.880651
6.14661
6.22965
6.99299
7.04071
10.317
10.6072
7.04137
12.7702
6.56979
2.75761
2.66128
0.0197008
0
0
0.0174698
6.09245
6.16057
6.69745
7.01383
10.1194
11.5253
6.86895
11.226
7.66674
3.59677
2.40532
0.328474
0
0
0.00845762
5.13997
6.13083
6.38777
7.1528
9.14299
12.831
6.64358
9.34494
9.69973
5.05334
2.09522
0.926683
0
0
0
3.41839
6.20119
6.15422
7.22875
8.02409
12.4546
6.52403
7.84313
11.8956
5.4426
1.79226
1.63305
0
0
0
1.68169
6.52791
6.27361
7.10686
7.40037
11.6394
6.62384
6.89924
13.2254
5.81482
1.61661
1.77076
0
0
0
0.427002
6.31919
6.55359
6.88753
6.94188
11.3629
7.52368
6.96352
13.9185
6.26279
1.59306
1.5037
0
0
0
0.0143817
6.23032
6.29761
6.90903
6.74335
10.8394
9.27341
7.57054
14.1923
6.47676
1.90579
1.34582
0.00291164
0
0
0.0143817
4.94143
6.17622
6.90244
6.65935
9.50482
11.0284
8.35766
14.0967
6.80564
2.68789
1.2391
0.0055964
0
