4.58418
15.9962
14.0546
8.69216
3.43281
20.3546
15.0956
3.94799
8.83169
13.2714
18.2053
3.62238
42.9432
11.1203
4.66755
3.54394
12.5658
21.8638
3.85262
17.5047
13.3215
19.7752
2.77039
13.469
16.0281
2.86555
4.92762
15.3405
18.5322
3.71693
38.3682
18.1171
17.5635
6.07678
20.1764
17.006
5.14024
25.5861
21.6752
18.5023
8.95371
19.2738
20.0447
9.2141
11.0626
17.1376
17.1195
11.3893
36.8072
9.43234
21.0664
14.3243
5.12563
4.69777
15.7061
24.3421
3.3425
12.2653
14.1102
15.1028
4.00208
35.9755
13.4474
3.63482
5.8167
12.1374
21.6582
3.47676
33.5686
11.9595
9.60521
2.8127
13.4658
22.3016
2.89691
9.87079
13.5143
20.6034
2.45047
21.0854
16.1052
9.67578
2.77675
17.8361
17.7658
5.35538
38.6363
20.394
16.7727
5.20951
21.7001
18.2171
8.43847
16.2386
19.1361
19.9375
9.74418
23.7019
16.7216
17.0916
11.4786
9.53568
10.8232
13.8417
45.694
4.7726
17.6517
14.538
7.08596
3.46955
18.8631
13.9027
4.21584
9.24141
12.4463
18.7775
3.62411
45.671
13.6121
3.47477
3.92595
12.3089
22.7344
2.47099
22.4059
13.3302
18.2118
2.45045
14.0169
19.6686
2.24482
6.33582
15.8506
18.315
3.05627
31.6907
18.0685
17.3637
5.48708
21.1654
16.9216
5.3645
27.8923
21.77
18.633
8.68779
19.7179
20.4031
9.80193
10.9943
16.2555
17.7182
11.7385
32.2269
9.10521
22.626
12.6708
4.58465
5.35293
13.6103
31.0754
3.63675
13.6256
15.0081
13.6471
4.0454
30.0436
12.1773
3.58389
6.38693
11.8259
21.2131
3.47171
38.9177
12.867
7.69872
3.05265
13.3353
23.698
2.30604
13.1863
14.0495
20.0415
2.50038
18.2743
15.3899
5.24552
3.95054
18.2623
17.1264
6.49628
43.9924
20.61
17.2885
6.12895
21.7079
