0.678131
1.54104
1.65042
1.61888
1.10636
1.09169
2.35895
1.2251
7.55129
8.87844
11.3045
6.27061
4.44791
4.05411
1.41051
0.577191
1.52622
1.62561
1.82888
1.10699
1.04361
1.79455
1.25654
5.43369
9.26342
11.1978
7.77158
4.39945
4.86215
1.50027
0.68394
1.50896
1.6361
1.70812
1.50711
1.00667
1.58909
1.08103
3.26688
9.58826
11.21
9.58847
4.45947
5.51336
1.55306
0.700151
2.19091
1.85282
1.71439
2.48438
0.950394
1.43999
0.960459
1.53608
9.60554
11.0686
11.1189
4.4609
5.49266
1.5781
0.717524
3.4475
2.6387
2.0778
3.42185
1.00939
1.26563
1.09597
0.926631
9.64938
10.9224
11.8611
4.47883
5.22241
1.65441
0.723535
2.53462
3.57006
2.9955
4.74096
1.09271
1.14601
1.27795
0.869353
8.10004
10.8718
11.7796
4.53305
4.75812
2.19888
0.694382
1.07023
3.61495
4.32274
5.49531
1.76543
1.22282
1.64208
0.762819
6.02268
10.2939
11.3371
4.62243
4.64005
2.98788
0.650167
0.777626
3.63134
5.0436
6.61927
3.61523
1.34119
2.26012
0.720793
4.04897
9.53166
11.03
5.30714
4.6618
3.75166
0.598225
0.609275
3.29916
5.91516
7.73802
6.32515
1.40057
2.3727
0.667904
1.91462
9.19624
10.9576
6.77886
4.51124
4.68203
0.647452
0.559629
2.19283
5.03827
8.12397
8.82682
1.53237
1.67678
0.601224
0.579204
8.80438
10.7939
8.32057
4.37562
5.01623
0.835148
0.561169
1.72613
4.12038
8.30743
10.902
2.58711
1.8044
0.659732
0.606965
7.08802
10.4279
10.0843
4.3419
4.66721
0.958067
0.556211
1.75752
3.52021
8.23884
11.5594
4.53895
2.22344
0.833243
0.620906
5.55062
9.52378
11.5062
4.34579
4.5229
0.951934
0.538474
1.67924
2.88502
7.79415
11.6014
6.3412
2.76318
1.07354
0.627985
4.25717
8.581
11.1874
4.37357
4.37365
0.931792
0.517157
1.4369
2.35942
7.31988
11.1167
8.55319
3.22024
1.32604
0.603453
2.26837
7.94493
11.0304
4.89289
4.21325
0.998135
0.505457
1.10807
1.84198
6.92045
10.2091
10.9383
3.8237
1.703
0.593861
0.731249
7.07717
10.6083
5.65095
3.93321
1.26535
0.50258
0.830785
1.70467
6.09921
8.849
12.2401
4.63763
2.16834
0.606789
0.664352
5.53355
9.44805
7.1462
3.74366
1.90897
0.487112
0.565384
1.77047
4.96467
7.35522
12.2207
5.88784
2.66096
0.606924
0.605303
4.30028
8.66617
8.8238
3.70213
2.85848
0.499459
0.481033
1.7407
4.10413
6.39468
12.2192
6.9986
3.49823
0.651896
0.566708
3.38156
8.11632
10.2454
3.71137
3.70296
0.682333
0.486923
1.68287
3.21909
5.91844
12.1542
8.40965
4.55071
0.789608
0.522344
1.92751
7.84887
11.1963
3.81604
4.53527
0.808427
0.508132
1.53599
1.881
5.59127
12.2401
9.82465
5.53962
0.990219
0.480965
0.70142
7.05286
10.7633
3.88551
4.59918
0.927942
0.5236
1.6961
1.60018
4.76486
12.0686
10.5484
6.7111
1.24347
0.497055
0.652856
6.09487
9.75836
4.77536
3.91374
1.02649
0.529193
1.3984
1.56148
4.06934
10.6759
11.0345
8.24704
1.66024
0.513806
0.660664
4.81018
8.87914
6.31307
4.03038
1.03096
0.535299
1.05089
1.66412
3.12717
9.25594
11.7534
9.56578
2.76372
0.561277
0.660515
3.37322
8.2042
7.75413
4.41593
1.15344
0.535056
0.803009
1.64619
2.1804
8.23466
12.2172
10.9386
4.06789
0.600062
0.647871
1.75001
7.09856
9.41563
4.81667
1.59639
0.544229
0.606141
1.68026
1.72197
6.30203
13.0432
11.7005
5.23058
0.633902
0.64194
0.900923
5.96029
9.77766
5.17298
2.29117
0.606614
0.56514
1.64372
1.71405
4.79976
12.9956
11.989
6.6242
0.666067
0.631214
0.770479
4.81184
8.44753
5.53648
2.95181
0.910353
0.570437
1.61266
1.7592
3.9945
12.7327
12.2494
7.92901
0.723008
0.622973
0.697408
3.65025
7.30596
6.08979
3.77749
0.967659
0.572395
1.61023
1.7273
3.0403
12.5204
12.4766
8.54905
1.15527
0.641346
0.652477
2.48672
6.41929
6.7662
4.44514
0.991286
0.57149
1.51508
1.66832
1.97274
11.9165
12.6376
9.42024
2.16731
0.643466
0.639657
1.63704
5.46952
7.19165
4.698
0.997351
0.571436
1.26289
1.62847
1.71392
9.41331
12.7437
10.5954
3.54415
0.636671
0.66269
1.13292
4.54662
7.31173
4.78625
0.949137
0.571787
0.976939
1.61974
1.7574
7.19526
13.106
11.5063
5.24392
0.64606
0.674632
0.93136
3.59031
7.54745
4.84707
0.855127
0.551294
0.772641
1.61974
1.75026
5.34914
13.1637
12.5472
7.44787
0.662285
0.674619
0.804631
2.694
7.15615
4.73361
0.979749
0.541175
0.609478
1.62773
1.73934
3.29629
12.9985
13.0881
9.19576
0.71647
0.655584
0.721293
1.97532
6.51166
4.85009
1.4217
0.513698
0.531138
1.64229
1.68325
1.7872
11.672
13.2279
10.2053
0.884497
0.6066
0.695895
1.32321
5.92485
4.81485
2.04811
0.661717
0.50154
1.65222
1.66145
1.8161
9.29667
13.3674
10.7451
1.40026
0.573354
0.666905
1.00228
5.19843
4.49466
2.8067
0.704177
0.492273
1.66459
1.65276
1.76852
6.9234
13.4148
11.1367
3.18988
0.545944
0.60248
0.923538
4.21204
4.61111
3.35441
0.694788
0.488706
1.60891
1.67085
1.77529
4.8488
13.4334
11.3047
5.92694
0.536001
0.52845
0.866583
3.69627
5.026
3.53724
0.71647
0.503634
1.33777
1.69499
1.7832
2.65868
13.0956
11.7571
8.36729
0.607546
0.497068
0.74057
3.18941
4.7252
3.51526
0.813871
0.525005
1.03704
1.70162
1.74828
1.8758
11.0401
12.1868
10.8207
0.813222
0.463349
0.691802
2.47878
4.21407
3.48165
0.912595
0.583189
0.811573
1.71323
1.74405
1.74946
8.58704
13.0022
11.2854
0.921106
0.42089
0.651612
1.99646
3.80409
3.44755
1.22212
0.631889
0.686587
1.71972
1.77053
1.79858
6.18352
13.6612
11.1583
1.49396
0.385348
0.566978
1.73991
3.32908
3.82414
1.58411
0.682414
0.662434
1.72329
1.75392
1.65449
3.93414
13.7079
10.945
3.46547
0.38247
0.487315
1.37913
3.0166
4.05521
1.89706
0.908746
0.679914
1.75139
1.75613
1.73733
1.90639
12.8807
10.6506
6.03276
0.373054
0.434035
1.12205
2.65454
3.29804
2.06237
1.00678
0.652613
1.78905
1.75089
1.73137
1.72133
10.7114
10.2824
8.7239
0.358127
0.38247
0.869407
2.43203
2.71643
1.95127
1.00027
0.591713
1.78312
1.72185
1.74043
1.735
8.27843
10.0812
9.91834
0.438871
0.355249
0.660718
2.2012
2.34575
1.67162
0.955311
0.512509
1.50119
1.70643
1.71115
1.73731
5.79701
10.5504
9.49177
0.656314
0.397398
0.602142
1.99157
2.01089
1.36629
0.98591
0.442316
1.15531
1.71228
1.69261
1.7493
3.44876
11.2317
8.99699
1.14694
0.428968
0.561777
1.67289
1.75478
1.08482
1.05281
0.378944
0.851156
1.70147
1.70678
1.75096
1.83066
11.5087
8.56443
2.46373
0.422187
0.518831
1.43197
1.38723
0.836134
0.840038
0.322719
0.539487
1.75213
1.71119
1.73161
1.86123
9.16864
8.16791
4.35684
0.399681
0.492705
1.35337
1.19024
0.661285
0.667175
0.289527
0.379066
1.80803
1.73142
1.71615
1.73006
6.7085
7.53652
5.94149
0.375324
0.498257
0.988517
1.02607
0.563155
0.553158
0.388009
0.295296
1.81685
1.74103
1.68845
1.71431
4.37921
7.56646
7.29609
0.415946
0.500553
0.769655
0.793418
0.48876
0.487693
0.57661
0.49207
1.84175
1.76033
1.65498
1.52128
2.16377
7.6522
7.28732
0.598373
0.439654
0.643588
0.636037
0.403869
0.421606
0.820058
0.861585
1.74045
1.76571
1.65248
1.79513
1.41912
7.7603
7.2602
1.69477
0.45111
0.603844
0.579042
0.375081
0.364922
0.575002
1.27213
1.46301
1.78896
1.66516
1.78172
1.47016
6.69165
7.19946
3.62759
0.491138
0.508929
0.596495
0.362247
0.364841
0.452245
1.53919
1.2751
1.84868
1.67646
1.78385
1.33092
4.4253
7.22474
5.31754
0.506133
0.480398
0.594104
0.340916
0.362787
0.593226
2.56488
1.21975
1.77196
1.68591
1.77957
1.30409
2.30801
7.05532
6.72556
0.519358
0.481168
0.562723
0.392548
0.534164
1.11897
4.06934
1.22183
1.71296
1.70778
1.73265
1.35563
1.17731
6.6148
7.62203
0.488314
0.484221
0.531287
0.617556
1.1659
2.06136
5.68911
1.21251
1.70777
1.72849
1.74403
1.56491
1.30945
6.27209
7.57815
0.476332
0.450759
0.469753
1.11603
2.37981
3.65073
6.85268
1.18583
1.73622
1.74419
1.77573
1.74287
1.39494
5.78117
7.45913
0.599575
0.412434
0.570193
2.00601
4.30455
5.73265
7.94915
1.25561
1.76998
1.77449
1.78182
1.85945
1.45196
4.71419
7.44573
1.11083
0.426496
0.886819
3.41709
6.66666
7.77364
8.88499
1.36025
1.80067
1.78358
1.80915
1.91504
1.49473
3.62473
7.46847
2.0909
0.540581
1.61272
5.31511
9.00206
9.21582
9.76372
1.3953
1.60799
1.76864
1.78939
1.89665
1.53091
2.80333
6.97606
3.6575
0.73599
2.78338
7.28481
10.9883
10.0703
10.4367
1.97903
1.50917
1.76356
1.7316
1.79167
1.57722
1.95288
6.70123
5.53592
1.17135
4.39825
8.90504
12.4491
10.6355
10.8583
3.6316
1.78684
1.76053
1.6596
1.72739
1.63271
1.64036
6.50386
7.14687
1.85534
6.06675
10.1775
13.0043
10.9307
11.2207
5.7782
2.31352
1.78673
1.63482
1.64894
1.74641
1.64514
6.16706
7.98519
2.7219
7.45616
10.7162
13.0021
11.1439
11.3455
8.04157
3.01497
1.78836
1.60851
1.60016
1.77799
1.73296
5.46537
8.12563
3.79369
7.99438
10.7864
12.9783
11.3458
11.3017
10.7511
4.28623
2.29744
1.59004
1.58554
1.80862
1.71474
4.75344
8.02692
4.76185
7.74136
10.9234
12.728
11.3822
11.472
12.4111
5.5459
4.41951
1.60744
1.58019
1.83524
1.66952
3.81846
7.61392
5.48073
7.13042
10.8918
12.3409
11.704
11.504
12.8809
6.32865
7.29812
1.64829
1.58771
1.82252
1.59414
2.88123
7.30351
6.10954
6.57216
10.9809
12.2667
12.0523
11.6567
12.7224
6.63934
9.89714
2.49623
1.71438
1.79323
1.60498
1.95396
7.04362
6.9348
6.56953
11.093
12.0704
12.3725
11.7941
12.5023
6.60852
8.91375
5.12632
1.76547
1.81351
1.59055
1.62251
6.76881
8.03238
6.88264
11.1534
11.7362
12.9488
11.8998
12.1743
6.57849
7.46607
7.77635
1.81821
1.79067
1.59732
1.64094
6.70188
8.3974
7.12503
11.1777
11.6502
13.4284
11.9761
11.892
6.76823
6.65235
10.4059
2.70153
1.79955
1.60649
1.71686
6.26633
7.2139
7.28187
11.1658
11.4528
13.1073
11.9729
11.7628
8.1033
6.70424
13.2614
4.94176
1.7972
1.6456
1.70223
5.85305
6.19193
7.35388
10.6744
11.2385
12.9162
12.029
11.756
10.7954
6.68669
15.154
7.67187
1.80078
1.6258
1.72647
4.99867
5.13882
7.39639
9.61935
11.2897
12.645
12.1372
11.9039
12.2717
6.66482
15.2711
10.5008
2.20952
1.61279
1.73608
4.03542
4.19465
7.44464
8.7397
11.3298
12.2486
12.2562
12.1118
12.216
6.63404
14.2917
13.0923
4.47777
1.58262
1.56396
3.74518
3.24673
6.94838
7.99853
11.3601
12.1185
12.4713
12.3511
12.5544
6.68817
11.6893
14.8635
7.20951
1.66253
1.59695
4.01994
2.96194
5.65246
7.60503
11.3987
11.8817
12.6324
12.46
12.7521
6.75888
8.93431
15.0509
9.79737
1.87778
1.65076
3.96747
2.97863
4.41236
7.65586
11.4374
11.6709
13.1952
12.5964
12.9652
6.8019
7.60113
15.0258
12.5498
3.75943
1.62659
3.74572
2.32416
3.13478
7.70582
11.2831
11.6564
13.162
12.7446
13.1676
7.18024
6.81848
15.0335
14.9063
6.33452
1.71885
3.69523
2.48407
2.37663
7.67893
10.9949
11.5504
12.9487
12.8877
13.1741
8.67659
6.82655
15.0601
14.9478
9.04891
1.94423
3.86435
2.94773
2.40046
7.50462
10.451
11.5761
12.9437
12.9905
13.1069
11.6238
6.82977
15.1612
14.9402
11.9862
2.3034
4.34166
3.95848
2.3951
6.4957
9.45882
11.6097
12.7608
13.0294
13.1428
13.1836
6.81661
15.1475
14.9562
14.5144
3.2355
3.19914
4.81346
2.36365
4.89063
8.628
11.5635
12.2788
13.208
13.0352
13.051
6.78261
14.7433
14.9677
15.1125
5.98533
2.88347
5.07524
2.3032
3.38872
7.89945
11.4073
12.0824
13.5474
13.0266
12.9083
6.87624
12.4401
14.9736
15.0948
8.5233
3.30949
5.34495
2.29121
2.55002
6.21417
11.3772
11.847
13.8136
12.9935
12.9219
7.12697
9.84398
15.0188
15.0064
11.154
3.9559
5.52989
2.43141
2.73761
5.23138
11.1185
11.574
13.7831
12.9349
13.0248
7.44072
8.5513
15.0431
15.0108
13.8253
4.60448
5.40511
2.65696
2.73768
4.73168
10.6329
11.5231
13.5729
12.8282
13.0834
7.71502
7.70286
15.2521
15.0755
14.6508
5.35496
5.21193
3.03176
2.95486
3.90338
10.386
11.4894
13.179
12.6889
13.258
9.00809
7.7676
16.045
15.0507
14.4638
6.41924
5.52026
3.29864
3.30613
3.21287
9.07595
11.4734
12.8725
12.5096
12.803
11.6703
7.75818
16.7112
15.2586
14.3038
8.21121
5.68541
3.77599
3.50502
3.11195
7.32454
11.4267
12.488
12.3651
12.5219
13.1491
7.71895
17.1679
15.7551
14.3169
10.1433
5.8663
4.33766
3.36803
3.00609
6.01575
11.2827
11.9631
12.2768
12.279
13.2012
7.64833
17.1437
16.5005
14.3137
12.3658
6.15235
4.5651
3.53889
3.11103
5.13141
11.0233
11.7457
12.3801
12.1872
13.1821
7.55778
14.2304
17.0527
15.1252
13.9647
6.23708
4.62154
3.93892
3.22563
4.40199
10.4857
11.4926
12.3723
12.2058
13.0608
7.43609
11.0532
17.7893
16.0392
14.0457
7.22572
4.65279
3.90704
3.39194
4.71231
9.81186
11.3329
12.6931
12.3293
12.9774
7.27498
8.9263
18.159
16.7862
14.0572
9.06454
4.55081
3.68573
3.80968
5.0583
9.44227
11.3238
13.0955
12.6163
12.8678
7.12846
7.60109
18.2196
17.6718
14.2133
10.8216
4.69633
3.50821
4.30366
5.5114
8.85854
11.1594
12.9551
13.0275
12.764
7.97202
6.97741
18.2179
18.1813
14.8461
12.3599
5.02121
3.35896
4.72967
5.70755
8.14048
10.9779
12.7154
13.4886
12.635
10.6491
6.83704
18.2559
18.1928
15.6301
13.8282
5.14538
3.29113
4.6212
5.52653
7.54391
10.8193
12.423
13.8759
12.6659
12.305
6.67524
18.3393
18.1556
16.49
14.4739
5.48515
3.25624
4.17325
5.73137
6.96175
9.84106
12.1131
14.166
13.0129
12.5101
6.57858
17.0366
18.1238
17.6451
14.7703
6.17833
3.20367
3.80875
5.89567
6.61615
9.24027
12.1148
14.0963
13.3877
12.5432
6.56847
13.9893
18.1443
18.3511
15.1149
7.33057
3.17078
3.55302
5.80795
6.12483
8.36039
12.0481
13.6954
13.98
12.6454
6.5984
10.7657
18.158
18.4008
15.8691
8.90369
3.34017
3.19387
5.82484
5.89869
7.66859
11.9115
13.4124
14.336
12.7819
6.69823
8.44664
18.163
18.2614
16.7261
11.0452
3.41662
3.25579
5.78691
5.75763
7.06198
11.1386
13.0516
14.2392
12.9065
6.82391
7.21366
18.0428
18.211
17.5185
13.1876
3.9279
3.37936
5.74992
5.73199
6.91987
10.495
12.6125
14.1681
13.204
7.91071
6.91246
17.3708
18.2171
18.1155
14.9808
4.6138
3.45203
5.86241
5.7778
6.58575
9.61932
12.5086
13.9567
13.3461
10.4647
6.89895
16.4666
18.2295
18.4297
16.0895
5.19341
3.52946
5.99753
5.96073
6.44169
8.58499
12.4204
13.8263
13.4322
12.1953
6.63716
15.635
17.8444
18.426
16.8779
6.41711
3.63117
5.92703
6.23838
6.48083
7.73122
11.6617
13.6304
13.4655
12.8964
6.50986
13.832
17.1703
18.2641
17.3166
8.38345
3.79628
5.57703
6.54766
6.49767
7.03338
10.2406
13.506
13.436
12.9976
6.4896
11.1308
16.5583
17.862
17.5369
10.4959
3.98915
4.99018
6.73269
6.6023
6.61397
8.68696
13.3239
13.2859
13.2016
6.43138
8.55329
15.7268
17.2329
17.9014
12.6406
4.11609
4.26168
6.77754
6.76134
6.42456
7.26939
13.127
13.0792
13.2124
6.35283
7.20659
15.1121
16.7292
18.2009
14.7045
4.29442
4.18717
6.77019
6.83624
6.28786
6.46381
12.9128
12.8324
12.9815
6.55786
6.2893
14.8388
16.0673
17.4059
16.1235
5.12629
4.17437
6.69427
6.80844
6.93169
6.31493
11.2153
12.624
12.5901
7.92228
6.27693
14.7268
15.3343
16.8115
16.9684
6.4371
4.10072
6.59825
6.67153
7.25599
6.16076
9.41761
12.5169
12.3549
10.6181
6.26064
14.6426
15.0117
16.1079
17.3389
7.85473
4.05411
6.54525
6.62132
7.33543
5.94976
7.72814
12.3422
12.1895
12.2892
6.25448
14.5313
14.7842
15.5573
17.5753
9.82623
4.10219
6.49062
6.51776
7.37678
5.52005
6.0961
12.5664
12.0645
12.7652
6.28296
14.3346
14.5619
15.327
16.6274
11.8191
4.22256
5.6289
6.34513
7.37504
5.24603
5.06313
12.8684
12.0407
12.4421
6.29065
14.1767
14.5065
15.2736
15.7894
13.3866
4.35345
4.97418
6.14341
7.33375
6.35764
4.90094
10.7341
11.8974
11.9816
6.28289
13.3875
14.2617
15.0463
15.2995
14.9753
4.74909
4.50986
5.9781
7.15982
6.98538
4.2656
8.48357
12.0068
11.7984
6.27872
10.992
14.0155
15.0398
14.946
16.4324
5.15481
4.66628
5.88035
6.33325
7.9699
4.23534
6.23042
12.1502
11.7246
6.39623
8.42972
14.0567
15.1892
14.895
15.8725
6.20509
4.72584
5.79225
6.03168
8.30936
3.8975
4.04633
12.6217
11.7587
7.34217
7.07484
14.0995
15.0051
14.8431
15.313
7.54293
4.81961
5.85698
5.93464
8.06849
3.8573
3.36953
12.5182
11.8707
9.52762
6.10554
13.6321
14.9921
14.8182
15.1366
9.20164
4.92432
6.08694
5.92244
8.07692
4.86686
3.27934
10.0393
11.8693
10.7892
6.05082
12.0026
14.6909
14.8111
15.1478
10.8167
5.05965
6.18037
5.90992
7.82424
5.51962
2.95544
7.89765
12.0392
10.958
5.9849
9.95383
14.1774
14.7719
14.988
12.038
5.21981
6.54427
5.9316
7.69069
6.21125
3.2885
5.94013
12.0505
10.9011
4.81199
7.69142
12.5539
14.5866
14.9093
13.1451
5.38075
5.9393
6.00801
7.47737
6.65446
3.39891
3.96079
12.4417
10.8899
3.2773
5.39911
10.1815
14.4654
14.918
14.012
5.71716
5.52638
6.19672
7.12242
6.38038
4.5302
3.79997
10.8511
10.7518
2.61982
3.15142
7.9758
14.3618
14.5861
14.3998
6.05791
5.7093
6.42328
6.61024
6.49791
6.0352
3.84829
8.55817
10.9112
2.62986
2.56313
6.06708
13.8737
14.1855
14.4574
6.986
5.85693
6.53836
6.62494
7.07984
6.01672
4.1736
6.58979
11.0604
3.75628
2.70285
4.1495
13.3023
13.4236
14.5511
8.32794
6.00454
6.6098
6.73473
7.3643
6.09944
4.27087
5.06992
11.1671
5.61915
2.85486
3.757
13.2683
12.3762
14.4915
9.74225
6.14285
6.97945
6.63117
6.9179
6.0465
4.65565
4.44724
11.5242
7.49739
3.0124
3.84959
11.7225
11.5363
13.3603
10.776
6.24118
7.27655
6.68617
6.38486
5.66543
6.05091
4.7177
9.4519
9.8214
3.22642
3.94544
10.0878
10.4673
10.86
12.054
6.332
6.60814
6.85959
5.98395
5.24185
6.12192
4.49293
7.28853
10.8468
3.51701
4.21721
7.86427
10.0725
9.74343
13.2155
6.39635
6.38416
7.11603
5.79847
5.01216
4.92843
4.56472
5.43533
11.3031
3.65258
4.37107
5.72641
10.2686
9.55225
12.2682
6.90288
6.51009
7.37839
5.87481
4.86847
4.79609
4.1404
4.09255
11.7815
3.57753
4.07893
5.10669
10.4345
9.68562
10.2579
7.51237
6.67948
7.61922
6.05432
5.37627
4.69826
4.95047
3.95907
12.0224
3.40256
3.43991
5.8747
11.3003
10.285
10.1128
8.65988
6.81899
7.81776
6.25846
6.3451
4.68532
6.54148
3.48838
10.9146
4.37209
3.25747
5.78141
12.928
11.1422
9.92048
9.94069
6.79097
7.90469
6.75643
6.3974
4.75397
8.04782
3.31229
8.7936
6.48619
3.04189
5.74784
10.5981
12.3972
9.74937
10.0087
6.70443
7.58086
7.48596
6.63414
4.9483
6.74983
2.76232
6.73524
8.98842
2.62031
5.44423
8.70624
13.5114
10.4719
9.74466
6.66281
6.82612
7.71587
6.98463
5.13377
5.60669
2.79047
4.72101
11.978
2.43873
5.51734
6.92168
13.1984
11.2515
9.5399
6.64938
6.71497
7.79704
7.36892
4.85423
4.86034
3.93364
2.96051
12.2049
2.70164
5.38339
5.83477
12.1689
12.6393
9.39311
7.05894
6.65662
7.8682
7.74528
5.18904
4.49533
5.52449
2.54891
9.92134
3.19943
5.25202
5.79225
10.8254
12.5629
9.84629
7.67209
6.62474
7.8886
8.10803
5.63587
4.22501
7.0805
2.42724
7.65485
4.03889
4.82384
5.50662
9.56416
10.6377
10.6229
7.63576
6.55525
7.91621
8.41015
6.86585
4.12908
8.32582
2.40276
5.52071
4.52372
4.5486
5.72098
8.69319
8.65366
11.7311
6.97623
6.49235
7.37732
8.28754
8.20716
4.18106
9.02399
2.35392
3.40364
5.75059
4.99561
6.14927
8.15844
7.29575
14.37
6.80105
6.4584
6.9185
8.28692
8.58094
4.39837
7.71472
2.52541
2.34385
6.82386
4.98847
6.98236
7.41017
5.52676
17.3665
8.23065
6.47613
6.66197
8.46377
8.51691
4.82868
6.14361
2.66062
2.15596
9.50562
4.4214
9.0087
7.29444
4.27368
14.8779
9.56881
6.83735
6.5892
8.4817
8.43302
5.44646
5.77576
2.68148
2.11169
7.86663
3.59612
10.9078
7.15701
3.9458
11.6687
9.82525
7.03697
6.79412
8.3978
8.29783
6.45502
6.26965
3.01243
2.0549
5.4071
2.71975
8.94262
6.16028
4.04947
8.69185
10.6648
7.30357
6.80824
8.04055
8.17278
8.04429
7.14083
4.01483
1.9365
2.89776
2.12681
6.02102
6.1249
4.23827
6.01984
10.3304
8.53788
6.84189
7.53028
8.16837
9.33874
8.03322
5.33447
2.00993
1.95286
1.94585
2.80991
8.02069
4.4573
4.56949
8.97703
8.99893
6.89628
7.22811
8.38845
9.48749
8.832
7.16335
2.06741
1.99099
1.96206
1.41447
10.3579
5.28097
4.79378
8.48485
9.24748
6.99712
7.16051
8.23253
9.48265
9.47515
9.13337
2.05539
2.04828
3.90031
1.26489
12.5148
5.94804
5.08038
8.88585
9.28828
7.14384
7.25683
8.12573
9.26498
10.0155
10.5679
2.16307
2.0961
4.08488
1.29003
9.87485
6.28588
5.40291
8.81556
9.14588
7.55742
7.25449
8.11419
9.33687
10.2701
10.9093
2.24039
2.19403
2.2169
1.25305
6.96582
7.46994
5.69889
8.87475
8.92121
7.88016
7.2881
8.19622
9.287
9.87445
10.7459
2.26217
2.23926
2.22224
1.21275
3.96921
9.75906
5.82966
8.55136
8.87446
7.96909
7.34969
8.03896
9.24881
9.93647
10.5622
2.90603
2.26257
2.23918
1.18837
2.04471
12.0933
5.92105
6.64902
8.64761
8.15011
7.5169
7.63546
9.3965
10.0534
10.3205
4.31585
2.27911
2.24836
0.966415
1.63962
13.4775
6.0314
5.99499
8.31207
8.07916
7.82207
7.94677
9.62064
9.91448
9.75158
6.12948
2.34402
2.23258
1.04548
1.47772
10.4603
6.2066
5.98293
8.05428
7.88236
8.12462
8.27524
9.93066
10.1769
9.31816
8.26111
2.4491
2.19838
1.38152
1.14706
7.62282
6.27541
5.93879
7.68875
7.80518
8.00051
8.39492
10.1419
10.4349
8.72336
10.2176
2.54301
2.19229
1.49657
0.951285
4.77473
7.5758
5.82815
7.27756
7.88502
7.91178
8.61373
10.3135
10.3854
8.10744
10.9274
2.77922
2.18475
1.80731
0.875662
2.58557
9.89249
5.72517
6.93115
8.15385
8.03785
8.66021
10.1933
10.6457
7.56746
10.0623
2.95555
2.16763
2.37375
1.04007
2.11023
11.8976
5.78451
6.72268
8.68849
8.02516
8.2069
10.0102
10.6729
7.06441
8.78497
3.06099
2.15364
2.35404
1.07631
2.0444
10.8567
5.96943
6.70371
9.02392
7.88397
7.98492
9.80545
10.2401
6.72066
7.29894
3.49115
2.13541
2.22418
0.892277
2.0214
8.02634
6.48044
6.70987
8.05387
7.71259
7.63475
9.88241
9.61174
6.51087
6.61388
4.63814
2.16154
2.20994
0.907799
1.84205
5.21238
6.95735
6.70517
7.18594
7.90027
7.22734
9.93012
8.72484
6.44866
6.1871
6.13191
2.27706
2.23598
0.928658
1.49227
2.87932
8.25537
6.67452
6.81427
8.06527
6.70095
9.90126
7.8509
7.43504
5.75083
8.06602
2.41185
2.30941
0.931765
1.10902
2.20473
10.0887
6.67613
6.82093
8.59697
6.41685
9.6722
7.32123
8.52213
5.20476
9.92524
2.49616
2.35722
1.05113
0.94911
2.15973
11.6825
6.70945
6.98095
9.13988
6.41297
9.06716
7.24667
8.66863
4.78116
9.4709
2.62608
2.42332
1.33746
0.941559
2.09726
8.71086
6.27116
7.04449
9.35754
6.34213
7.93634
7.25726
7.83146
4.60679
7.95128
2.72937
2.50167
1.9301
0.907016
2.04651
5.80986
6.00727
7.01229
9.79666
6.09842
6.58747
7.50897
7.34952
4.69454
6.67698
2.89332
2.52438
2.59705
0.892656
1.98319
3.21725
5.81094
6.37594
10.0368
5.72346
5.75066
8.16381
7.17305
4.86229
5.24055
3.75138
2.55459
2.69378
0.896911
2.01332
2.30152
5.86941
5.73183
8.8425
5.74816
5.17549
8.76536
7.02607
5.23429
5.14322
5.40628
2.49793
2.69687
0.924753
1.87808
2.25649
6.65471
5.70507
8.4096
6.52778
4.849
9.86361
7.25744
6.55913
5.51307
7.22129
2.46914
2.70585
0.976439
1.54632
2.25109
8.27772
5.5127
8.7176
7.18916
4.40342
10.2748
7.41764
7.86923
5.64552
9.25983
2.46895
2.62971
1.01228
1.17573
2.21304
6.45894
5.44119
9.07
7.98278
4.63437
9.19688
7.93791
7.59193
5.74561
10.4248
2.56552
2.60667
1.094
0.986626
2.1854
3.56961
5.63332
9.24655
8.81203
4.81915
8.27676
8.35712
7.8526
5.85336
8.95702
2.65081
2.61749
1.36464
0.945922
2.17679
2.2623
6.3304
9.3831
9.1519
5.18226
7.7514
8.92542
7.93217
5.9651
7.95982
2.69271
2.60897
1.98395
0.955338
2.15336
2.24193
7.91975
9.56318
9.53654
5.94285
7.04196
9.81646
8.26537
6.08474
7.02229
2.83043
2.58188
2.64662
0.955217
2.13778
2.21598
9.8426
9.76915
9.74096
6.68606
7.10095
9.97359
8.52673
6.45424
6.2224
4.01266
2.50636
2.74571
0.938694
2.06448
2.17935
7.10202
10.6771
9.79571
7.36273
7.28488
9.6256
8.7754
7.03763
6.51705
5.84975
2.46578
2.72665
0.919917
1.92421
2.20239
4.04867
11.9645
10.2083
7.56233
7.35897
9.51217
9.00893
7.86345
6.98641
7.70004
2.44703
2.69838
0.942976
1.54094
2.18489
2.25156
13.9787
10.5142
7.63428
7.24064
9.0686
8.61015
8.58389
7.60283
9.86769
2.49365
2.63779
0.946232
1.13269
2.15545
2.20296
14.084
10.6839
7.81456
7.10061
8.75109
8.11716
9.24051
8.00939
10.793
2.58243
2.59997
1.08016
0.944585
2.19889
2.18694
10.9257
10.768
8.231
7.13998
8.66746
7.99136
9.64302
8.37188
9.64465
2.65878
2.48881
1.41832
0.929063
2.22309
2.19027
7.65954
10.7908
8.32623
7.34126
8.41321
8.13437
9.82413
8.57531
8.94797
2.86749
2.39457
1.95649
0.919147
2.29144
2.19364
4.4391
10.9012
8.92664
7.08952
8.63713
8.38825
9.44505
8.69788
8.76272
3.56232
2.33396
2.55837
0.892886
2.31879
2.19922
2.44439
11.9676
9.49634
7.11235
9.2122
8.63071
9.13474
9.32534
8.86884
5.20351
2.22032
2.33817
0.949704
2.30916
2.1662
2.22437
13.5763
9.84702
7.16474
9.51568
8.68094
9.10322
9.80921
9.22858
7.1624
2.09213
2.14068
0.984504
3.40276
2.14761
2.18074
11.3153
10.5767
7.47691
10.0302
8.15638
8.10526
10.3069
9.62552
8.90281
2.04635
1.98431
0.976778
2.8568
2.12273
2.13448
8.01402
10.6539
7.92295
9.91341
7.76024
7.36477
10.3142
9.9331
10.6293
2.14124
1.9259
0.97521
1.07865
2.10913
2.10184
4.84653
10.5617
8.24074
9.11027
7.83872
6.77291
9.80827
9.83668
9.95887
2.30753
1.95474
1.18994
1.00111
2.10367
2.07943
2.59649
10.9919
8.61307
8.69957
7.85435
6.50408
8.83127
9.86306
9.53166
2.73942
2.09165
1.79829
1.04542
2.1191
2.08244
2.1909
12.3806
8.94145
8.54087
7.77168
6.46239
8.04687
9.74246
9.13641
3.7418
2.27534
2.64184
1.04893
2.07534
2.1081
2.16084
11.9472
9.78422
8.48812
8.93175
6.18137
7.22714
9.9525
8.59257
5.16689
2.47336
2.65699
0.955527
2.00806
2.0615
2.20875
8.77407
10.2557
8.59738
9.9632
6.00182
6.38736
10.4471
8.06264
7.06428
2.716
2.63123
0.906529
1.987
2.04331
2.23046
5.65331
10.3038
8.82223
10.3931
6.02039
5.97391
10.4546
7.59145
8.87605
2.9362
2.5546
0.874202
1.68776
2.01878
2.20463
3.02525
10.2225
8.96779
10.2006
6.70764
5.90049
10.5339
7.30025
7.63543
3.25887
2.45567
0.872622
1.33359
2.03468
2.24139
2.24157
10.9282
9.12048
9.90344
7.02087
5.76301
10.6158
6.99431
6.9057
3.70195
2.43134
0.881902
0.950462
2.02986
2.19943
2.26627
12.1672
9.14777
9.15623
7.83263
5.62232
10.5945
7.18745
6.45701
4.18807
2.44104
1.13818
0.881457
2.00648
2.12008
2.25539
9.48396
8.98734
8.94988
8.93602
5.51595
9.75828
8.38714
5.99224
5.24636
2.29426
1.70739
0.87196
1.97222
2.02338
2.24569
6.39929
9.06548
8.86546
9.76798
5.5198
8.57057
9.70967
5.46832
6.58712
2.26478
2.44191
0.870082
1.89483
1.93011
2.2448
3.55369
9.4432
8.87082
10.8541
5.46115
6.92448
11.0649
5.15156
7.28153
2.36185
2.31849
0.895371
1.83451
1.91166
2.26615
2.32686
9.42588
8.88486
11.3851
5.42146
5.85707
11.1537
4.86134
5.66601
2.744
2.44638
0.927928
1.7887
1.91085
2.29004
2.26422
9.52135
8.79367
9.97968
5.48902
5.50061
11.136
4.3811
4.53711
3.07611
2.59567
0.915202
1.62259
1.88502
2.28231
2.21785
9.82058
8.52126
8.88159
6.54406
5.5288
11.143
5.04772
3.96042
3.56017
2.74873
0.882051
1.36271
1.86966
2.25144
2.19792
10.7678
8.27258
8.42645
7.88975
5.98156
11.2047
6.32673
3.73903
3.95505
2.82085
0.848549
1.02676
1.8538
2.14498
2.21984
8.9492
8.27289
8.16429
9.42513
6.7152
11.2218
8.28692
3.50955
4.35425
2.87362
0.853046
0.854155
1.8139
2.0509
2.20006
5.84663
8.04991
8.21755
10.9784
7.55061
11.1792
10.2535
3.43101
4.82634
2.97869
1.07781
0.860044
1.78824
1.95141
2.22055
3.1151
8.31584
8.10553
10.7208
8.3541
11.1683
11.1446
3.37415
4.61836
3.02479
1.53304
0.867394
1.73708
1.84909
2.22287
2.19778
8.56354
7.901
9.91572
9.11761
10.7245
11.126
3.33261
3.45829
3.00489
2.16189
0.88228
1.71281
1.81668
2.20534
2.19954
9.07721
7.73423
8.99869
9.85688
10.5489
11.0369
3.56319
3.54044
2.9326
2.76422
0.890266
1.74093
1.83047
2.11768
2.21432
9.13594
7.60772
7.84317
10.4165
10.5604
11.0385
4.47434
3.89176
2.91057
3.02955
0.880281
1.73256
1.8236
2.0412
2.18875
6.13878
7.45727
7.36678
10.9283
10.6954
11.104
5.76101
4.28083
2.80042
2.90076
0.867542
1.36572
1.83502
1.99131
2.11657
3.29328
7.54111
6.50608
10.6044
10.7115
11.1678
7.31395
4.44702
2.81909
2.80609
0.855911
0.9883
1.79261
1.90104
2.16804
2.18252
7.88837
5.41747
9.52399
10.6261
11.2192
9.36593
4.49116
2.92977
2.77465
0.896276
0.850804
1.75528
1.842
2.13136
2.15129
8.44954
4.65122
8.31552
10.5417
11.2288
10.7453
4.60646
3.22006
2.71248
1.18217
0.8417
1.7534
1.7898
2.12627
2.10678
8.71617
4.39387
6.54867
10.2848
11.2522
11.4623
4.74796
3.50677
2.7544
1.89723
0.835391
1.76605
1.73707
2.11988
2.11859
5.80698
4.50697
5.34331
9.83996
10.6688
11.6557
4.80547
3.92056
2.58527
2.5895
0.829203
1.78915
1.65277
1.86392
2.09888
3.08
4.76661
5.074
9.30792
9.96798
11.4406
4.92154
4.86738
2.45181
2.65372
0.828258
1.83455
1.56667
1.60174
2.10429
2.11819
5.70915
5.32368
8.74074
9.25559
11.2192
5.7341
4.84351
2.42036
2.49223
0.860423
1.66288
1.49297
1.48137
2.12257
2.20521
6.62866
6.00589
8.30622
8.29728
11.2125
6.86734
5.00539
2.61838
2.25694
0.896696
1.35577
1.50379
1.37993
2.10626
2.21336
8.62205
6.70201
8.00385
7.94603
11.219
7.69812
5.15146
2.89468
1.94276
0.924551
1.00881
1.65398
1.30899
1.98425
2.21469
6.01126
7.40177
7.96493
7.83179
11.2118
8.84573
5.09711
3.22271
1.70632
1.00016
0.921822
1.78834
1.26249
1.78199
2.17059
3.29768
8.10649
8.35756
7.86944
11.0008
10.043
5.03777
4.1607
1.81611
1.16908
0.895575
1.86768
1.27823
1.57766
2.11448
2.22795
8.68236
8.66439
8.0549
10.3009
10.8836
5.08746
5.33208
1.89207
1.23168
0.84143
1.81971
1.31783
1.3946
2.01678
2.24177
9.10885
9.42237
8.19649
9.1595
11.6235
5.34309
5.48846
1.86006
1.39543
0.718078
1.76278
1.35245
1.317
1.8789
2.22669
8.30651
9.79705
8.31606
8.45424
11.4673
5.68947
5.55413
1.89006
1.4998
0.624
1.70817
1.44649
1.32569
1.79467
2.21375
5.57434
9.92911
8.54247
8.30657
11.4232
6.33701
5.38902
1.80815
1.51768
0.584689
1.56333
1.60785
1.33164
1.66227
2.12757
2.93036
9.83701
9.33752
8.31741
11.4659
7.19441
5.08825
2.15283
1.48456
0.555441
1.26598
1.7977
1.36236
1.52852
2.10896
2.11595
9.05509
9.74067
8.40446
11.5494
8.14598
4.92617
3.04685
1.41149
0.546053
0.929252
1.95603
1.38358
1.44406
1.99563
2.13936
7.51197
10.1984
8.1828
10.921
9.56431
5.02295
4.06727
1.41574
0.539095
0.693342
1.95026
1.4202
1.42704
1.89171
2.17505
5.90757
10.4518
7.62895
9.66381
10.8496
5.17208
5.32824
1.41303
0.52714
0.525072
1.86964
1.48061
1.45509
1.78039
2.14934
3.87046
10.1052
6.86743
8.74556
11.6531
5.25096
5.58073
1.43995
0.60579
0.500392
1.79363
1.6255
1.46746
1.65639
2.15061
2.49118
8.23237
6.20069
7.68005
12.0764
5.50782
5.24504
1.50966
0.786353
0.470199
1.7338
1.7949
1.47903
1.55185
2.14622
2.12242
6.43147
5.99955
6.51264
12.2303
5.91176
5.16154
1.83767
0.928793
0.462147
1.66727
1.94884
1.44816
1.47336
2.04427
1.99862
4.4719
6.20189
6.06129
12.2192
6.85277
5.04152
2.6018
1.02161
0.493137
