1.22792
1.84142
5.14495
5.5852
5.87574
6.03524
6.11229
6.38365
8.40078
10.8842
13.4798
8.70843
4.55185
4.56151
6.2564
1.70974
1.86995
4.68682
5.56212
5.80172
6.02006
6.11251
6.30105
6.99762
10.9976
13.4999
10.4104
4.9139
4.68235
5.86704
2.20804
1.80445
4.16465
5.49899
5.72454
6.0087
6.05832
5.92233
6.11606
11.0044
13.4372
12.0368
5.19818
4.85011
5.82597
2.6564
1.93923
3.57631
5.41771
5.71019
6.01448
6.01987
6.03538
5.71485
10.0842
13.2578
13.2247
5.48666
5.05487
5.72754
3.49973
1.69302
2.6994
5.35656
5.65303
5.98992
6.03162
6.12699
5.68864
9.5057
12.9877
13.5045
5.79687
5.24749
5.50957
4.09512
1.73667
2.26543
5.15556
5.58798
5.97713
6.03501
6.16639
5.63346
8.61823
12.5581
13.5094
6.21057
5.44556
5.59974
4.58122
1.96005
2.36956
4.71764
5.57703
5.87593
6.04004
6.21161
5.64326
7.18782
12.3588
13.4773
6.9686
5.59383
5.6245
5.53043
2.23946
1.99899
4.2125
5.48239
5.77873
6.04893
6.14357
5.76334
6.33316
11.6027
13.4406
8.47105
6.03476
5.72968
6.33197
2.62019
1.97544
3.64729
5.3887
5.76717
6.05161
6.09221
5.88204
6.19985
10.2194
13.2743
10.3014
6.98299
5.87499
6.55021
2.83204
2.11792
2.76208
5.3278
5.70695
6.04898
6.0893
5.97264
5.97897
9.49631
12.9987
11.8971
7.59835
6.13844
6.50545
2.81266
2.07466
2.70783
5.12903
5.66474
6.02613
6.05452
6.06418
5.89704
8.80524
12.6104
13.0296
8.03008
6.44488
6.6365
2.79536
2.19356
2.28196
4.67117
5.65615
5.95848
6.0574
6.22544
5.82346
7.52137
12.2605
13.4237
8.36136
6.73753
6.65467
3.1658
2.45841
2.16558
4.19618
5.59912
5.87297
6.04903
6.20291
5.97488
6.95723
11.6279
13.3733
8.50034
6.92398
6.71241
3.91784
2.73737
2.24699
3.63803
5.51
5.86441
6.02909
6.1632
6.04565
7.01635
10.718
13.2821
8.80351
7.01233
6.7318
4.61017
2.7381
2.25844
3.01127
5.4759
5.80707
6.00334
6.1545
6.15354
6.49954
10.0803
12.9767
9.369
6.95422
6.70115
5.5425
2.71119
2.28555
2.53325
5.31831
5.76403
5.99209
6.11469
6.13257
6.28835
9.34015
12.5366
10.5149
6.7334
6.86865
6.33758
2.67706
2.46673
2.27371
4.94059
5.74451
5.94391
6.08033
6.23704
6.24156
8.39355
12.1408
11.8644
6.35726
7.10373
6.6111
2.65486
2.76286
2.25155
4.48873
5.66182
5.92107
6.06594
6.23677
6.30626
7.81596
11.7716
12.7275
6.0085
7.12734
6.61531
2.64329
2.75461
2.30165
3.92816
5.60176
5.91524
6.04879
6.18853
6.28871
7.39983
11.1368
13.0032
5.74082
7.21463
6.62993
2.63192
2.63498
2.18188
3.07792
5.57059
5.85254
6.04588
6.17179
6.27187
6.7512
10.4309
12.7831
5.56316
7.23744
6.6046
3.0487
2.62915
2.24828
2.56512
5.47479
5.77308
6.04306
6.12069
6.26486
6.49931
9.45653
12.5862
5.62287
6.39566
6.61672
3.8403
2.6285
2.15939
2.28477
5.19891
5.75278
6.03177
6.06937
6.26486
6.25308
8.24407
12.4253
6.53333
5.6451
6.59301
4.55616
2.62804
2.17412
2.0764
4.85544
5.6738
5.99201
6.05804
6.25749
6.11442
7.30348
12.2001
7.8518
5.19969
6.59761
5.51388
2.62272
2.29983
1.9662
4.34569
5.61581
5.9809
6.04569
6.21433
5.99093
6.59893
11.5399
9.54242
5.0107
6.62374
6.3213
2.60481
2.54589
1.78085
3.47841
5.61581
5.92154
6.0431
6.20272
5.99633
5.99484
10.5049
11.2188
4.86722
6.64608
6.55259
2.58517
2.6796
1.74552
2.69121
5.57904
5.83852
6.03741
6.16328
5.98858
5.94872
9.33133
12.3056
4.81776
6.69897
6.54166
2.55612
2.59973
1.68203
2.22288
5.43823
5.82464
6.03469
6.10368
6.22121
5.90747
7.98744
11.9588
4.78338
6.9741
6.55105
2.57699
2.53347
1.6147
1.74306
5.21124
5.75043
6.00925
6.08611
6.26545
6.06417
7.05859
11.5862
4.75475
6.42907
6.53012
3.04728
2.5251
1.72245
1.59473
5.05273
5.69003
5.99473
6.043
6.22284
6.21147
6.44771
10.5777
4.77812
5.47726
6.5249
3.87128
2.53032
1.97631
1.59226
4.10178
5.69003
5.94942
6.02335
6.2086
6.26872
6.16763
9.39849
4.88222
5.00177
6.55134
4.60962
2.52761
2.27238
1.69798
3.19341
5.65835
5.89248
6.01753
6.17198
6.26577
6.18882
8.3281
5.25204
5.03281
6.56333
5.56298
2.52471
2.50201
1.54236
2.52397
5.59969
5.87261
6.00888
6.11778
6.27995
6.20551
7.41528
6.38476
5.13636
6.56407
6.35086
2.5024
2.66144
1.56108
1.88886
5.51393
5.81544
6.00037
6.11158
6.27714
6.29086
6.71153
7.57148
5.21539
6.57009
6.57578
2.48858
2.59277
1.53611
1.44219
4.99718
5.78113
5.99182
6.09462
6.24573
6.35925
6.21946
8.49482
5.18769
6.43466
6.58386
2.44518
2.49966
1.80923
1.58752
4.11185
5.78404
5.95247
6.07764
6.24301
6.34834
6.02847
7.66734
5.18693
5.84664
6.57844
2.45337
2.39385
2.21823
1.47606
3.2295
5.75583
5.89555
6.08869
6.20842
6.31122
5.84614
6.69066
5.19637
5.37217
6.57282
2.90568
2.34511
2.52345
1.61102
2.45988
5.72989
5.87529
6.07737
6.17439
6.31145
5.75207
6.64304
5.26359
5.1472
6.57949
3.74621
2.28841
2.72315
1.57782
1.81702
5.582
5.81822
6.05434
6.18021
6.27742
5.73264
6.23522
5.38332
5.04189
6.61821
4.48357
2.26063
2.69477
1.77023
1.79184
4.99061
5.79505
6.06618
6.18548
6.24569
6.04682
5.82468
5.64818
4.83125
6.39813
5.45936
2.24361
2.6025
1.9341
1.80477
4.13297
5.79538
6.03797
6.18548
6.24005
6.25406
5.97775
6.11975
4.55805
5.89324
6.28411
2.24154
2.50003
2.27552
1.98044
3.32274
5.78927
5.98378
6.18548
6.2031
6.27622
6.04051
6.81598
4.26921
5.3676
6.54797
2.24088
2.40496
2.54395
1.97749
2.67882
5.78067
5.99538
6.18812
6.18548
6.33422
6.1329
7.49388
4.0489
4.73739
6.55537
2.24375
2.3065
2.59796
2.1034
2.19339
5.77566
5.94659
6.17749
6.18548
6.3728
6.21968
6.77868
3.94322
4.22886
6.56999
2.27981
2.23788
2.49556
2.26795
2.02553
5.05886
5.89531
6.20024
6.18812
6.33708
6.17733
6.19978
4.08342
4.19554
6.56741
2.78238
2.23802
2.34608
2.36627
2.20001
4.29604
5.89813
6.17462
6.19399
6.3485
6.15499
6.1387
4.52325
4.41775
6.60441
3.66888
2.23183
2.25682
2.39617
2.17667
3.53709
5.85517
6.1405
6.2025
6.29716
6.26334
6.14909
4.88975
4.81921
6.624
4.44926
2.21147
2.19744
2.29639
2.37841
2.8663
5.85822
6.1405
6.21956
6.25425
6.31202
6.1575
5.48379
5.22116
6.63851
5.43387
2.19765
2.15712
2.21329
2.4531
2.24647
5.43278
6.08065
6.23389
6.2629
6.31437
6.22457
6.07755
5.59829
6.6017
6.26146
2.18077
2.08281
2.10834
2.30812
2.35286
4.69823
6.02091
6.25938
6.25069
6.33345
6.28225
6.28609
5.94394
6.63016
6.5422
2.15187
2.03439
2.00531
2.20399
2.19167
3.90697
6.00935
6.27654
6.26201
6.35573
6.2942
6.31854
6.21995
6.63074
6.56454
2.11553
2.02523
1.92291
2.13447
2.2182
3.19509
5.94105
6.2481
6.27974
6.36708
6.30858
6.33614
6.40374
6.6335
6.60726
2.13664
2.08147
1.88891
2.01997
2.06549
2.37043
5.62532
6.24566
6.3022
6.43562
6.31177
6.33166
6.41681
6.58063
6.61373
2.6006
2.04971
1.90616
1.94725
2.09141
2.02757
4.77911
6.19432
6.29054
6.4337
6.33137
6.33147
6.40827
6.51677
6.62056
3.48614
1.99554
1.96271
1.96383
2.08585
1.95394
4.01561
6.13773
6.28259
6.39433
6.33489
6.33758
6.42616
6.50214
6.58153
4.30605
1.91893
2.10234
2.04877
2.00777
1.84357
3.11079
6.12898
6.28522
6.38525
6.36212
6.33424
6.42244
6.48844
6.56529
5.36175
1.8534
2.18115
2.16308
1.94452
1.7712
2.24065
6.08028
6.28513
6.33457
6.37391
6.34048
6.4056
6.46011
6.57806
6.27801
1.82211
2.07289
2.28554
1.951
1.79628
1.6752
5.41614
6.30704
6.30012
6.4302
6.35755
6.40229
6.45498
6.5459
6.613
1.80741
1.94646
2.39916
2.03362
1.8134
1.60575
4.45693
6.31464
6.30303
6.51885
6.36008
6.42256
6.46657
6.51773
6.66124
1.80116
1.83379
2.49901
2.17904
1.78185
1.57119
3.62744
6.24056
6.28546
6.49766
6.37627
6.41185
6.50012
6.5212
6.68811
1.88766
1.80693
2.54166
2.40367
1.71525
1.51297
2.61997
6.24061
6.29419
6.49113
6.39397
6.40026
6.53803
6.5118
6.66244
2.48766
1.8005
2.39026
2.62736
1.70622
1.44088
1.64945
5.85643
6.30618
6.42607
6.43953
6.4284
6.5582
6.53142
6.64532
3.50195
1.79847
2.2184
2.78094
1.75027
1.2499
1.32609
4.57491
6.31376
6.39742
6.47437
6.43713
6.52022
6.51729
6.60634
4.39132
1.80721
2.05119
2.81542
1.79741
1.0431
0.84401
3.36191
6.31431
6.39626
6.52786
6.46586
6.51994
6.53741
6.55501
5.46422
1.83204
1.92679
2.76174
1.98266
0.877084
0.560472
2.31358
6.32883
6.38501
6.55667
6.49045
6.51192
6.54583
6.54978
6.36915
1.84143
1.87769
2.61628
2.28615
0.779072
0.366614
1.06718
6.34534
6.37669
6.61078
6.51367
6.51139
6.6111
6.56355
6.66123
1.86273
1.85488
2.39301
2.53991
0.736002
0.393172
0.381525
6.3717
6.36282
6.56426
6.53961
6.53997
6.67093
6.57156
6.65276
1.92355
1.83776
2.17463
2.68672
0.89202
0.395529
0.400596
5.7679
6.34811
6.46089
6.57365
6.55907
6.71671
6.58363
6.64447
2.07286
1.80636
1.98434
2.78392
1.23447
0.401655
0.421494
4.8746
6.34057
6.46051
6.60485
6.57932
6.74862
6.59689
6.60947
2.6929
1.79451
1.83432
2.7529
1.61244
0.459132
0.430759
3.83546
6.34279
6.387
6.63061
6.61073
6.72634
6.60309
6.6239
3.67628
1.8028
1.81226
2.62956
2.07098
0.563724
0.436368
2.87191
6.36485
6.34889
6.64759
6.61952
6.71723
6.63381
6.6233
4.52857
1.8649
1.81284
2.41338
2.48454
0.790882
0.499062
2.04122
6.3069
6.35962
6.63149
6.61938
6.75413
6.7217
6.63584
5.54477
1.98005
1.79049
2.14796
2.70159
1.13227
0.647682
1.54023
5.48546
6.36003
6.58344
6.63894
6.75968
6.76716
6.68139
6.37555
2.11795
1.76159
1.93248
2.80431
1.57235
0.883664
1.39412
4.54259
6.37951
6.57235
6.64204
6.73924
6.92703
6.71941
6.61656
2.30283
1.74412
1.788
2.75619
1.97596
1.15484
1.29211
3.33684
6.40295
6.52088
6.64509
6.76232
7.00551
6.73097
6.61069
2.48029
1.75842
1.76147
2.60507
2.35897
1.45968
1.12554
2.21843
6.44821
6.48919
6.64745
6.72551
7.00251
6.77703
6.61332
2.68694
1.86171
1.79018
2.34271
2.63863
1.73553
1.09439
1.42391
6.33862
6.49728
6.60028
6.69378
7.04274
6.82746
6.61623
3.27449
2.06492
1.78962
2.0973
2.76022
2.01053
1.25338
1.08742
5.27278
6.50627
6.54889
6.70262
7.01999
6.86958
6.6505
4.11687
2.27706
1.80091
1.94099
2.77065
2.26173
1.42694
1.09035
4.29385
6.51467
6.53766
6.67122
6.99085
6.97911
6.69638
4.79223
2.50488
1.84026
1.85613
2.62582
2.42851
1.67361
1.09268
3.02831
6.52596
6.52328
6.65203
7.00523
7.10932
6.69628
5.66854
2.69778
1.92012
1.88049
2.45875
2.57854
1.91722
1.08061
1.86365
6.55139
6.51467
6.65448
6.93086
7.16023
6.74525
6.39433
2.64387
2.1016
1.9013
2.26113
2.70554
2.11166
1.05171
1.19195
6.54925
6.52046
6.60073
6.86328
7.3256
6.82973
6.61332
2.53527
2.35431
1.93261
2.12685
2.77655
2.2393
1.05106
1.10746
5.50315
6.51505
6.54352
6.863
7.35959
6.84952
6.64759
2.49157
2.49665
2.00289
2.06672
2.80738
2.32814
1.08162
1.08058
4.57026
6.51829
6.54908
6.79399
7.27692
6.97532
6.67973
2.53199
2.50905
2.10315
2.07438
2.69643
2.43194
1.24022
1.13456
3.34487
6.5371
6.52356
6.74012
7.27659
7.11741
6.69134
2.97123
2.55759
2.24708
2.12627
2.56432
2.5296
1.44881
1.18398
2.14638
6.61637
6.54052
6.72893
7.14345
7.15426
6.74479
3.77873
2.57122
2.43975
2.19989
2.41831
2.57317
1.72538
1.20986
1.40284
6.64212
6.56314
6.67746
7.03178
7.29999
6.83307
4.65185
2.61015
2.64344
2.286
2.35848
2.62964
2.04437
1.20848
1.32613
6.75052
6.56896
6.63187
7.02886
7.41106
6.86433
5.66438
2.73849
2.76789
2.38205
2.40246
2.68869
2.3143
1.21962
1.25519
6.4101
6.57996
6.62877
6.9113
7.42272
6.99246
6.38538
3.08789
2.85193
2.52266
2.49317
2.7165
2.49352
1.22249
1.23489
5.35741
6.59171
6.60614
6.84715
7.48695
7.13503
6.60847
4.99339
2.91749
2.64639
2.57583
2.74179
2.51847
1.28354
1.23495
4.17363
6.64846
6.61155
6.84696
7.36256
7.17495
6.6368
6.58544
2.89473
2.72879
2.6548
2.77082
2.53284
1.39294
1.25416
3.38331
6.68236
6.61761
6.76563
7.24279
7.26894
6.70737
6.59719
2.91242
2.71849
2.70871
2.7489
2.53348
1.62641
1.27956
2.28779
6.77539
6.62306
6.71506
7.2371
7.35821
6.71625
6.60041
3.18599
2.68004
2.69677
2.73282
2.52333
1.9183
1.34842
1.74092
6.96812
6.62894
6.71792
7.10587
7.37222
6.83801
6.60804
3.56878
2.65591
2.6627
2.76676
2.51673
2.21839
1.45239
1.5496
6.83688
6.62857
6.66913
6.9773
7.42332
6.9866
6.60202
4.98596
2.68875
2.62644
2.81223
2.54465
2.46452
1.55393
1.59231
7.28185
6.64873
6.64892
6.96649
7.45989
7.00422
6.61119
7.19374
2.72113
2.55148
2.79383
2.63643
2.48236
1.61616
1.6384
6.40649
6.65974
6.66339
6.86609
7.37084
7.13424
6.61942
6.95961
2.96386
2.36886
2.65382
2.68068
2.48159
1.75092
1.69883
5.27366
6.72772
6.68249
6.79155
7.3448
7.23544
6.61706
6.58381
3.48894
2.16602
2.31107
2.71205
2.48175
1.93131
1.77575
4.21884
6.64707
6.69364
6.79169
7.23109
7.2383
6.71602
6.32121
3.97528
2.06169
1.89181
2.7345
2.43113
2.13049
1.79308
2.96444
7.26376
6.71375
6.75728
7.10924
7.26152
6.83842
5.79325
4.82674
2.08937
1.61606
2.71483
2.39618
2.23784
1.75328
2.14437
7.75609
6.60466
6.73716
7.10346
7.25854
6.83551
4.88881
5.04203
2.21677
1.46629
2.47723
2.38954
2.31182
1.79173
1.88422
7.90297
6.73143
6.73994
6.99478
7.22742
6.95782
4.1792
3.81896
2.73911
1.37071
2.10297
2.39438
2.26909
1.84564
1.86689
7.72911
6.60452
6.73697
6.89504
7.18471
7.06905
4.71654
3.38587
3.58834
1.3242
1.70973
2.35505
2.2453
1.91517
1.92964
7.50205
6.97078
6.73692
6.88629
7.13318
7.06364
5.61667
3.26279
3.69214
1.2857
1.39711
2.35548
2.23038
1.96826
1.91015
6.90941
6.86951
6.5987
6.81184
7.07612
7.07982
6.44677
2.70496
2.70142
1.27265
1.30077
2.18788
2.19945
2.01095
1.86862
6.54006
7.17877
6.55377
6.76038
7.05068
7.02779
6.71134
2.58055
2.28594
1.40245
1.27876
1.88161
2.18727
2.06776
1.81387
6.22104
7.58386
6.42399
6.74298
7.01882
6.97933
6.75944
3.49505
1.96479
1.76053
1.33632
1.63778
2.18557
2.07885
1.89342
5.54196
7.9681
6.63008
6.72583
6.97858
6.93391
6.83306
4.11863
2.04129
2.2935
1.32354
1.45693
2.19318
2.07004
1.92289
4.94724
8.16438
6.60167
6.56375
6.97175
6.88531
6.82756
5.1093
2.14888
3.36286
1.38832
1.34602
1.8429
2.10466
1.9686
4.35863
7.75231
6.68661
6.64849
6.85786
6.82835
6.90455
5.93975
1.94132
5.04069
1.54084
1.33959
1.55645
2.09911
1.99471
3.55558
7.61185
6.80529
6.4522
6.74623
6.77442
6.84869
6.40634
1.68468
4.549
1.72225
1.28169
1.38552
2.11099
1.99242
2.9113
7.42091
7.00637
6.47188
6.70909
6.72286
6.74317
6.52336
1.89711
3.0746
1.94451
1.16987
1.19131
2.04444
1.98272
2.44581
7.24881
7.21125
6.34881
6.64846
6.6713
6.68623
6.67453
2.70635
2.21237
2.03816
1.13042
1.06072
1.73467
1.98664
2.09554
7.21562
7.82196
6.28781
6.64638
6.65437
6.62668
6.66894
3.96313
2.27753
2.18837
1.28688
1.01394
1.50106
1.93357
1.95123
7.13954
7.83687
6.27334
6.29653
6.69613
6.59783
6.67398
5.86161
2.4078
2.63993
1.27655
0.977996
1.30365
1.93818
1.87695
7.05683
8.0985
6.26003
6.19169
6.66483
6.56342
6.69937
6.10203
2.59429
3.66339
1.1714
0.915679
1.01436
1.81833
1.75413
6.93954
8.10205
6.22986
6.14524
6.68606
6.54058
6.68374
6.48815
2.75681
5.52537
1.10991
0.857497
0.853136
1.58122
1.49827
6.82224
7.77045
6.46614
6.07481
6.66279
6.51999
6.65525
6.60582
3.43532
4.38599
1.05093
0.865577
0.772933
1.32459
1.25463
6.34439
7.61902
6.68328
6.04447
6.36498
6.51753
6.57563
6.58884
4.48054
4.44978
1.0096
0.81686
0.765623
1.05537
1.23085
5.97369
7.46011
6.68443
6.08287
6.32506
6.51467
6.518
6.56562
4.85759
4.86805
1.02933
0.775454
0.74572
0.81986
1.35909
5.54674
7.28172
6.95507
5.94384
6.32866
6.51467
6.51495
6.54599
5.20753
4.8799
1.06971
0.770034
0.739657
0.718684
1.2093
4.90779
7.30086
7.32631
6.09953
6.22478
6.53179
6.50622
6.53714
5.2313
5.01319
1.24301
0.800474
0.72583
0.665417
1.12833
4.64597
7.19683
7.39026
6.00834
6.016
6.41514
6.49752
6.56281
4.5561
5.52368
1.78587
0.845107
0.732776
0.730355
1.18044
4.45146
7.13218
7.70187
5.8974
6.03279
6.43921
6.48915
6.54681
3.75679
4.742
2.92579
0.884143
0.769984
0.788588
0.983832
4.40066
7.09915
8.05185
5.76699
5.84198
6.37626
6.4805
6.50085
3.32738
3.33447
4.32904
0.945728
0.810558
0.884395
0.843708
4.32289
6.94821
7.86787
5.73216
5.6475
6.38492
6.4577
6.49244
3.80144
3.07847
5.69164
1.01393
0.840014
0.923015
0.934826
4.32344
6.45192
7.77209
5.90614
5.48098
6.25211
6.40121
6.45512
4.83079
3.48849
6.83562
1.13186
0.904991
0.930313
1.02651
4.05731
6.06791
7.6326
5.98175
5.30404
6.23251
6.19081
6.43227
5.52567
3.83304
6.31915
1.23217
0.959606
0.999083
1.14018
3.4213
5.70733
7.46019
6.37012
5.10292
6.34844
6.0823
6.40938
6.23064
3.82103
4.91726
1.33027
1.01972
1.03746
1.18041
2.81053
5.03818
7.48424
6.81479
4.90379
5.74728
6.05388
6.39208
6.48817
4.47087
4.28506
1.69867
1.07557
1.08477
1.20925
1.93917
4.62401
7.38543
6.97299
4.70001
5.11782
6.08969
6.37765
6.49456
6.48027
5.09552
2.60373
1.10763
1.11531
1.23201
1.54234
4.24464
7.29421
7.33355
4.46766
4.46917
6.07085
6.27255
6.50916
6.84834
6.07744
3.91778
1.13332
1.11591
1.24012
1.44014
3.62648
7.30013
7.69897
4.27087
4.21149
6.13466
6.14704
6.49817
6.51458
6.42018
5.05906
1.149
1.09416
1.24686
1.34471
3.13609
7.19531
7.75574
4.44135
3.93942
5.98627
6.23611
6.45285
6.51154
6.93516
6.42926
1.24617
1.04053
1.25824
1.27789
2.73831
6.39106
7.80988
4.88353
3.6733
5.40824
6.18644
6.39541
6.49499
8.10221
7.07584
1.42199
0.989466
1.27677
1.2723
2.20158
5.53756
7.67844
5.1934
3.44852
4.66371
6.22209
6.38917
6.47763
9.84509
7.6829
1.64785
0.940082
1.37177
1.30496
1.87981
4.72203
7.5776
5.72068
3.24166
3.79371
6.18579
6.34825
6.47205
10.7422
9.07696
1.93778
0.955283
1.40275
1.33804
1.74826
3.5865
7.60791
6.24658
3.04322
3.22297
5.82033
6.19384
6.46695
9.26277
10.4465
2.394
1.01476
1.42881
1.33726
1.59209
2.76347
7.35014
6.46817
2.86906
2.86169
5.07692
6.18403
6.45775
7.6183
11.918
3.26583
1.20989
1.73746
1.31092
1.5394
2.48307
6.37429
6.87431
3.00911
2.63806
4.39322
6.20225
6.44056
6.765
13.3484
4.65825
1.42736
1.81598
1.30429
1.57265
2.19259
5.49527
7.30304
3.15879
2.46687
3.77349
6.22442
6.43402
6.44294
14.4069
6.54023
1.68661
1.83395
1.37705
1.53601
2.06861
4.65956
7.40543
3.6022
2.32615
3.04829
6.52321
6.23032
6.44031
14.3472
8.80746
2.04848
2.00299
1.49697
1.51657
2.07019
3.57698
7.71459
4.13016
2.21486
2.57404
6.89616
6.24097
6.43443
13.9234
10.9014
2.69397
2.37955
1.90768
1.68694
1.93292
3.0407
7.32098
4.49764
2.08199
2.25903
7.06465
6.23282
6.42315
12.5218
12.6683
3.3805
2.77393
2.77458
1.82614
1.84493
2.91214
6.26831
5.03366
2.03429
1.98182
6.45312
6.24107
6.40605
10.9828
13.8403
4.43478
3.18683
3.68352
1.82135
1.88449
2.66767
5.32578
5.60992
1.99977
1.90792
5.55474
6.24475
6.39213
9.44386
14.2634
5.82517
3.58326
5.18958
1.98065
1.89332
2.55938
4.41863
5.91337
2.17389
1.84458
4.72703
6.63744
6.25846
7.674
14.2448
7.2071
3.97729
6.95504
2.49396
1.89505
2.47807
3.39619
6.38635
2.457
1.79343
3.96139
7.52146
6.24724
6.77027
14.2151
8.68523
4.34276
7.39243
3.73072
1.98273
2.21675
3.03117
6.89677
2.654
1.76708
3.15525
7.94054
6.24967
6.40087
14.1542
10.4316
4.62137
6.1137
5.09029
2.10883
2.16063
2.87396
5.59182
3.06267
1.73882
2.59351
8.17184
6.24359
6.39746
14.1069
12.0006
4.83995
5.6226
6.1563
2.24868
2.18939
2.83766
4.4895
3.55853
1.71584
2.24259
7.70899
6.32392
6.25552
13.5918
13.081
5.02772
5.23209
7.3501
2.68385
2.2599
2.78986
3.68351
3.89964
1.67959
1.89621
7.11014
7.10544
6.26991
11.8458
13.9276
5.47049
5.2089
7.67372
2.91102
2.27731
2.69557
2.88115
4.43046
1.76026
1.74954
6.37088
8.11052
6.28965
10.2693
14.011
6.57067
5.56442
7.84711
3.15546
2.35906
2.43232
2.47227
4.99234
1.75379
1.64341
5.381
8.68844
6.3248
8.79849
13.8689
8.06885
5.96407
8.06839
3.40336
2.33478
2.35083
2.13518
3.6729
1.91572
1.59367
4.45722
8.72881
6.38434
7.1477
13.2278
9.57906
6.42556
8.55184
3.41694
2.42804
2.36007
1.93388
2.49597
2.15906
1.55246
3.62923
8.80728
6.98122
6.68274
11.314
10.9778
6.85036
8.94878
3.25434
2.86701
2.42775
1.87677
1.95602
2.29945
1.52194
2.80889
8.79082
7.64375
5.78705
8.94209
12.4124
7.27586
8.71527
3.12028
2.75987
2.57085
2.18715
1.9002
2.65013
1.5139
2.26879
8.67463
8.42224
5.16398
6.50294
13.5544
7.63297
8.46077
2.84617
2.38085
2.72503
2.44491
2.05956
3.06844
1.49123
1.91234
8.24008
8.98391
4.1583
4.54749
13.9982
8.00789
8.21144
2.74021
2.06327
2.92586
2.93243
2.21747
3.32582
1.45979
1.58974
7.707
8.93972
4.11708
3.42922
12.9167
8.59344
8.37177
2.90877
1.87186
3.14215
3.12516
2.28375
3.57272
1.43398
1.48331
6.95919
8.99424
4.77849
2.79211
10.6859
9.73407
8.64561
3.26299
1.76342
2.88977
3.3309
2.36017
2.94977
1.40791
1.41155
5.82723
9.00375
6.25309
2.63327
8.19661
11.0278
8.88882
4.33528
1.68353
2.31115
3.65071
2.46239
2.46747
1.4759
1.39973
4.68494
9.02807
7.70308
2.3446
5.78
12.1701
9.08818
5.87021
1.64736
2.02819
3.90451
2.59741
2.49557
1.49419
1.37146
3.62671
9.05346
8.72684
2.27377
3.59235
13.0372
9.25097
7.54206
1.68895
1.90148
4.24038
2.88196
2.53759
1.63479
1.33683
2.62206
9.10228
8.9769
2.35613
2.39904
10.7318
9.41184
9.2957
1.93541
1.75901
4.63393
3.13558
2.63216
1.83878
1.30909
1.97363
9.26213
9.09043
2.71689
2.40764
8.34343
9.56127
9.74206
2.62997
1.88615
4.57183
3.30571
2.67713
1.95844
1.28347
1.62684
8.83574
9.0943
3.52477
2.35667
5.88128
10.102
9.76158
4.05257
2.02109
3.80616
3.60088
2.67483
2.28708
1.25494
1.35839
7.88743
9.08451
4.84012
2.23783
3.47161
11.0132
9.94849
5.46962
2.16688
2.98902
3.93786
2.7589
2.94087
1.22842
1.26911
6.64396
9.0911
6.57109
2.13714
2.21459
11.7305
10.0514
6.6698
2.39453
2.76361
4.05102
2.80104
2.80823
1.2171
1.20253
5.23147
9.18421
8.196
2.35714
2.19415
9.2968
10.0221
7.96137
2.75238
2.7274
4.53988
3.01299
2.85968
1.28731
1.20359
3.97547
9.35448
9.13911
2.59455
2.25473
6.92762
10.0041
9.17622
3.14659
2.69787
5.46132
3.13589
2.90817
1.29238
1.21127
2.97799
9.47815
9.19911
2.75617
2.34771
4.5217
10.085
9.63905
3.71003
2.6253
5.71841
3.26362
2.93584
1.4399
1.18936
2.16228
9.50564
9.19925
2.89388
2.29626
2.62402
10.3697
10.3165
4.33086
2.61574
4.52376
3.23549
2.93593
2.01328
1.1661
1.70564
8.89455
9.20419
3.19352
2.29801
2.20595
9.50081
10.5039
5.13908
2.68375
3.34716
3.23603
2.90639
2.70896
1.20029
1.47205
8.02231
9.22887
4.34637
2.57804
2.14845
7.03077
10.4786
5.86068
2.68236
2.49777
3.65716
2.88386
3.074
1.20628
1.27492
7.09109
9.40141
5.92023
2.68734
2.16191
4.63529
10.2411
6.81663
3.40374
2.41677
4.63214
2.93051
3.05308
1.21289
1.25489
6.07178
9.51569
7.25726
2.55995
2.15831
2.53871
8.56112
7.99048
5.04793
2.33327
5.72523
2.90895
3.07643
1.24652
1.24666
4.90376
9.63143
8.47997
2.4431
2.27766
2.17211
6.42409
9.48329
6.98669
2.23532
5.97176
2.73587
3.17074
1.48022
1.27046
3.85225
9.41005
9.39791
2.37771
2.5341
2.16888
4.05066
10.4208
7.73632
2.08584
4.47791
2.63427
3.24149
2.05036
1.26796
2.92893
9.15894
9.40474
2.35177
2.48069
1.78336
2.08147
8.30206
7.99844
1.82463
2.74328
2.62111
3.30791
2.86968
1.3052
2.12502
8.92742
9.38688
2.35742
2.38612
1.80723
1.57643
6.29721
8.27163
1.70661
1.77999
2.66508
3.0723
3.52732
1.32355
1.66449
8.61008
9.44914
2.5891
2.37983
2.11303
1.54478
4.51095
8.62507
2.07428
1.65642
2.75185
2.8859
3.40776
1.35681
1.51368
8.04305
9.30151
3.3586
2.37405
2.40929
1.31906
2.52481
9.07964
3.11989
1.63682
2.92194
2.71495
3.50533
1.48931
1.41082
7.27058
9.19356
4.64795
2.39712
2.43747
1.15529
1.16075
9.31649
4.59521
1.70382
3.29126
2.67896
3.64009
1.83694
1.49455
6.25282
9.10994
6.05848
2.43227
2.41961
1.47329
1.29955
7.24314
6.53154
1.86315
4.22456
2.78546
3.75385
2.59882
1.58173
5.08094
9.01949
7.51046
2.46112
2.37616
1.88515
1.42152
5.29896
8.58696
2.19612
5.31266
3.02788
3.75443
3.31439
1.6875
3.98088
8.96257
8.70278
2.44264
2.31533
2.1997
1.36223
3.58272
9.82686
2.83209
4.14146
3.41393
3.81146
3.7979
1.77418
3.06746
8.90901
8.91106
2.41012
2.28755
2.40341
1.38831
1.99795
10.3676
3.71533
3.99737
3.85408
3.87136
3.83666
1.81747
2.2799
8.98617
8.84803
2.4005
2.35184
2.3849
1.68271
1.65109
9.61664
4.76005
4.27547
4.33705
4.09583
3.8849
1.86632
1.94537
8.86568
8.77112
2.68991
2.45548
2.46766
2.02994
1.52431
7.76873
6.22392
4.36441
5.22585
4.21317
3.89939
2.15192
1.97273
8.00823
8.66286
3.60662
2.58327
2.60038
2.32306
1.69867
6.16717
7.96436
4.32307
5.94643
4.31461
3.89634
2.55642
2.15209
6.9908
8.58262
4.99012
2.72574
2.76215
2.61981
2.24171
4.98038
9.36052
4.30178
4.93957
4.62613
3.9317
2.85402
2.28704
5.77828
8.59956
6.3051
2.85942
2.88574
2.88339
2.90957
3.91095
9.94048
4.44923
4.46279
5.58547
3.98128
3.33593
2.33979
4.47452
8.81564
7.4234
2.96449
2.94671
2.99101
3.38026
4.02621
9.95746
5.40584
4.58432
6.52356
4.04917
3.71524
2.372
3.5023
9.13562
8.13459
2.996
2.97482
3.0003
3.37402
5.12904
9.64768
7.19416
4.84347
7.30079
4.34853
3.69472
2.40346
2.99637
9.04257
8.21019
2.98911
2.99891
3.01622
3.21454
6.03507
9.19189
8.8406
4.99662
7.0648
4.65749
3.84787
2.4332
2.69488
8.52515
8.16096
2.95198
2.96168
3.00989
3.03103
6.91564
8.71985
9.85442
5.14711
6.06066
5.07433
4.01673
2.4444
2.54775
7.74751
8.22508
3.13427
2.92723
2.98529
2.97136
7.33396
7.93295
10.5915
5.26665
5.45546
5.48432
4.00505
2.41788
2.41718
6.66016
8.53253
3.72607
2.92168
2.97139
2.98791
7.3996
7.56343
10.4416
5.83039
5.46936
5.67213
4.0629
2.42535
2.34153
5.61179
8.96325
4.67167
2.94749
2.99649
3.01955
7.4148
7.35726
10.4345
7.79963
5.68843
5.78461
4.27286
2.41945
2.30695
4.64862
9.05205
5.61222
2.96338
2.95506
3.02406
7.2643
7.36777
10.5689
9.54997
5.65878
5.94214
4.34616
2.66928
2.28323
3.86308
8.62659
6.71506
2.96624
2.95581
3.04658
6.88684
7.37424
10.4312
10.7691
5.7036
6.41245
4.68641
3.25501
2.1817
3.42821
8.07567
7.736
2.97105
2.9644
2.98859
6.33902
7.39869
9.92298
10.4116
5.59723
5.7745
5.43623
3.66375
2.08407
3.05789
7.35862
8.4375
2.98665
2.96362
2.91077
5.65521
7.40336
9.20706
10.0006
5.9027
5.41205
5.47025
4.08064
1.98454
2.64067
6.62292
8.85005
3.00122
2.95492
2.8964
4.69094
7.30757
8.27353
9.49637
7.61262
4.93504
5.20122
4.23608
1.88996
2.29585
5.89692
8.92428
3.20016
2.93833
2.952
3.91953
7.22353
7.69612
9.0141
9.24787
4.91925
4.71042
4.40676
1.88373
2.02697
5.14692
8.52102
3.9072
2.95182
2.93851
3.42192
7.07874
7.35141
8.62381
9.42973
5.27418
3.86207
4.78959
2.18393
1.89907
4.70638
8.0488
5.11802
2.96103
2.95607
3.09285
7.01636
7.24895
8.67799
9.18292
5.48365
3.22876
5.44314
2.63478
1.93338
4.29233
7.47631
6.35123
2.97406
2.96662
2.98139
6.85627
7.20456
9.21687
9.15161
6.24417
2.77009
6.13287
3.44932
1.80505
3.63262
6.93756
7.63987
2.97697
2.95456
2.95973
6.7592
7.13848
8.80578
9.88308
8.20942
2.77235
6.83301
4.36654
1.71637
3.0425
6.42714
8.71337
2.9581
2.93817
2.98274
6.72857
7.08931
8.10253
10.3178
10.0593
3.23028
5.72014
5.07629
1.69535
2.54886
5.89834
8.38851
2.92642
2.94973
2.97044
6.68864
7.06396
7.53982
10.4823
11.756
3.96937
4.58549
5.78955
1.73598
1.91648
5.61928
7.93019
2.89731
2.91005
2.94315
6.58115
7.02954
7.00896
10.5173
12.5475
4.82832
4.75589
6.52557
1.94379
1.84323
5.49366
7.44136
3.12237
2.87188
2.93688
6.34202
6.9255
6.97393
10.1496
12.4483
6.44281
5.72455
7.08775
2.77347
1.92273
5.16912
7.00776
3.90331
2.86605
2.90392
6.02096
6.87129
6.95007
9.20142
12.3948
8.38821
6.80239
7.82606
3.75077
1.93019
4.57523
6.59258
5.15682
2.86337
2.92046
5.31885
6.78688
6.90771
8.4864
12.4017
10.0753
7.76608
8.64188
4.61586
1.92093
3.9183
6.14841
6.33182
2.86059
2.95221
4.67843
6.67648
6.88537
7.82343
12.0335
11.7572
8.59638
9.1771
5.73014
1.98055
3.10095
5.95178
7.43256
2.87063
2.94468
4.08867
6.62819
6.80768
6.99407
11.7002
12.6117
9.04025
9.12095
6.67036
2.06639
2.36239
5.76172
7.13056
2.89629
2.93103
3.52274
6.56653
6.77415
6.8243
11.2006
12.4932
9.42422
9.47075
7.09922
2.15831
2.11232
5.58336
6.74785
2.91344
2.89981
3.22538
6.4877
6.73151
6.70837
10.0201
12.1764
9.9993
9.80009
7.69107
2.80928
1.99743
5.46143
6.42048
2.91618
2.923
3.08853
6.44858
6.68042
6.66762
9.01221
11.9564
10.2909
10.3106
8.52385
3.59934
1.98554
5.16727
6.11284
3.07262
2.89652
2.96015
6.33045
6.60592
6.65386
8.16027
11.5759
10.7465
10.5267
9.0506
4.82038
2.06603
4.39321
5.95308
3.66623
2.91278
2.96739
6.23515
6.55792
6.63468
7.14584
11.5257
10.8885
10.6875
9.78984
6.12162
2.16075
3.65357
5.81046
4.6385
2.91232
3.00607
6.20713
6.49696
6.60554
6.75513
11.9258
10.3407
10.4515
10.7855
7.08479
2.2719
3.10391
5.72165
5.48368
2.89263
2.97181
6.18087
6.43041
6.57479
6.5949
12.0913
9.60355
9.89791
11.3948
8.02255
2.38017
2.47949
5.71421
6.06711
2.86686
2.96347
6.15677
6.382
6.5033
6.58886
11.3751
9.25926
9.19208
11.4221
8.91886
2.48142
2.40004
5.70663
5.83219
2.91552
2.94287
6.17537
6.3114
6.42909
6.56944
10.3681
9.05998
8.97186
10.7514
9.52887
3.15502
2.30098
5.56833
5.76863
2.98018
2.89129
6.156
6.24704
6.38918
6.53697
9.18012
9.3591
8.40224
9.52586
10.298
4.24871
2.23207
5.17802
5.64571
2.94904
2.86176
6.10786
6.21904
6.34029
6.5137
8.30269
9.84031
7.80011
8.59286
11.0975
5.45037
2.25689
4.50399
5.62087
2.92087
2.78995
6.06772
6.14006
6.29212
6.49504
7.28291
10.2452
7.01417
7.66755
11.4797
6.8793
2.31241
3.44293
5.58371
3.23669
2.64193
5.97624
6.10261
6.26015
6.41795
6.53537
10.9334
6.17461
6.09837
11.9314
8.38704
2.35646
2.7453
5.57545
3.77439
2.59195
5.86244
6.05735
6.21945
6.31213
6.504
11.5677
5.88823
5.47531
12.0822
9.57379
2.33
2.44366
5.54103
4.29288
2.79834
5.7431
6.00872
6.19131
6.27518
6.42312
10.234
6.34801
5.12139
11.8351
10.6224
2.5361
2.30452
5.61881
4.91272
3.05819
5.65288
5.93231
6.16831
6.20707
6.39158
9.35355
7.17983
5.05438
10.8365
11.5171
2.94502
2.28189
5.83669
5.40651
3.35863
5.57041
5.89612
6.16081
6.15972
6.36864
8.22724
8.33292
5.27372
9.46227
11.9999
3.90001
2.27197
5.06813
5.50957
3.71006
5.52219
5.79036
6.08131
6.14844
6.32565
6.86244
10.0344
5.64177
8.29952
12.2432
5.26048
2.31672
4.03377
5.4756
3.96119
5.38497
5.68086
6.05851
6.13396
6.26335
6.48664
11.3332
6.19316
7.80955
12.2787
6.68949
2.34954
3.32173
5.48145
4.02832
4.97166
5.64246
5.94325
6.12288
6.22955
6.38414
10.8627
6.52994
7.81112
12.3548
8.30772
2.39266
2.72993
5.58377
4.07133
