9.82045
11.8234
13.1849
9.42694
10.1581
13.4891
10.7214
9.91297
6.6374
4.35737
7.05684
4.15845
1.62349
1.84602
15.1933
10.4857
11.4539
12.9464
9.72284
9.57751
12.6565
10.7085
10.4463
6.92278
4.48065
5.97125
4.75124
1.65504
1.65799
14.2463
11.2032
11.2389
12.5383
10.4564
9.06226
10.5188
10.7085
10.7176
7.68334
4.50113
4.83093
5.85082
1.8221
1.67759
11.0124
11.5564
10.9231
12.0552
12.5622
9.19416
9.09416
10.7798
10.7019
8.39026
4.56906
4.53972
7.14425
2.0139
1.7185
7.78666
11.5317
10.8441
11.7674
15.2831
9.36127
9.62278
10.8705
10.6954
8.89627
4.78042
4.58197
8.32089
2.29554
1.72779
4.99089
11.547
11.2256
11.3318
14.7824
9.40424
10.4486
10.995
10.6988
9.79535
5.07214
4.42389
9.06861
2.84645
1.71506
3.36795
11.5925
12.6771
11.8446
14.0803
9.3461
11.2326
11.8648
10.7066
10.4074
6.12971
4.13494
9.00814
3.00189
1.6836
2.84968
11.626
13.4736
12.4441
13.4447
9.33897
11.0723
13.3643
10.6949
10.5751
7.19677
3.99283
8.56634
3.07179
1.66719
2.59371
11.6441
11.9865
13.3002
13.2414
9.3776
10.5162
14.8799
10.7312
10.6531
8.13144
4.03087
7.76521
3.42194
1.70628
2.25659
12.1138
11.647
13.5062
13.5217
9.58904
9.7574
13.3718
10.7454
10.6552
9.23939
4.17398
6.37147
4.22358
1.68988
1.98106
13.7991
11.635
13.9044
13.7103
10.4069
9.9391
11.4586
10.7305
10.6469
10.4584
4.41754
4.80553
5.25228
1.70535
1.79559
15.4858
11.6498
15.0318
14.0144
12.518
10.2771
10.6033
10.7732
10.6553
10.5652
4.77623
4.49978
6.46171
1.78915
1.7386
12.8424
11.6445
16.149
14.7908
15.2497
10.323
10.2732
10.8682
10.661
10.5839
5.57336
4.3455
7.13169
1.99392
1.84494
9.71902
11.6474
16.4446
15.4188
17.0662
10.5279
9.87832
10.9784
10.6762
10.6054
6.98762
4.15641
5.75798
2.39792
2.01913
6.64873
11.6172
14.8076
15.8202
16.4359
10.6546
9.87452
11.7737
10.6772
10.6212
8.86475
4.15698
4.53731
2.88143
2.20051
4.53263
11.5857
13.201
15.951
15.7338
10.8139
9.83255
13.1224
10.6834
10.6646
10.4411
4.43914
4.20099
4.26983
2.40639
3.66973
11.5275
11.8044
16.1754
15.8441
11.035
9.83905
11.7522
10.6888
10.67
10.5813
5.368
4.44472
6.97644
2.67639
3.51371
11.9328
11.4619
16.4764
15.7924
11.6073
10.2161
10.2907
10.7083
10.6764
10.5637
6.76887
4.66681
6.26017
3.26394
3.6787
13.5328
11.3839
16.8306
15.9414
13.0818
11.2515
10.6657
10.7149
10.673
10.5515
8.5042
5.17413
5.9374
4.34639
4.28986
15.2168
11.3011
17.7469
15.8965
15.514
11.1769
11.0778
10.7914
10.6674
10.5695
10.1748
6.06044
6.57358
5.9903
5.76507
16.9045
11.1898
17.06
16.107
15.8916
11.2356
11.4695
10.8362
10.6674
10.6089
10.5775
7.26341
7.56653
8.2127
7.98858
17.8298
11.1236
15.7654
16.2376
15.5123
10.8724
10.8695
10.8485
10.6796
10.6483
10.5572
8.68556
8.79666
11.2812
10.4113
17.5616
11.0606
14.2627
16.4233
15.4526
10.7649
10.529
11.0578
10.6968
10.6391
10.5753
10.0108
9.91223
13.5183
12.9668
17.5642
11.0098
12.8335
17.2731
15.1362
10.9778
10.4456
11.6727
10.6876
10.6669
10.5786
10.5056
10.7052
15.2215
15.3223
17.7386
10.9732
11.5127
18.0583
15.1341
11.3471
10.6517
11.0169
10.6905
10.6674
10.5847
10.5107
10.7186
16.4536
16.7848
18.1953
11.0939
10.9596
18.1058
15.0605
12.7285
10.8108
10.8657
10.7481
10.6643
10.5852
10.5296
10.6101
14.9934
17.5359
18.8121
12.2317
10.9143
18.2128
15.3435
15.1465
10.8483
10.7553
10.7423
10.6611
10.6062
10.5427
10.6192
13.4634
18.2795
19.0027
13.6756
10.8865
18.3625
15.8134
14.9466
10.9161
10.741
10.7799
10.6733
10.6122
10.5636
10.6007
11.823
18.2084
18.9849
15.3087
10.7512
17.3821
16.8673
14.6291
11.0663
10.8274
10.8625
10.6643
10.6274
10.5969
10.5873
10.8197
17.7655
18.8721
16.851
10.6063
15.6495
17.5827
14.1909
11.3218
10.9015
10.9734
10.6733
10.6489
10.6089
10.5967
10.6653
16.7905
18.6658
17.8807
10.508
13.8757
17.8482
13.9649
11.4896
10.9595
11.82
10.6785
10.6548
10.5994
10.6177
10.6329
15.3137
18.4992
18.5496
10.4741
12.1834
17.8443
14.0155
11.627
11.2458
11.1684
10.6702
10.6611
10.603
10.5913
10.6419
13.8576
18.1724
18.7758
10.487
10.9337
17.8149
14.3313
12.3082
11.7023
11.4722
10.679
10.6702
10.5943
10.582
10.6297
12.6351
17.4394
18.7897
10.5084
10.5241
17.8621
15.584
12.9991
11.6577
11.6088
10.7157
10.6703
10.6115
10.5607
10.6179
11.397
16.1234
18.6482
10.6355
10.5296
17.9633
16.6838
12.6981
11.2214
11.6504
10.7274
10.6706
10.6334
10.5324
10.5999
10.6817
14.6976
18.3182
10.6612
10.5474
17.1348
17.4305
12.1397
10.8336
11.4702
10.8222
10.664
10.6396
10.5084
10.5816
10.6065
13.1718
16.8539
10.7145
10.5177
14.7712
17.5748
11.84
9.99477
11.3181
11.2321
10.655
10.658
10.5086
10.5271
10.594
11.7083
15.1811
10.8716
10.3581
12.7156
17.7621
12.3185
9.5947
10.9833
12.2383
10.6547
10.6611
10.5117
10.5146
10.579
10.8646
13.5698
10.8544
9.98492
11.0313
17.8289
13.7675
9.20016
9.7311
13.8096
10.6455
10.6586
10.5416
10.5086
10.5726
10.5426
11.9896
10.8099
9.72261
9.62578
17.8569
14.9768
9.3099
8.80826
13.5825
10.6483
10.6519
10.6024
10.5085
10.6038
10.5474
10.8987
10.7434
10.0083
9.30977
17.902
16.0481
10.0796
8.94978
13.7113
10.6667
10.6518
10.6118
10.5054
10.5937
10.5355
10.5367
10.6198
10.5242
9.0571
17.9331
16.5733
10.5974
8.69828
13.6587
10.7398
10.6549
10.6581
10.5055
10.5846
10.5203
10.5097
10.4626
10.4964
8.76519
16.4106
16.484
11.2181
9.06173
12.6017
10.7581
10.6518
10.6583
10.5055
10.5478
10.4842
10.526
10.351
10.4432
8.57493
13.6074
16.4196
12.0202
9.36286
11.8861
10.8145
10.6548
10.658
10.5146
10.533
10.5301
10.481
10.3729
10.4328
8.48106
11.1314
16.58
13.2145
9.80175
11.7122
11.1002
10.6489
10.6581
10.5507
10.5177
10.6147
10.4864
10.3929
10.4002
8.38586
9.26968
16.9505
14.6135
10.3218
10.9074
11.9559
10.6487
10.6521
10.5475
10.511
10.5752
10.4374
10.4398
10.3619
8.37535
8.20774
17.6274
15.7485
10.4973
10.5087
10.9486
10.6642
10.6488
10.5778
10.5058
10.5545
10.4248
10.4203
10.3146
9.10004
8.0995
18.1246
15.6341
10.9128
10.0636
10.6674
10.6586
10.6581
10.6027
10.5058
10.5277
10.4097
10.4013
10.2662
10.0537
8.0107
17.8913
15.5473
11.0851
9.74099
10.7943
10.7131
10.6611
10.5874
10.4902
10.5116
10.4408
10.3922
10.2448
10.3579
7.96276
16.6527
15.5068
11.5384
9.77696
10.3344
10.793
10.6611
10.6027
10.4842
10.5082
10.5142
10.3893
10.2398
10.2965
7.9572
14.0482
15.4552
12.5733
9.73563
9.60704
10.7876
10.6734
10.6238
10.4779
10.5058
10.5168
10.4045
10.2608
10.2573
8.02755
11.5995
15.5691
13.751
10.5335
10.2255
11.1492
10.6893
10.6177
10.4689
10.4842
10.5954
10.4071
10.2729
10.258
8.16548
9.79815
15.8578
15.0127
10.8956
10.5398
12.2599
10.716
10.6395
10.4627
10.4812
10.5981
10.4125
10.3415
10.2397
8.28055
8.62475
16.2734
16.2266
10.9352
10.2868
11.8031
10.728
10.658
10.4474
10.46
10.5457
10.4226
10.4191
10.2152
8.73427
8.34366
16.8647
16.5991
10.9015
10.0358
10.7034
10.734
10.6611
10.4499
10.4384
10.5551
10.4291
10.4311
10.2032
9.84702
8.29748
16.7895
16.8695
11.2459
10.4229
10.1648
10.7337
10.6612
10.4534
10.4413
10.5148
10.4472
10.4566
10.2251
10.3133
8.40426
16.2618
16.6364
12.0245
10.8147
10.4443
10.7308
10.6795
10.5017
10.4413
10.4994
10.5078
10.4524
10.2396
10.2924
8.54301
14.6688
15.9681
13.0044
10.8395
10.4784
10.7886
10.6764
10.5629
10.4444
10.4964
10.5686
10.4656
10.2335
10.2214
8.73808
11.8661
15.6502
14.0217
10.8996
10.1796
10.7801
10.6996
10.5688
10.4384
10.4753
10.5811
10.4591
10.2637
10.2005
8.80657
10.1418
15.7553
15.1219
10.9311
9.93952
11.1363
10.7249
10.627
10.4384
10.4537
10.5794
10.4537
10.257
10.1938
8.7585
9.03837
16.1054
16.1495
10.9843
9.92551
10.3477
10.59
10.6548
10.4353
10.4507
10.5332
10.4659
10.3482
10.2067
9.0896
8.93165
16.4892
16.9813
11.0992
10.1832
9.98788
10.1335
10.6548
10.4381
10.4353
10.5054
10.4654
10.4678
10.2277
10.2399
9.10522
16.9187
16.9473
11.5469
10.1433
10.1369
9.77929
10.6611
10.4654
10.4353
10.4902
10.4746
10.4592
10.2248
10.3045
9.118
17.025
16.6769
12.6716
10.2586
10.1705
9.24157
10.6604
10.4654
10.4321
10.4599
10.4684
10.45
10.2218
10.2462
9.05024
14.8575
16.5404
13.8325
10.4104
10.1319
8.6993
10.6611
10.5138
10.4321
10.4354
10.4899
10.4444
10.2217
10.2339
9.18943
12.1268
15.9726
14.8613
10.7702
10.1113
8.08756
10.6581
10.5779
10.4169
10.417
10.5172
10.435
10.2548
10.2245
8.92728
10.1081
14.6426
15.8837
10.837
10.157
7.332
10.3904
10.5779
10.4138
10.405
10.5122
10.429
10.3302
10.2091
8.17142
8.58015
13.15
16.4588
10.8316
10.1463
6.98797
10.0378
10.627
10.4259
10.3981
10.5088
10.423
10.3333
10.194
7.5474
7.23192
11.8002
16.6118
10.9848
10.122
6.83749
10.0079
10.6428
10.429
10.3955
10.4511
10.426
10.4193
10.1846
8.62632
6.79536
10.4013
16.9403
11.5899
10.1031
6.78619
9.97552
10.6369
10.4381
10.4014
10.4234
10.4258
10.4233
10.1788
9.65286
6.81123
8.51024
15.8652
12.6454
10.1207
6.83273
9.98277
10.4609
10.4654
10.4047
10.4264
10.4351
10.4259
10.1756
9.70525
7.37008
8.29006
13.0022
13.9712
10.3483
6.98341
9.97903
10.1557
10.4654
10.4106
10.4076
10.435
10.426
10.2056
9.82671
8.02589
9.21825
11.1129
15.3219
10.5266
7.03224
10.0824
10.1373
10.5169
10.4259
10.4079
10.4532
10.4259
10.218
10.1878
8.13199
9.55261
10.4554
16.6168
10.5432
6.85356
9.71982
10.1508
10.581
10.429
10.4138
10.4716
10.426
10.3029
10.1913
7.90934
9.31063
9.95135
17.5788
10.4841
6.67082
8.71294
10.1673
10.5779
10.4321
10.4169
10.462
10.4262
10.3763
10.2003
7.73926
9.16654
9.34649
17.5779
10.4564
6.82107
7.44097
10.1988
10.4116
10.4321
10.4263
10.4807
10.429
10.3764
10.207
7.75806
8.85985
8.97854
15.7073
11.1457
7.22032
6.59888
10.2491
10.2501
10.4321
10.4321
10.4659
10.429
10.3897
10.2249
8.03466
8.7298
8.94274
12.8485
12.3321
7.69166
6.24704
10.2684
10.2947
10.4442
10.4321
10.4444
10.4321
10.3833
10.2462
8.64293
8.47665
8.94728
10.7004
13.7085
8.28984
6.14379
10.4099
10.301
10.4712
10.4321
10.4384
10.4321
10.377
10.2699
9.91383
8.76052
8.71664
10.0028
15.1658
8.76926
5.99225
10.6053
10.3133
10.4654
10.4321
10.4321
10.4321
10.374
10.3095
10.2429
8.63153
8.37874
9.30461
16.3103
8.56484
5.70566
9.97152
10.3554
10.502
10.4321
10.4321
10.4321
10.3952
10.3179
10.252
8.49186
8.41374
8.50851
15.8158
8.34945
5.203
9.00074
10.3486
10.4304
10.4321
10.4321
10.4321
10.3955
10.3681
10.2518
7.89629
8.60564
8.38322
13.3905
8.57805
4.64827
7.80214
10.3807
10.3764
10.4321
10.4321
10.4321
10.4196
10.365
10.2609
7.22009
7.1838
8.15161
10.844
9.15282
4.27973
6.43068
10.4149
10.3642
10.4321
10.4321
10.4321
10.4321
10.365
10.2581
7.59882
6.88287
7.99823
9.95478
9.93983
3.95588
5.54717
10.6119
10.3487
10.4321
10.4321
10.4321
10.4321
10.3654
10.2702
8.92797
7.16405
8.03276
9.71842
11.5096
3.625
5.49492
10.5072
10.325
10.4022
10.4321
10.4321
10.4321
10.3679
10.2824
9.60454
8.0334
8.13398
8.60678
13.5745
3.6223
5.35057
10.5297
10.3295
10.3211
10.4321
10.4321
10.4321
10.3589
10.3247
9.99483
8.8692
9.18562
8.99959
11.8951
3.49464
5.01809
10.4231
10.324
10.291
10.4321
10.4321
10.4321
10.3558
10.3705
10.2981
9.26129
10.1156
8.81066
9.73472
3.04956
4.56137
9.84655
10.4973
10.2812
10.4321
10.4321
10.4321
10.3558
10.3558
10.3043
9.54535
10.7194
8.50857
8.82939
2.7193
3.83226
8.85015
10.5649
10.2569
10.3747
10.4321
10.4321
10.3557
10.3558
10.3134
9.85252
11.6695
8.43633
8.50443
2.42005
2.75875
7.93499
10.5618
10.2582
10.242
10.429
10.4321
10.3434
10.3469
10.3226
9.99918
13.8271
9.72795
8.67806
2.43894
2.13501
7.34319
10.554
10.2442
10.2291
10.4259
10.4321
10.3432
10.3344
10.3285
10.003
14.0834
11.4477
9.29879
3.59213
1.87122
6.51909
10.5762
10.2981
10.2304
10.4167
10.4321
10.3343
10.3192
10.341
10.0861
12.7274
12.4506
10.5477
6.06568
1.71855
5.3138
10.5737
10.359
10.232
10.3551
10.4231
10.3494
10.3072
10.3529
10.1606
11.5306
12.7358
12.0271
9.14385
1.79157
4.50548
10.4216
10.4618
10.2467
10.2151
10.4139
10.3795
10.2948
10.3623
10.3057
10.7786
12.9444
12.8312
12.134
1.71166
3.51948
9.61211
10.4589
10.2474
10.2283
10.3986
10.3796
10.292
10.353
10.3497
10.501
13.386
13.0375
14.7101
1.6431
2.21746
8.06257
10.5008
10.3311
10.2121
10.3924
10.4074
10.2947
10.3406
10.3404
10.4198
13.9011
13.2079
16.1122
1.84325
1.50362
6.26155
10.5546
10.4209
10.2346
10.3833
10.4014
10.307
10.3435
10.3407
10.3719
14.2605
13.3429
16.0963
3.85964
1.27036
4.47992
10.4991
10.4913
10.1844
10.331
10.3926
10.3194
10.3409
10.3349
10.3685
14.6531
13.5542
15.7969
6.22251
1.16265
2.89728
10.4837
10.5045
10.2098
10.2089
10.3895
10.3345
10.3375
10.3404
10.3347
15.1569
13.8035
14.8313
7.87309
1.24723
1.87459
10.4083
10.5298
10.2433
10.2578
10.3895
10.3436
10.3469
10.3744
10.3436
15.4494
14.0928
13.7624
9.00898
1.31807
1.48436
9.63752
10.5671
10.2678
9.98649
10.3681
10.3679
10.3495
10.3534
10.3468
14.5836
14.3221
12.686
9.52954
1.40945
1.45266
8.02208
10.6293
10.4896
10.0474
10.3621
10.362
10.3498
10.3562
10.3555
13.0371
14.6105
11.5475
8.48372
1.5415
1.47684
6.35211
10.6333
10.5409
10.1041
9.98317
10.3559
10.3527
10.3527
10.3529
11.5784
14.7984
10.6965
7.44733
1.85126
1.49647
4.64409
10.5539
10.5538
10.1348
10.0383
10.3527
10.3527
10.3527
10.3681
10.7003
15.0081
10.0449
6.77633
2.87509
1.45595
2.9202
10.5206
10.5518
10.157
9.98317
10.353
10.353
10.3527
10.3805
10.3952
15.1764
9.37204
6.2474
4.003
1.49308
1.7892
9.98562
10.5545
10.5228
10.0349
10.3558
10.3677
10.3495
10.3869
10.401
15.2754
8.87457
5.97391
4.94045
1.53612
1.56621
8.44288
10.5582
10.2002
10.0004
9.98317
10.3622
10.3495
10.4015
10.4046
15.3866
8.59542
5.659
5.90609
1.74522
1.45138
6.95738
10.5588
10.5628
10.0319
10.0764
10.3558
10.3495
10.3899
10.4108
15.561
8.23863
5.3107
6.01544
2.27939
1.2107
5.56463
10.5927
10.5566
10.0857
9.98317
10.3558
10.3495
10.3565
10.4138
14.6119
8.11808
5.07962
5.69757
3.20003
1.11976
3.92482
10.4236
10.5474
10.1321
10.0318
10.3558
10.3527
10.3562
10.4159
13.1172
8.16203
4.90145
5.45939
4.20898
1.42859
2.74343
9.76447
10.5264
10.1691
9.98599
10.3558
10.3558
10.3527
10.4014
11.6192
8.11769
4.75718
5.24869
5.12779
2.00382
2.64551
9.09806
10.5047
10.5816
10.0502
10.3558
10.3558
10.3495
10.3865
10.7064
8.27769
4.73233
5.05587
5.85511
2.58612
2.87799
8.73157
10.2729
10.5737
10.11
9.98599
10.3589
10.3527
10.3807
10.3761
8.5213
4.76383
4.97652
5.99218
3.18842
3.25519
8.44067
9.37181
10.5333
10.1565
10.053
10.368
10.3526
10.3677
10.3763
8.6497
4.87612
4.90247
5.79931
3.92609
3.76067
7.87193
8.6669
10.546
10.1935
9.98599
10.3716
10.3527
10.3649
10.3671
8.91605
4.98945
4.95955
5.66389
4.80059
4.24912
7.17833
7.96186
10.5398
10.5733
9.82116
10.2528
10.3584
10.3678
10.3735
9.28974
5.09506
5.02063
5.56799
5.3182
4.65962
6.68242
6.89617
10.3377
10.5638
9.85899
9.85166
10.3553
10.3738
10.3794
9.49031
5.2632
5.05867
5.34602
5.60612
4.89594
6.53235
6.49871
9.38906
10.5512
9.92807
9.91658
10.3616
10.374
10.3793
9.96626
5.32341
5.06233
5.26761
5.85495
5.07527
7.0305
6.3633
8.27429
10.5482
9.98973
9.96887
10.3644
10.3774
10.3796
10.6562
5.3588
5.11428
5.2608
5.88699
5.14544
6.98011
6.13305
7.54951
10.5262
10.5005
9.62463
10.3892
10.3676
10.3824
11.37
5.43291
5.15822
5.22548
5.93118
5.29106
6.38335
6.11071
6.75574
10.5101
10.5455
9.63757
10.0357
10.3707
10.4069
11.5755
5.60488
5.16546
5.2723
5.9505
5.45507
6.0444
6.13214
5.96853
10.4401
10.5517
9.70354
9.90637
10.3911
10.4129
10.7194
5.669
5.20208
5.29013
5.82939
5.61331
5.90137
6.28777
5.85631
9.50244
10.5573
9.74467
9.91074
10.3836
10.4221
10.4037
5.88537
5.29575
5.33322
5.78307
5.79197
5.73035
6.67175
5.9242
8.32174
10.5606
9.81078
9.84291
10.3771
10.428
10.41
6.26874
5.35622
5.36853
5.76433
5.87267
5.78194
7.03712
5.99573
7.53742
10.5479
10.2172
9.84084
10.0775
10.4143
10.413
6.48472
5.43249
5.37781
5.64107
6.02638
5.84568
6.47679
5.941
6.85494
10.5268
10.5672
9.8854
9.79763
10.4104
10.4073
6.86447
5.55587
5.38713
5.60868
6.28301
5.85669
6.15848
5.87446
6.12236
10.4688
10.5602
9.92634
9.78698
10.3618
10.4135
6.96653
5.63776
5.38606
5.61946
6.39413
5.89619
5.94977
5.87088
5.90458
10.1849
10.5749
9.98031
9.70887
10.3554
10.4135
7.0582
5.79051
5.37632
5.58168
6.60681
5.93896
5.87971
5.91708
5.9236
9.24301
10.5786
10.1663
9.70171
10.3617
10.41
7.16566
6.03812
5.3834
5.58317
6.71352
5.99433
5.85165
5.71267
5.90283
8.06761
10.5817
10.5903
9.73987
10.3282
10.4013
7.21664
6.10764
5.43436
5.58705
6.60006
6.09514
5.80125
5.3826
5.55259
6.70956
10.5659
10.6005
9.77784
9.92128
10.3984
7.20678
6.33343
5.47771
5.51199
6.5496
6.2594
5.78039
5.15918
5.08146
5.43618
10.5928
10.6031
9.82239
9.87783
10.3868
7.71717
6.64337
5.54968
5.50162
6.53993
6.34903
5.85344
5.36783
4.7189
4.60781
10.6047
10.604
9.97757
9.88626
10.3767
8.56723
6.68561
5.73379
5.49562
6.30802
6.60152
6.01137
5.22297
4.56645
3.84
10.6281
10.6424
10.4865
9.82082
10.3677
9.09356
6.87178
6.02607
5.53893
6.20658
6.78886
6.04836
5.16103
4.35271
3.10654
10.3295
10.6521
10.5691
9.82559
10.3615
9.86966
6.96893
6.18383
5.60618
6.16307
6.84251
6.2273
5.42882
4.09493
2.51535
8.66583
10.6607
10.5939
9.83995
10.1396
10.3646
6.87675
6.41871
5.66363
5.88567
7.00976
6.35237
5.67513
3.76794
2.09619
6.86057
10.7
10.5907
9.84942
9.73999
10.3559
6.84337
6.44399
5.70323
5.73191
7.18453
6.40951
6.0256
3.76368
1.81402
4.8923
10.7372
10.6238
9.95112
9.74796
10.3527
7.21887
6.41539
5.70508
5.68038
7.27994
6.56383
6.20274
3.81031
1.67252
2.88133
10.865
10.6539
10.0665
9.73626
10.3405
7.61003
6.39149
5.85145
5.65604
7.49527
6.76692
6.29572
4.36919
1.63859
1.75863
11.0815
10.6631
10.4774
9.72896
10.3378
8.03855
6.39534
5.8586
5.66031
7.77461
6.85006
6.36977
5.17899
1.76187
1.62345
11.2235
10.7316
10.5167
9.80106
10.0071
8.64359
6.37615
6.06419
5.68212
7.58146
7.04209
6.42464
5.76268
2.10036
1.52169
11.3521
10.7988
10.5262
9.85315
9.61793
9.27487
6.44235
6.35361
5.60998
7.25035
7.27774
6.46994
6.26902
2.76413
1.45778
8.50532
10.8251
10.5602
9.88083
9.57736
9.66778
6.54282
6.35676
5.49515
6.91478
7.33179
6.53318
6.52384
3.56526
1.46674
5.77061
11.0109
10.5899
10.3198
9.5551
9.98042
6.59937
6.3985
5.36799
6.32931
7.43044
6.66631
6.55714
4.49617
1.54038
3.26488
11.4642
10.5993
10.3708
9.5218
10.03
6.95762
6.43368
5.29208
5.96481
7.60634
6.7338
6.60328
5.38348
1.54389
1.69138
11.7825
10.6298
10.3767
9.55517
9.57196
7.16558
6.47829
5.26133
5.67237
7.60561
6.90204
6.60885
6.01202
1.98515
1.6299
12.5463
10.7276
10.443
9.52489
9.53713
7.09426
6.4918
5.28665
5.27877
7.67424
7.14339
6.67387
6.59678
2.79764
1.70451
11.6526
10.7271
10.5254
9.5875
9.52319
7.27891
6.5988
5.31598
5.27102
7.74443
7.27228
6.78307
6.89541
3.61434
1.81748
8.82314
10.9387
10.5381
9.9635
9.49139
7.84359
6.57276
5.62369
5.23321
7.68102
7.48908
6.9092
6.91565
4.59865
1.80181
6.05483
11.6087
10.611
10.3464
9.49654
8.13826
6.49351
5.99716
5.17507
7.68698
7.42511
7.05285
7.06261
5.56915
1.7975
3.29721
12.2965
10.6273
10.3522
9.47929
8.81145
6.47169
6.26795
5.11261
7.18287
7.40546
7.28176
7.1935
6.18913
1.81632
1.89898
12.9013
10.6668
10.4248
9.53451
9.45427
6.52481
6.62489
5.11653
6.23407
7.43937
7.59145
7.29531
6.7266
2.68725
1.88663
13.7359
10.6928
10.5043
9.92333
9.44327
6.50296
6.66231
5.15578
5.55028
7.49188
7.59256
7.36538
7.28035
3.55031
1.85946
12.0786
10.7203
10.5165
10.2795
9.45145
6.50448
6.52171
5.1829
5.31018
7.52053
7.48414
7.39557
7.59605
4.61749
2.03361
9.06889
10.7501
10.5839
10.2854
9.44015
6.49218
6.52958
5.47532
5.1842
7.62404
7.29016
7.41625
7.5952
5.60014
2.11688
6.12829
11.2984
10.6235
10.2883
9.45145
6.80176
6.5402
5.8049
5.18633
7.6967
6.99369
7.45277
7.50651
6.13036
2.22214
3.38526
12.1387
10.6361
10.3249
9.45204
7.56204
6.65631
6.42945
5.20647
7.69591
6.70223
7.22994
7.50755
6.60027
2.31147
2.14426
12.8194
10.6574
10.3946
9.89113
7.85365
6.76999
6.9938
5.23961
7.32957
6.31527
6.82917
7.54506
7.09918
3.13117
2.21193
13.5291
10.6636
10.4096
10.2767
8.23591
6.80582
7.00398
5.29109
6.62931
6.02418
6.54781
7.56876
7.30127
4.19987
2.45701
14.4193
10.678
10.5072
10.2767
8.97377
6.84902
6.9845
5.35371
5.73503
5.818
6.4262
7.57566
7.8305
5.27712
2.59292
14.1704
11.1525
10.5839
10.2767
9.39839
6.94203
6.90712
5.42903
5.45567
5.64139
6.07454
7.59352
8.50825
5.997
2.71766
11.4555
12.0696
10.5806
10.2767
9.59528
7.13583
6.82263
5.79417
5.49108
5.46274
5.75725
7.35183
8.37104
6.39816
2.6976
8.50345
12.8636
10.6145
10.2944
9.92717
7.24096
6.78616
6.39041
5.55428
5.31588
5.32552
6.3745
8.02934
6.50557
2.70384
5.59657
13.6398
10.6087
10.2975
10.2767
7.63757
6.77961
6.73174
5.60956
5.41174
4.92608
5.36433
7.87448
6.40796
3.55801
3.33475
14.33
10.5872
10.3519
10.2764
8.25516
6.78374
6.72102
5.65499
5.48473
4.59552
4.78531
7.83635
6.57867
4.55767
2.88679
14.8679
10.8595
10.4255
10.2764
8.8309
6.93913
6.70176
5.75575
6.07626
4.84355
4.39444
7.77855
6.96997
5.30667
3.0368
15.3742
11.7126
10.4286
10.2763
9.37507
7.23153
6.6292
5.88767
6.26874
5.09669
4.29805
7.80276
7.11465
5.7228
3.07203
13.1847
12.721
10.4862
10.2732
10.0009
7.21689
6.59221
6.12258
6.06165
5.23069
4.35802
7.6549
7.64708
5.50412
3.21065
10.1219
13.6684
10.5135
10.2764
10.2354
7.10667
6.58666
6.28973
6.25047
5.49219
4.67342
7.21907
8.37981
5.31684
3.45449
7.23248
14.5226
10.5075
10.2982
10.2859
7.06715
6.603
6.67822
6.42478
5.79327
5.18287
7.14038
8.31484
5.20323
3.66408
4.8164
15.0539
10.6838
10.3248
10.288
7.05679
6.59312
6.62247
6.55225
6.10061
5.78157
7.29391
8.04579
5.10432
3.93517
3.95857
15.4691
11.3538
10.3336
10.2976
7.81307
6.6133
6.55948
6.6923
6.40245
6.33279
7.28905
7.90897
4.99924
4.91615
4.13409
15.801
12.4659
10.3732
10.304
8.71228
6.50339
6.52433
6.78353
6.73284
6.68519
7.29698
7.79483
4.91755
5.24022
4.22845
14.6337
13.6262
10.4384
10.3127
9.36193
6.27931
6.41515
6.69072
7.27736
6.88101
7.37848
7.78629
4.97803
5.07297
4.49055
11.8039
14.6587
10.4293
10.3312
10.1116
6.11064
6.26927
6.57893
7.15536
7.10481
7.28092
7.7464
5.06892
5.2273
4.80387
9.16167
15.6205
10.5214
10.3401
10.282
5.98416
5.92791
6.40316
6.9609
7.21436
7.30451
7.41429
5.81134
5.08824
4.97241
6.732
16.1629
10.8897
10.3431
10.2759
6.45955
5.78709
6.075
7.03583
7.34778
7.23084
7.17925
6.79085
5.17499
5.13352
5.2241
16.3881
11.8501
10.3649
10.2756
8.0718
5.54423
5.92593
6.90706
7.46982
7.18971
6.83231
7.04156
5.40102
5.46089
5.21006
16.6765
13.1695
10.4104
10.2693
8.77134
5.45151
5.75941
6.63294
7.63772
7.04435
6.53719
6.56215
5.20613
5.38207
5.24255
15.9309
14.4475
10.4344
10.2969
9.3528
5.28026
5.38185
6.42775
7.87274
6.91224
6.41682
6.29235
4.86053
5.322
5.38229
13.4785
15.7127
10.5079
10.3216
9.45683
5.35503
5.20276
6.19334
7.34942
6.79517
6.88386
6.10922
4.46018
5.20644
5.55826
10.9943
16.7585
10.6436
10.3216
9.40396
5.86399
5.13635
5.69115
7.06589
6.78208
7.16358
6.00215
4.14072
4.6119
5.6474
8.57242
16.7518
10.9138
10.3455
9.35604
7.06889
4.99007
5.3459
6.77029
6.87652
7.16334
5.94248
3.94881
4.25147
5.8302
6.57118
16.7752
11.9977
10.391
9.65505
8.71672
4.81404
4.95817
6.45491
7.028
6.97336
5.87571
4.08107
3.86144
5.47345
6.02565
16.865
13.3296
10.3879
10.1624
10.2562
4.81603
4.60403
6.0346
7.84592
6.99594
5.76097
4.60486
3.82497
5.07889
6.06032
17.0658
14.6554
10.4456
10.2787
10.3845
5.34491
4.43853
5.56451
8.05182
6.96127
5.58408
5.97307
3.95719
4.83328
6.18178
15.4615
16.0563
10.4803
10.2757
10.31
6.65045
4.26424
4.72108
7.34824
7.04763
5.40936
6.55992
4.20178
4.768
6.3539
13.1275
17.0784
10.5048
10.3152
10.2816
8.77926
4.0417
4.09102
6.65391
7.28339
5.60571
5.73475
4.61645
4.64953
6.57577
11.0488
17.3578
10.8054
10.3459
10.2911
11.138
4.0343
3.91202
5.68747
7.658
6.6813
5.32488
5.05524
4.46115
6.81368
8.95086
17.3774
11.7096
10.3487
10.3065
13.3474
5.13405
3.77644
4.74807
8.03274
7.14087
5.26472
5.32966
4.24526
6.23983
7.42649
17.3848
12.9258
10.3728
10.3244
14.4514
6.83689
3.64632
3.8445
7.48481
6.53231
5.47381
5.41954
4.05807
5.02114
7.31002
17.3997
14.3558
10.4096
10.33
13.1367
9.0551
3.68503
3.31152
6.16809
5.89052
5.75453
6.06675
3.94839
4.19006
7.58206
17.2908
15.8002
10.4009
10.3422
11.6384
11.6438
4.53093
3.17027
5.05839
5.44483
6.03713
6.54002
3.88421
3.8854
7.70034
15.5189
16.8948
10.4562
10.3605
10.6445
13.9546
6.08886
3.46448
4.25165
5.17009
6.37596
6.9825
4.22703
3.81094
7.80386
13.594
17.563
10.7626
10.3729
10.408
15.5872
8.10827
4.20216
4.23671
5.09718
6.59744
7.61971
4.59598
3.71847
7.91713
11.4906
17.6712
11.6853
10.376
10.3821
16.7359
10.5033
5.61715
5.42108
5.3221
6.27592
7.79993
5.17451
3.59514
7.46708
9.5872
17.6925
13.1448
10.383
10.3884
17.4411
12.6796
7.53027
7.08645
6.3327
5.82913
7.23539
5.62298
3.49712
6.41154
8.56635
17.6776
14.5007
10.3738
10.3887
16.1876
14.3382
9.29847
8.68236
7.48861
6.19497
6.99783
5.78536
3.45133
5.34117
8.18119
17.6184
15.8686
10.392
10.3497
14.596
15.727
10.9299
10.027
8.0041
6.9186
6.94153
6.28964
3.42086
4.17521
8.08362
17.2789
17.2467
10.4642
10.3277
13.2226
16.8739
12.4126
10.8743
8.57488
7.5934
6.88482
6.96574
3.37839
3.55738
8.01474
15.3149
17.6361
10.5369
10.2958
11.7389
17.7235
13.7563
11.2543
9.33436
8.0768
6.93014
7.50255
3.40018
3.34337
8.07636
13.3736
17.4963
11.5534
10.2976
10.7464
17.9969
15.0066
11.775
9.90886
8.3762
7.02865
8.36481
3.8714
3.31795
8.12504
11.3471
17.5457
13.1005
10.3527
10.4604
17.9078
16.3308
12.585
10.7185
8.49135
7.16373
8.42655
4.42441
3.31398
8.08744
9.3912
17.6178
14.5313
10.3513
10.4049
17.6121
17.4388
13.6309
11.8644
8.51586
7.29174
7.76194
5.1382
3.35387
7.44899
8.54106
17.6908
15.9927
10.3266
10.3585
16.6647
18.0816
15.0024
13.0506
8.60422
7.41985
7.58102
6.08339
3.49197
6.46752
8.44761
17.7575
17.3592
10.3238
10.3741
15.2377
18.0589
16.3634
14.1994
8.84314
7.71668
7.60515
7.16264
3.67798
5.64798
8.29895
17.1125
17.9618
10.4082
10.3305
13.676
17.9445
17.4357
15.5285
9.98168
8.45895
7.78979
8.55888
3.92791
4.70222
8.50456
15.3579
18.1875
11.1489
10.3624
12.2973
17.798
18.1668
16.816
11.9617
8.65939
7.88841
9.84882
4.20809
4.35363
8.6158
13.4815
18.2345
12.572
10.3874
11.0967
17.7243
18.2193
17.8346
13.8633
8.58201
7.93733
10.3808
4.84801
4.48884
8.59471
11.7185
18.1601
14.2097
10.4181
10.5486
17.4177
18.1006
18.4052
15.937
8.49196
7.90377
9.73665
5.99449
4.77202
8.55691
10.0975
18.2496
15.7366
10.419
10.4849
16.1483
17.9894
18.416
17.8242
8.40666
7.85727
8.96405
6.99161
5.08054
8.54035
9.00179
18.2143
17.0823
10.4103
10.4413
14.5991
17.8925
18.2167
18.4937
9.03305
7.71914
8.00272
8.03339
5.40007
8.50644
8.7335
18.1425
18.001
10.4989
10.4387
13.3649
17.7859
18.0696
18.4308
10.2743
7.54152
7.59345
8.99415
5.86091
8.1598
8.57569
16.7752
18.274
10.7878
10.4496
11.9622
17.7198
17.9777
18.3352
10.9046
7.4804
7.33655
8.7184
6.40254
7.65774
8.53444
14.8192
18.3809
12.0108
10.4257
10.7901
17.6945
17.9268
18.2575
11.8318
7.76325
7.1886
8.48258
6.89105
7.19777
8.59536
13.0062
18.4452
13.6504
10.4508
10.6281
17.6232
17.8613
18.2564
13.3743
7.90855
7.15567
8.44148
7.27847
7.38703
8.63798
11.1436
17.8921
15.1735
10.4434
10.697
17.3785
17.8508
18.2629
14.62
8.48716
7.22742
8.06286
7.61839
7.57397
8.67298
9.60495
16.0299
16.773
10.4369
10.5063
17.3406
17.7964
18.2209
15.401
9.84155
7.38245
8.06306
7.58679
7.54351
8.7084
8.91783
13.1176
18.0985
10.4411
10.4799
17.2272
17.7566
18.1726
16.3427
11.5179
7.58752
8.19773
6.99043
7.32047
8.79118
8.08697
10.0743
18.1753
10.5135
10.4811
17.0911
17.7567
18.143
17.1558
13.3868
7.80551
8.00822
6.36488
6.80541
8.90834
7.27741
7.5335
16.2862
11.0525
10.5208
16.497
17.6882
18.1536
17.7219
13.1457
7.9756
8.03047
5.84185
6.01249
9.05765
6.10684
5.7796
13.1298
12.3352
10.5486
15.4585
17.5207
17.947
17.8311
11.9595
8.15431
8.06668
5.48053
5.54964
9.29209
6.3023
4.65446
9.84934
14.043
10.5628
14.0622
16.9318
17.8075
17.6022
10.9389
8.76486
8.14745
5.43015
5.31219
8.24953
7.5233
3.73298
6.7347
15.7617
10.5444
12.7561
15.9525
17.7691
17.1088
10.4177
9.3104
8.28825
5.82318
5.25246
7.18028
8.75014
3.16128
3.77377
17.4258
10.5168
11.3907
14.9925
17.647
16.4511
10.1972
9.85941
8.45595
6.26502
5.22399
6.35984
9.44087
2.57772
2.39202
15.2178
10.4564
10.5952
14.2081
17.6075
15.9536
10.2587
10.6212
8.56734
7.16428
5.13693
5.39691
9.7069
2.77534
2.14121
11.8499
10.4265
10.4285
13.5183
17.6018
15.5998
10.5146
11.6198
8.78115
8.44366
4.96024
5.0109
9.80663
3.16403
1.92096
8.40157
10.9493
10.4257
13.4309
17.5062
14.3858
10.5108
11.0971
9.05865
8.9354
4.80977
4.73406
9.2457
3.95138
1.76535
4.99421
12.2947
10.4302
13.4371
17.1852
12.2955
9.90845
10.9425
9.4679
9.06279
4.73384
4.38995
7.87219
5.1423
1.75371
2.41209
13.8919
10.4097
13.037
16.7946
10.6298
9.43764
10.8307
9.88668
9.25081
4.6606
3.96455
6.51183
6.29086
1.74651
1.79281
15.608
10.412
12.3681
16.3475
9.82251
9.21555
10.4524
10.441
9.46174
5.17754
3.70295
5.06667
7.53035
1.86446
1.81609
14.3607
10.4634
11.8164
15.9157
9.76941
9.01581
9.93695
10.8511
9.53317
6.19615
3.5629
4.26845
8.64017
2.18337
1.9195
11.211
10.4899
11.0922
15.4834
10.8879
8.58845
9.59497
10.9981
9.63156
7.28776
3.6386
4.06827
9.15401
2.47487
2.01955
8.03601
10.5157
10.5724
15.0778
13.3466
8.5879
9.3516
11.2368
9.82221
8.66906
3.80081
3.94945
9.38239
2.78237
2.05678
4.87893
10.9337
10.5165
14.7256
15.0658
8.68501
9.38914
12.1198
10.0342
9.65326
4.06642
3.90304
9.51655
3.20208
2.01654
2.96379
12.2064
10.5224
14.3599
14.6419
8.74356
9.47763
13.0945
10.5408
9.70824
4.30769
3.85653
8.14169
3.86918
1.9048
2.37049
13.9148
10.5298
