4.70348
7.32193
7.00946
3.64371
4.05297
4.44388
5.36305
5.43052
6.48603
4.65616
7.59511
9.21684
4.29007
3.5629
3.64366
4.52019
7.47217
7.2318
3.61897
3.88262
4.34443
4.98381
5.48803
5.98569
4.79251
6.45185
9.3819
4.43544
3.44522
3.5699
4.62154
7.60558
7.20863
3.6173
3.68234
4.32484
4.88302
5.57863
5.46756
5.02785
5.89422
9.27537
5.01605
3.27829
3.31877
4.61449
7.4779
7.21175
3.86562
3.61085
4.31112
4.64086
5.81264
5.48287
5.36273
5.66246
9.24144
5.9249
3.08559
3.13986
4.6796
7.48183
7.23075
4.19688
3.61641
4.30431
4.49911
5.82647
5.41673
5.69853
5.76867
8.95925
6.77622
2.92277
2.94327
4.72957
7.03765
7.24343
4.97016
3.63132
4.28176
4.47472
5.35057
5.4475
6.09193
6.02654
8.33108
7.60996
2.91205
2.83024
4.74772
5.67167
7.24675
5.80961
3.63071
4.26982
4.39006
5.02857
5.42998
5.5173
6.25431
7.92598
8.02172
3.087
2.75771
4.78243
5.12708
7.23758
6.39957
3.59852
4.18763
4.34166
4.93399
5.71167
5.47101
6.32203
7.49479
7.83804
3.62343
2.62985
3.85598
4.79304
7.22772
6.93687
3.58281
3.92082
4.3471
4.70409
5.70403
5.53091
6.27575
6.76333
7.71979
4.22335
2.75415
3.16277
4.77545
7.33479
7.19743
3.54464
3.71714
4.30755
4.54806
5.43365
5.39679
5.76398
6.44978
7.60629
4.79746
3.1948
2.93312
4.72525
7.50499
7.22295
3.56771
3.53097
4.26856
4.50804
5.073
5.25604
5.26737
6.06181
7.3657
5.20459
3.74499
3.30451
4.66187
7.62928
7.20915
3.87655
3.52098
4.24646
4.46763
4.89126
5.32999
5.05009
5.70948
7.15713
5.41093
4.32537
3.79435
4.55606
7.90503
7.19452
4.26307
3.50233
4.22452
4.42635
4.81413
5.57619
4.86483
5.27402
6.58663
5.55564
5.0915
4.38386
4.3509
7.84923
7.17286
5.11081
3.48417
4.19489
4.40519
4.73156
5.31316
4.69757
5.02675
5.95717
5.54142
5.68579
4.95653
4.12308
6.24473
7.46747
5.94665
3.47841
4.17794
4.35234
4.63657
5.19316
4.55549
4.60767
5.59815
5.4639
5.39749
5.47723
3.87921
5.12352
7.58016
6.50127
3.4746
4.08728
4.30536
4.6356
5.05899
4.45281
4.50235
5.33224
5.15342
5.15138
5.8561
3.62103
3.89737
7.71836
6.9637
3.4602
3.77136
4.29614
4.56964
4.88789
4.56596
4.33357
5.2322
4.95974
4.86315
6.08776
3.50647
3.37208
7.89029
7.14515
3.45103
3.57896
4.27369
4.49108
4.81754
4.85213
4.36268
5.24908
4.789
4.68184
6.24266
4.14876
3.14854
7.96151
7.40719
3.50581
3.44057
4.24159
4.47611
4.72873
5.03996
4.38906
5.1415
4.54967
4.54714
6.31337
4.48887
2.97903
8.03765
7.5576
3.83327
3.3978
4.23193
4.3916
4.68432
5.12829
4.5071
4.82322
4.59494
4.52738
6.14893
4.58585
2.85628
8.42298
7.65145
4.27391
3.38606
4.15938
4.324
4.66112
4.9826
4.59194
4.67259
4.71013
4.66765
5.85721
4.79306
2.78064
8.72702
7.81194
5.08011
3.38959
4.1026
4.32311
4.625
4.872
4.62173
4.5952
4.89707
4.85821
5.4246
5.33934
2.71627
7.01822
7.78375
5.86034
3.40746
4.07305
4.27954
4.57034
4.85387
4.87966
4.61554
5.1116
4.77609
5.09899
5.84683
2.71331
5.37132
7.76471
6.60771
3.43776
3.94757
4.23465
4.53983
4.79336
5.00445
4.53674
4.8808
4.57972
4.8651
5.75687
2.71279
3.61345
7.79179
7.17221
3.44648
3.69657
4.23642
4.48319
4.71375
5.07124
4.65095
4.75443
4.63968
4.71798
5.48057
2.74882
2.78141
8.07515
7.56072
3.45908
3.55824
4.18699
4.43617
4.7009
5.03254
4.76203
4.74771
5.01732
4.91786
5.12036
3.40004
2.78375
8.20217
7.78841
3.52753
3.4559
4.07754
4.41173
4.62275
4.98319
4.99623
4.85238
5.29612
5.04748
4.85849
3.99942
2.78874
8.78486
7.85311
3.82384
3.46216
4.05043
4.3704
4.53711
4.97346
5.0528
4.86917
5.17379
4.84354
4.65242
4.30555
2.70188
9.40066
7.90095
4.99754
3.44665
3.96591
4.30448
4.52946
4.90595
5.06846
4.82501
4.8274
4.78818
4.59645
4.41459
2.65599
7.61057
7.90728
5.99573
3.34179
3.87477
4.27313
4.49519
4.81129
5.09653
4.84417
4.70783
4.75979
4.57697
4.88436
2.62392
5.36549
8.03885
6.96023
3.49862
3.86203
4.18769
4.46639
4.78378
5.12862
4.84616
4.58814
4.83473
4.61579
5.28428
2.70558
3.89449
8.0673
7.52071
3.33944
3.78957
4.07511
4.48196
4.69324
5.10183
5.28116
4.55811
4.6918
4.66806
5.36021
2.78206
3.13396
8.50461
7.91127
3.80716
3.68955
4.04983
4.44331
4.59711
5.08339
5.26283
4.57919
4.57985
4.52887
5.15117
3.02498
2.8526
8.90974
7.87582
4.25927
3.62869
3.94253
4.36527
4.5816
5.00964
5.24466
4.68931
4.57985
4.26637
4.87648
3.94675
2.93632
8.57531
7.86851
5.07836
3.82888
3.8599
4.34028
4.53205
4.90323
5.27235
5.15541
4.5872
4.00402
4.7062
4.9328
3.10043
8.50424
7.88218
5.96826
3.82169
3.84439
4.2154
4.53054
4.89149
5.24249
5.29398
4.56866
3.93863
4.50921
5.52895
3.2667
8.98873
7.88938
6.92756
3.87784
3.84062
4.08116
4.51478
4.77606
5.16556
5.28297
4.62602
4.15156
4.38525
5.73638
3.38882
7.69272
7.81473
7.71965
4.20399
3.83711
4.03443
4.45757
4.67405
5.1502
5.27401
5.05033
4.47345
4.3169
6.09768
3.51236
5.72996
7.59276
7.59863
5.02911
3.83825
3.91358
4.36793
4.67698
5.09286
5.29135
5.44319
4.69718
4.54112
6.19915
3.62666
4.72179
7.42241
7.31977
5.84491
3.82522
3.82639
4.31626
4.59876
4.99879
5.28542
5.39599
5.1252
4.96943
6.16887
3.70431
3.80045
7.89196
7.28532
6.6791
3.83413
3.8327
4.14494
4.54858
4.97395
5.2237
5.39607
5.52273
5.42516
6.09872
4.28351
3.78418
8.40917
7.51584
7.42409
3.83466
3.82639
4.01326
4.541
4.85465
5.14742
5.36527
5.58273
5.7351
5.92925
5.32582
3.81264
8.76315
7.78908
7.95828
4.79029
3.82863
3.96797
4.45299
4.75401
5.1441
5.34162
5.51332
5.82006
5.79129
6.15907
3.9053
9.61587
8.00047
7.92371
5.64315
3.82639
3.84914
4.30986
4.72545
5.09861
5.32528
5.4134
5.6864
5.73732
6.13309
4.02818
9.11331
8.08805
7.93208
6.48355
3.80124
3.8267
4.2522
4.64515
5.02877
5.34252
5.36181
5.62073
5.79621
6.11493
4.0909
7.43188
8.5504
7.95008
7.28358
3.85735
3.81698
4.09017
4.56187
5.01103
5.30429
5.34721
5.47215
5.84096
6.04862
4.11554
5.84648
9.09261
7.9323
8.00293
4.1672
3.80124
3.94625
4.5184
4.91224
5.27851
5.34726
5.42683
5.84363
5.9741
4.13928
5.22261
9.46483
7.93738
7.99955
5.08672
3.80845
3.89093
4.3769
4.77764
5.22308
5.34714
5.43157
5.81758
5.83223
4.14648
4.36491
9.91416
7.95631
8.01349
5.9519
3.80753
3.83328
4.21659
4.74651
5.17285
5.35214
5.42232
5.77294
5.76448
4.58867
4.09543
9.90092
7.94966
8.02589
6.76459
3.86345
3.81128
4.15254
4.64773
5.16027
5.36433
5.42142
5.74721
5.73446
5.59514
4.06968
9.99815
8.04245
7.95258
7.53449
3.80748
3.81768
3.99888
4.56471
5.08625
5.31324
5.43014
5.71051
5.71112
6.24798
4.168
9.92713
8.36366
7.96229
8.0059
4.29101
3.81623
3.88231
4.52404
5.03199
5.3001
5.42674
5.61166
5.71159
6.20354
4.16145
10.0844
8.75922
7.98589
8.0179
5.2253
3.80759
3.84957
4.3908
5.02777
5.24039
5.40508
5.57996
5.73349
6.0777
4.12677
8.9254
9.41158
8.00086
8.0173
6.0794
3.80414
3.80294
4.238
4.94279
5.22176
5.42675
5.50887
5.74492
6.05922
4.19339
6.83496
9.84523
8.01572
8.05938
6.9132
3.78961
3.78903
4.17248
4.84102
5.22772
5.39869
5.45097
5.72089
5.88149
4.19365
5.70584
9.78281
8.03481
8.12392
7.8071
4.01237
3.77365
3.99541
4.85188
5.19038
5.35631
5.42059
5.66975
5.73691
4.1946
4.57345
9.6839
8.05865
8.08
8.08471
4.94866
3.75521
3.87808
4.74127
5.16379
5.35934
5.4133
5.54117
5.7022
4.56418
4.21355
9.66216
8.0518
8.08437
8.11831
5.88507
3.75311
3.83705
4.55464
5.19084
5.31652
5.39394
5.5042
5.68981
5.52635
4.2323
9.72204
8.31568
8.06037
8.13877
6.72956
3.72185
3.78095
4.49396
5.1112
5.29451
5.38668
5.41851
5.65949
6.1589
4.27387
10.1813
8.67387
8.06665
8.15792
7.52473
3.77503
3.7629
4.25069
5.00217
5.31891
5.40518
5.39195
5.66331
6.15266
4.26429
10.6177
8.90526
8.09954
8.21205
8.17614
4.26856
3.73403
3.97538
4.99567
5.31202
5.40824
5.39437
5.6323
5.9853
4.24801
9.09076
9.3225
8.11769
8.21085
8.17963
5.17151
3.67066
3.8774
4.80833
5.30522
5.39621
5.41404
5.55475
5.95215
4.18755
7.09679
9.22495
8.12323
8.21669
8.18527
6.10083
3.65234
3.68796
4.59326
5.32063
5.39597
5.42779
5.53027
5.75963
4.15897
5.74151
9.13683
8.12204
8.16848
8.1876
6.96093
3.73203
3.59479
4.45838
5.28947
5.38674
5.42833
5.46206
5.61241
4.12758
4.39344
9.46898
8.21323
8.12546
8.19082
7.75066
3.85353
3.56471
4.2166
5.20547
5.39012
5.40204
5.45527
5.57315
4.57339
4.09548
9.95613
8.26532
8.13008
8.19122
8.16362
4.41166
3.52199
3.92979
5.18734
5.41059
5.39259
5.44219
5.48862
5.54448
4.11841
10.181
8.60752
8.12815
8.1885
8.18523
5.30702
3.51272
3.82601
4.96982
5.37262
5.38961
5.44327
5.46093
6.08317
4.09608
10.7872
8.76992
8.10343
8.1891
8.19355
6.23131
3.51753
3.63137
4.66354
5.34894
5.38649
5.43088
5.41532
5.9918
4.06671
9.61942
8.76523
8.07866
8.10951
8.18607
7.09133
3.52903
3.53101
4.48331
5.30751
5.37796
5.46798
5.39472
5.80887
3.95253
7.51898
9.22355
8.07906
8.07058
8.18339
7.92279
3.5772
3.53636
4.18706
5.21156
5.37478
5.43714
5.361
5.77273
3.81821
5.3991
9.88715
8.07283
8.07639
8.17942
8.20321
4.6471
3.57061
3.89182
5.16851
5.37166
5.39095
5.34258
5.53765
3.81487
4.3481
10.3721
8.17541
8.06365
8.16174
8.20033
5.60399
3.55798
3.77465
4.93528
5.36863
5.37539
5.32378
5.35263
4.0454
3.84556
10.8949
8.43148
8.05734
8.14081
8.19197
6.51836
3.5434
3.58017
4.5987
5.37788
5.36275
5.32051
5.3217
4.53102
3.93787
11.2221
8.64977
8.03643
8.11023
8.17394
7.35012
3.56914
3.49364
4.36138
5.37577
5.34481
5.42044
5.30079
5.46409
3.88506
11.1708
9.21768
8.03257
8.08243
8.15528
8.06007
4.2141
3.44522
4.04057
5.26183
5.35051
5.49909
5.2877
5.84755
3.98488
11.0887
9.9152
8.04824
8.07687
8.14903
8.06622
4.72972
3.39321
3.68707
5.20959
5.34109
5.42247
5.28443
5.69601
4.08997
10.3108
10.4134
8.07738
8.06071
8.12545
8.06131
5.696
3.34445
3.53722
4.93922
5.35026
5.43084
5.27823
5.50951
4.043
8.49539
10.9681
8.27469
8.07383
8.10978
8.03583
6.62208
3.30378
3.32606
4.57588
5.36454
5.38975
5.29058
5.51813
3.96636
6.71861
11.3495
8.63324
8.07851
8.08202
8.01417
7.48045
3.45573
3.27052
4.28007
5.41327
5.39552
5.29652
5.39367
3.93492
5.36763
11.7187
9.35292
8.06989
8.06661
7.99346
7.63032
3.54932
3.19437
3.88797
5.31599
5.45089
5.36582
5.31823
3.99943
4.21298
11.6033
10.0112
8.07609
8.03829
7.97838
8.05546
4.52184
3.12034
3.38886
5.2817
5.47217
5.37212
5.33974
4.38571
3.90157
11.405
10.592
8.08358
8.03678
7.97799
7.99806
5.52796
3.03297
3.16177
5.07592
5.48456
5.46563
5.37062
5.29718
3.48191
10.4094
11.0714
8.14186
8.05338
8.00501
7.99355
6.48218
3.01195
2.93956
4.77364
5.53078
5.48426
5.37563
5.68206
3.05945
9.71651
10.9362
8.17857
8.03931
8.01091
7.9943
7.31874
3.08485
2.86295
4.52846
5.51024
5.49039
5.36924
5.65803
3.0613
8.04968
10.9882
8.57194
8.04272
8.05151
7.99697
8.02398
4.35911
2.80882
4.1413
5.39157
5.47372
5.36651
5.64913
3.55128
5.82676
10.7406
9.00005
8.05492
8.08728
7.98718
8.03614
5.4202
2.71758
3.45665
5.34499
5.44962
5.36974
5.66016
3.79077
4.65754
10.6641
9.47167
8.0496
8.07322
7.99605
8.04495
6.4177
2.71854
3.08089
5.15203
5.44334
5.36066
5.53372
3.74053
4.29488
10.7118
10.0375
8.08458
8.05538
8.00879
8.04781
7.31795
2.72929
2.81762
4.94222
5.41388
5.36077
5.40171
3.66983
3.59397
10.687
10.4152
8.11786
8.03149
8.04566
8.09041
8.06306
3.62678
2.78334
4.9212
5.5668
5.35407
5.40523
4.20935
3.63589
10.0261
10.5319
8.41774
8.02815
8.09127
8.10934
8.06941
4.31784
2.68528
4.76871
5.43897
5.33994
5.34852
5.10492
3.73132
9.99096
10.379
8.82403
8.02156
8.09348
8.14587
8.08148
5.44569
3.02653
4.43913
5.42291
5.34609
5.35402
5.73426
3.76341
10.0333
10.6001
9.23897
8.03359
8.06083
8.18175
8.09423
6.56862
2.99842
4.16642
5.26402
5.34863
5.33539
5.75468
3.75691
9.22976
10.849
9.78105
8.03315
8.06454
8.21339
8.10314
7.59979
3.67332
3.90379
5.17304
5.35154
5.31442
5.64367
3.79097
7.81818
10.2698
10.4013
8.03265
8.05072
8.22552
8.1152
7.78771
3.70734
3.63239
5.16659
5.35704
5.30178
5.63164
3.81273
6.16167
9.96778
10.4446
8.22475
8.04585
8.2557
8.14438
8.10841
4.47064
4.3916
5.03047
5.35906
5.28389
5.43291
3.80825
5.15288
10.1719
10.3476
8.33086
8.06219
8.25308
8.15742
8.11857
5.42073
4.32112
4.9587
5.4334
5.27145
5.27918
3.88358
4.19738
10.4102
10.6762
8.83274
8.11251
8.21695
8.22685
8.11818
6.48671
4.86152
5.00078
5.4894
5.27085
5.26699
4.31329
3.93321
10.6369
11.0114
9.46895
8.14739
8.22925
8.29427
8.11535
7.47132
4.75676
4.95767
5.29726
5.31556
5.23615
5.23057
3.89814
10.7859
10.7475
9.85642
8.23847
8.21247
8.32459
8.12442
8.12382
5.18644
5.01834
5.27868
5.32601
5.20658
5.6945
3.84714
10.839
10.7595
10.3877
8.43921
8.27049
8.35355
8.15088
8.12694
5.74412
4.93806
5.14672
5.31135
5.18249
5.61497
3.81554
10.0572
10.8274
10.5342
8.65877
8.28975
8.3464
8.16945
8.13324
6.37875
5.00655
5.07088
5.34347
5.15701
5.49359
3.90408
8.05194
10.6248
10.6311
9.32683
8.32557
8.33193
8.25471
8.13899
7.07709
4.91254
5.07065
5.35878
5.13685
5.49058
3.91089
6.27803
10.8259
11.0617
10.0008
8.31999
8.32404
8.35765
8.14176
7.95268
5.34537
5.05191
5.34703
5.10637
5.30122
3.89537
5.27566
10.9718
11.199
10.4552
8.39328
8.33256
8.36797
8.15465
8.16689
5.94433
4.93971
5.31958
5.10061
5.14244
3.91502
4.26576
11.1052
11.3111
10.7187
8.63516
8.34679
8.39657
8.17556
8.16341
6.50363
5.06412
5.1967
5.10585
5.13307
4.28211
3.92208
11.1156
11.293
10.9059
8.95471
8.34763
8.3757
8.19058
8.17586
7.09782
4.9326
5.11381
5.18775
5.09326
5.1871
3.89059
10.5949
11.2074
10.956
9.54816
8.3625
8.35131
8.24867
8.18215
7.71875
5.23073
5.12184
5.26218
5.09764
5.69381
3.8086
9.84491
11.3219
10.9628
10.0997
8.39565
8.35353
8.31018
8.188
8.03392
5.41996
5.00258
5.25327
5.10934
5.6175
3.68347
8.86619
11.3317
10.8454
10.3073
8.66308
8.35395
8.30978
8.19394
8.13522
6.00108
5.10307
5.29231
5.08758
5.46039
3.5208
6.73169
11.5197
10.7108
10.4469
9.03942
8.33813
8.33366
8.21244
8.14796
6.49762
5.02708
5.20878
5.09155
5.44822
3.52414
4.7219
11.5385
10.7379
10.5932
9.41081
8.32975
8.34155
8.22121
8.19732
7.05875
5.23398
5.10837
5.10353
5.24622
3.68792
4.20905
10.7827
10.6597
10.478
10.0211
8.41223
8.32281
8.26101
8.19465
7.49054
5.05821
5.02558
5.09675
5.09317
3.76139
3.8262
9.83886
10.6631
10.4396
10.4003
8.52707
8.31349
8.30973
8.19103
7.91189
5.65017
5.15331
5.07927
5.10223
4.23394
3.77419
9.4463
10.8728
10.4956
10.385
8.87012
8.31893
8.30983
8.188
8.03124
6.35599
5.05951
5.1808
5.08301
5.13541
3.78684
9.23831
11.1666
10.5489
10.4342
9.25879
8.3288
8.31334
8.1882
8.03054
6.86087
5.19231
5.22729
5.0808
5.61511
3.80583
9.16899
9.77415
10.6631
10.3098
9.59856
8.3955
8.3136
8.18815
8.09864
7.4537
5.09401
5.18009
5.09035
5.51184
3.80901
8.86182
8.89206
10.6397
10.1866
10.1156
8.59987
8.30353
8.18769
8.13838
7.91645
5.7673
5.21749
5.08558
5.35017
3.80271
8.91804
8.68646
10.6764
9.93911
9.88055
8.77433
8.29829
8.22126
8.12323
7.92592
6.33728
5.11877
5.06086
5.3412
3.80301
8.97351
8.47552
10.6645
9.88536
9.708
9.21743
8.29101
8.21164
8.1205
7.92894
6.94031
5.18075
5.04644
5.17589
3.80271
8.15439
8.25765
9.81121
9.69976
9.57771
9.58688
8.28569
8.23042
8.14236
7.92647
7.57469
5.1414
5.05888
5.05263
3.79994
6.20773
7.90187
8.55288
9.81345
9.47488
9.7178
8.45077
8.25436
8.13959
7.95204
7.93544
5.6605
5.0571
5.05486
4.21952
5.07
7.73811
8.0743
9.96271
9.36215
9.71124
8.81987
8.22129
8.13612
8.02495
7.94153
5.67725
5.17487
5.04882
5.1263
4.04046
7.73946
7.59364
10.1547
9.29552
9.31544
9.15514
8.2274
8.11772
8.03149
7.94708
6.17528
5.21349
5.06473
5.47707
3.79042
8.33328
7.61339
9.43431
9.30534
9.1486
9.44343
8.30671
8.11916
8.10806
7.95338
6.87813
5.23412
5.07008
5.40969
3.79389
9.06566
7.55398
8.32115
9.33364
9.05938
9.49201
8.37027
8.1488
8.16619
7.96562
7.36804
5.23634
5.07326
5.30907
3.79042
10.0508
7.32806
7.44361
9.44735
8.96834
9.4084
8.78898
8.15226
8.17853
7.97762
7.79406
5.45589
5.0795
5.31512
3.78754
9.89112
7.42181
7.06638
9.88802
8.86711
9.25805
9.20585
8.17091
8.20674
7.99333
8.04863
5.84973
5.09641
5.20831
3.77842
8.01957
8.33974
6.72302
8.85006
8.82605
9.11695
9.05897
8.19192
8.18061
8.01434
8.04506
6.354
5.10895
5.1127
3.7693
6.09267
9.69815
6.56744
7.53952
9.05463
8.96175
8.92197
8.28384
8.16521
8.04373
8.01111
7.01948
5.11177
5.1127
3.75636
4.97388
10.4665
6.43459
6.66332
9.11382
8.89127
8.70762
8.44004
8.15712
8.12009
8.0232
7.47276
5.12946
5.11177
3.74466
3.96556
10.464
6.86504
6.2425
9.35648
9.06126
8.53187
8.66481
8.14259
8.13834
8.03223
8.06445
5.41412
5.08394
4.16511
3.73539
10.3967
7.81892
6.21725
8.29787
9.33179
8.40837
8.38632
8.14053
8.17571
8.04159
8.07678
5.78404
5.09451
5.02038
3.7169
10.2836
9.4271
6.03831
6.90512
9.54115
8.30699
8.10323
8.16646
8.16354
8.05992
8.07158
6.30426
5.11227
5.49205
3.71101
10.2347
10.7753
6.03061
6.04431
9.76427
8.19342
7.92794
8.34887
8.16752
8.06563
8.04144
6.94626
5.15913
5.44234
3.69901
9.47966
10.7906
6.79173
6.03469
8.98172
8.27238
7.72844
8.28353
8.15765
8.0872
8.02894
7.58371
5.32432
5.35835
3.68692
7.73408
10.5619
7.95561
6.10957
7.91794
8.52885
7.54419
8.0062
8.1535
8.08755
8.01329
8.0035
5.69063
5.25301
3.67478
5.89666
10.3536
9.25965
6.12038
6.82788
8.58159
7.53882
7.72977
8.13406
8.09884
8.0349
7.99247
6.20074
5.31079
3.66254
4.83874
10.1653
10.2016
6.09114
5.97013
8.98076
7.48006
7.51588
8.15349
8.11753
8.04144
7.97696
6.75178
5.36306
3.65049
3.87357
10.1348
10.7901
6.27026
6.06257
8.53457
7.4833
7.56596
8.23106
8.09666
8.07545
7.96235
7.39404
5.41501
4.05859
3.63458
10.1008
11.1375
7.19772
5.72688
7.41497
7.48568
7.47921
8.05816
8.09064
8.06024
7.96502
7.79303
5.46412
4.91927
3.61638
10.0759
11.5694
8.69233
5.63811
6.56672
7.52837
7.35823
7.72405
8.10542
8.02662
7.95952
7.86927
5.65996
5.46427
3.60076
10.0575
11.4967
9.35747
5.90262
6.20124
7.68007
7.42822
7.41134
8.11303
8.00248
7.98023
7.87229
5.92039
5.48542
3.59179
9.35819
10.9141
9.95781
6.57489
6.46058
7.85021
7.22492
7.37415
8.10203
7.9894
8.00135
7.9278
6.37207
5.49134
3.57929
7.61865
10.6298
10.4699
7.59388
7.10071
7.7681
7.15108
7.17724
7.96236
7.97592
8.0802
7.96196
6.9413
5.5158
3.57965
5.79902
10.4222
10.7477
8.72865
7.69125
7.51209
7.00246
7.22262
7.67063
7.95075
8.01626
7.96508
7.42564
5.66015
3.59105
4.73708
10.1411
11.1279
9.276
8.08732
7.29157
7.08878
7.02577
7.48443
7.95045
7.94435
7.97399
7.79656
5.6753
3.59164
3.80634
10.1683
11.4906
9.49501
8.36896
7.3146
6.91752
7.1237
7.45462
7.94308
7.94508
7.98029
7.82694
6.10306
4.0591
3.61202
10.131
11.5786
9.71972
8.57061
7.62534
6.80171
7.0348
7.56938
8.15563
7.93594
7.98029
7.85166
6.66907
4.91963
3.60691
10.0721
11.4617
9.99308
8.71578
8.46266
6.73002
6.76169
7.57913
8.21447
7.95378
8.02564
7.86098
6.95462
5.65238
3.62148
10.0758
10.9437
10.1457
8.70642
8.77119
6.6235
6.71486
7.63389
7.91558
7.99915
8.09532
7.87948
7.55558
5.77606
3.61311
9.36288
10.3425
10.558
8.95171
8.66681
6.68514
6.62124
7.5971
7.60506
8.03986
8.10478
7.91224
7.84532
6.01468
3.62139
7.6485
10.0959
10.92
9.11709
8.57461
7.14268
6.69216
7.78667
7.53555
8.07427
8.14995
7.92428
7.86699
6.45367
3.61623
5.82942
9.90327
10.9962
9.52138
8.52268
7.78
6.89648
7.68791
7.53964
8.34954
8.12664
7.97093
7.8823
7.04343
3.83767
4.77749
9.76132
11.2515
9.88944
8.50701
8.67838
7.09977
7.5422
7.77003
8.50132
8.17961
7.99843
7.89127
7.34245
3.63383
3.84358
9.55527
11.3481
9.99504
8.5854
9.5322
7.34968
7.44081
7.91941
8.1923
8.2597
8.01697
7.90966
7.86982
4.65577
4.47455
9.39874
10.4186
10.2793
8.65846
9.97854
7.78195
7.56272
8.00267
7.97126
8.34937
8.07173
7.93687
7.86991
6.10211
3.76236
9.26379
9.73683
10.5787
8.80403
9.78645
8.42736
7.85421
8.2028
7.93903
8.40441
8.11139
7.95843
7.88245
6.88225
4.09023
9.17835
9.34448
10.6572
8.95825
9.4744
8.86697
8.13105
8.38209
7.9761
8.64482
8.11465
8.0134
7.88518
7.27742
4.70312
9.16799
9.14138
10.8877
9.11036
9.10673
9.34045
8.4312
8.54196
8.01287
8.53809
8.15424
8.06857
7.88839
7.80086
4.13718
8.23936
9.13759
11.0118
9.16783
8.97465
9.61175
8.69302
8.78538
8.04167
8.13129
8.1999
8.09275
7.90971
7.87547
3.88168
6.32638
9.15741
10.6538
9.46398
8.82523
9.75988
9.22368
8.95869
8.06814
8.09083
8.19718
8.13566
7.95819
7.87636
4.25907
5.21108
9.20354
10.3013
9.87086
8.78851
10.0472
9.78231
9.02878
8.09006
8.07097
8.22711
8.14197
7.96645
7.8701
4.71762
4.50781
9.21315
9.95791
10.0262
8.91427
10.3308
9.93123
9.04957
8.31587
8.10352
8.29801
8.14513
8.04958
7.85761
5.37812
3.85994
9.11062
9.39189
10.2402
8.97698
10.15
10.2051
9.01352
8.31123
8.04779
8.32886
8.16079
8.11678
7.842
6.21535
3.88174
8.97377
9.10807
10.4247
9.09699
10.1224
10.2943
9.14973
8.38979
8.04116
8.54801
8.17314
8.12575
7.83338
7.3683
3.90622
8.86404
8.79921
10.361
9.18018
10.0821
10.3368
9.73665
8.43797
8.01618
8.52487
8.17021
8.17959
7.86059
7.81777
3.919
8.97686
8.66501
10.224
9.2378
9.70571
10.3345
10.2273
8.47839
7.88488
8.15367
8.16804
8.18003
7.85732
7.8087
3.90591
7.45015
8.57068
9.96047
9.26996
9.55752
10.2826
10.4465
8.32825
7.98333
7.84147
8.17
8.17368
7.951
7.80334
3.88395
5.59474
8.48231
9.65507
9.22695
9.44659
10.2003
10.3297
8.5139
8.06838
7.68045
8.1907
8.16768
8.04625
7.80265
3.85554
4.48147
8.38397
9.29147
9.31015
9.21101
10.1562
10.1274
8.89691
7.896
7.63204
8.35152
8.13983
8.05522
7.7851
3.97013
3.83369
8.19241
8.95074
9.25096
9.20196
10.3407
10.0543
9.47556
7.81985
7.55386
8.61587
8.12077
8.14096
7.79621
4.6107
3.80622
8.06439
8.51085
9.47826
9.196
10.2264
9.89014
9.95855
7.60018
7.47117
8.17612
8.10307
8.22072
7.80538
6.19359
3.76216
8.02895
8.17676
9.42824
9.13871
10.3359
9.66417
10.4512
7.31974
7.42732
7.94828
8.07323
8.12327
7.89018
7.30431
3.71169
8.04037
7.95978
9.15364
9.0912
10.6449
9.39712
11.0775
7.02731
7.36677
7.78199
8.01215
8.08603
8.0067
7.74496
3.64621
7.80175
7.96823
8.97334
9.02828
10.5024
9.07995
11.3674
6.71926
7.06781
7.4943
8.04639
7.93985
8.04269
7.74133
3.59062
6.19705
8.02053
8.81154
8.92098
9.86404
8.75905
10.659
6.896
6.4522
7.26505
8.34425
7.89129
8.1441
7.78729
3.51994
4.5978
8.0568
8.83845
8.79724
9.36139
8.44138
9.98473
7.46458
6.21594
7.14875
8.00873
7.95103
8.20841
7.82089
3.51229
3.83232
8.0144
8.74388
8.70405
8.83155
8.21921
9.3137
8.39638
6.02052
7.19524
7.91158
7.97111
8.20252
7.91224
3.80128
3.50606
7.76409
8.62567
8.58979
8.68991
8.11685
8.42598
9.58116
6.25052
7.21935
7.66683
7.9535
8.19627
8.02127
4.59217
3.48415
7.07
8.10471
8.35741
8.59258
8.1033
8.10231
10.63
6.54779
7.32083
7.39549
7.96857
8.06468
8.04284
6.20593
3.27883
6.11185
7.72668
8.17694
8.50779
8.6757
8.17667
11.196
6.93962
7.37439
7.37795
7.99696
7.96828
8.14098
7.36205
2.99123
5.63616
7.05518
7.98977
8.52732
9.68387
8.25387
11.2172
7.47999
7.57226
7.26644
7.51272
8.06802
8.20802
7.8523
2.84699
5.08067
6.20855
7.82757
8.43129
10.351
8.28019
11.0196
7.81426
7.69622
7.17553
7.33379
8.12583
8.21125
7.90251
2.93203
3.93141
6.13195
7.80407
7.93482
9.43799
8.24016
10.2844
7.49669
7.3946
7.10549
7.12795
8.06745
8.20685
7.97622
2.97602
3.07692
6.77257
7.63988
7.67383
8.87432
8.25685
9.41313
7.43403
6.93853
7.20714
7.08121
8.11549
8.15534
8.00066
3.08435
2.85206
7.22153
7.74639
7.48234
8.12177
8.30717
8.88064
8.22666
6.6115
7.37783
7.08104
7.84164
8.14442
8.07401
3.68222
2.71755
7.64025
7.77539
7.24168
7.85882
8.47383
8.52406
9.19611
6.4771
7.71078
6.93853
7.50231
8.12185
8.15014
4.69849
2.79652
7.84368
7.81299
7.29835
7.62339
8.6806
8.62849
9.8396
6.48682
8.2069
6.9722
7.33093
8.14497
8.16546
6.33906
2.92532
7.90257
7.87792
7.37621
7.47264
9.31726
8.69358
10.7473
6.50132
8.12472
6.81958
6.93256
8.17014
8.20267
7.52283
3.31407
8.14509
7.87847
7.42006
7.21956
9.84421
8.56165
10.9331
6.36131
7.12067
7.14591
6.87831
8.15811
8.21194
8.03807
3.59083
7.66965
7.73616
7.62104
7.04302
8.52335
8.50864
10.7374
6.24509
6.55961
7.45134
6.83821
7.62967
8.14677
8.07376
3.65597
5.88563
7.53107
7.9539
6.87101
7.61462
8.56547
10.5354
6.368
6.33281
7.78913
6.7387
7.06196
8.13545
8.12887
3.61635
4.3401
7.26053
7.68463
6.75218
6.94558
8.73839
10.4228
6.99987
6.61216
8.395
6.62849
6.71506
8.11578
8.1381
3.50673
3.67474
7.19337
7.42775
7.06674
6.66263
8.89217
10.1227
8.38829
6.90139
8.97494
6.52742
6.45257
8.01698
8.14581
3.87386
3.36781
7.04712
7.26213
7.47942
6.52687
8.8235
9.57488
9.88806
6.97589
8.79598
6.83257
6.30951
7.94134
8.09791
4.72603
3.2977
6.72503
7.12582
7.8844
6.40257
8.80973
9.11073
10.4612
6.90892
8.04379
7.30526
6.19292
7.61692
7.99457
6.38178
3.2556
6.38394
7.07313
8.23761
6.48793
8.02889
8.36723
10.3048
6.91408
7.29466
7.86027
6.17505
6.80498
7.92471
7.55995
3.24665
6.00382
6.74865
7.87517
6.51292
7.15515
8.24992
10.182
7.11847
7.15655
8.50136
5.92908
6.40131
7.80561
8.05035
3.21964
5.75289
6.45664
7.492
6.5301
6.62573
8.24785
10.0659
7.60973
7.40454
9.0686
5.90835
5.99942
7.77203
8.09527
3.18187
4.61996
6.26864
7.18699
6.85381
6.67332
8.3029
10.0352
8.39223
7.62812
9.73646
6.28703
5.70498
7.44712
8.15951
3.13186
3.51539
6.07267
7.22479
7.71887
6.66811
8.28174
9.80791
9.25636
7.87698
10.3527
6.91757
5.66854
6.94813
8.09732
3.13463
3.21439
5.93734
7.57296
8.61262
6.75236
8.20276
9.17156
10.1427
8.11912
9.82162
7.75136
5.6113
6.24749
8.097
3.75736
3.19344
6.19778
7.77299
8.60138
6.96178
8.00308
8.63349
10.34
8.34507
9.15678
8.44233
5.4831
5.8902
8.00349
4.71067
3.29821
6.49828
8.11981
8.55707
6.93599
7.88545
8.11468
10.318
8.54578
8.78231
9.03681
5.39615
5.39268
7.89692
6.35725
3.34782
6.71298
8.20848
8.39872
7.02143
7.16038
7.79629
10.3346
8.90182
8.74999
9.64138
5.7955
5.27526
7.56471
7.53507
3.34464
7.13414
8.36011
8.3969
7.39068
6.73042
7.66737
10.2133
9.15525
8.89388
10.2496
6.2942
5.24367
7.00429
8.04108
3.32022
6.99661
8.39797
8.37485
8.54282
6.71462
7.47529
9.58045
9.62387
9.07486
10.5329
7.09021
5.23987
6.08346
8.10676
3.3722
5.93848
8.83417
8.56689
8.92778
6.88517
7.35527
8.73795
10.1266
9.34085
10.9431
7.88178
5.04173
5.65622
8.18702
3.50243
4.67961
9.64246
8.47241
8.90162
6.88371
7.3366
8.11283
10.3028
9.6532
11.3677
8.60352
5.0745
5.33404
8.09218
3.67483
4.09738
9.9676
8.51438
8.49967
6.77984
7.34309
7.63716
9.99876
9.99555
11.2288
9.29073
5.31621
4.91084
7.9201
3.9525
3.79867
9.92802
8.96134
8.41047
6.75413
6.80522
7.44407
9.6132
10.352
10.8335
10.0416
5.61411
4.77738
7.36366
4.72599
3.82907
9.6784
8.96624
8.54425
6.94642
6.87491
7.40573
9.09803
10.4857
10.8545
10.5179
6.20661
4.60425
6.38164
6.40022
3.79744
9.21447
8.90694
8.49263
7.52915
6.95419
7.52002
8.78743
10.1272
10.999
11.0629
6.81379
4.63678
5.49054
7.60862
3.76611
8.69493
9.16552
8.67196
8.62225
6.98086
7.73449
8.6232
9.55553
11.2547
11.6256
7.55925
4.59444
5.09213
8.02241
3.77277
8.36988
8.86588
8.85314
8.98168
7.07885
7.96267
8.34367
9.31067
11.3165
11.8871
8.35834
4.47946
4.46447
7.83563
3.84691
7.03962
8.73484
9.04205
8.73946
7.16088
7.51106
8.4217
8.89741
11.0387
12.25
9.18301
4.6414
4.49958
7.52507
3.92531
5.46997
8.57833
8.9474
8.6428
7.23982
7.2231
8.55132
8.64534
10.5906
12.4815
10.0568
5.18228
4.58998
6.79678
3.98171
4.59681
8.53043
8.96136
8.47057
7.82318
7.37196
8.76387
8.59151
10.1051
12.0254
10.766
5.38878
4.23537
5.97093
4.12584
4.02875
8.54308
9.01127
8.51314
8.64574
7.47363
8.87177
8.79343
9.65566
11.6168
11.3863
5.66423
3.99681
5.30574
4.8375
4.03756
8.63133
8.82821
8.2956
8.77146
7.68016
9.12624
9.16354
9.61506
10.9171
11.7414
6.70928
3.94552
4.65629
6.55871
4.06853
8.72595
8.76023
7.91475
8.54601
7.98353
8.89145
9.50895
9.51086
10.027
12.1692
7.53908
3.9922
4.1039
7.80672
4.10249
8.77819
8.76953
7.70454
8.47177
8.31945
8.44227
9.84024
9.39325
9.53212
12.5285
8.35171
4.22909
3.97166
7.37046
4.16485
9.05858
8.85301
7.22319
7.63
8.65294
8.43146
10.0267
9.29312
9.30863
12.4396
9.61631
4.90246
3.98659
6.57789
4.23648
8.0672
8.96056
6.92132
6.8662
9.28067
8.62644
9.8271
9.59341
9.31424
11.9217
10.5976
5.30587
3.96034
5.62847
4.26716
6.24632
8.99392
6.57345
6.42947
8.60595
8.79734
9.61524
10.0361
9.3255
11.0551
10.9891
5.88312
3.82177
4.65197
4.28227
5.03254
9.04937
6.15507
5.9057
8.12976
8.93264
9.24152
10.6518
9.10542
9.87474
11.3997
6.65643
3.64992
4.05613
4.33796
4.25941
9.03623
5.92586
5.20608
7.56025
8.86652
9.00099
10.8387
8.77535
9.05473
11.742
7.31419
3.49807
3.57792
5.02545
4.24326
9.21234
6.37407
4.58925
6.53
9.0675
8.97507
10.2395
8.38018
8.47315
11.7674
8.09879
3.66942
3.44364
6.75617
4.21913
9.31237
6.96575
4.21171
6.02972
9.1087
9.01776
9.68108
8.47758
8.03592
11.8863
8.91417
3.95093
3.50744
6.51766
4.20664
9.2136
7.2182
4.10107
5.31681
8.40531
8.89827
9.17645
8.91701
7.85388
11.7274
9.67105
4.18948
3.55494
5.47639
4.20372
9.56615
7.48846
4.14336
4.47502
7.80005
8.72577
8.67749
9.63044
7.85618
10.7654
10.5148
4.3943
3.45778
4.68398
4.20346
7.89574
7.5195
4.12509
4.21327
7.13376
8.66697
8.53765
10.2543
8.12351
9.63444
11.0058
4.55174
3.33213
4.07264
4.18784
5.97332
7.29911
4.34541
4.10307
6.07784
9.08984
8.42434
10.2527
8.30647
8.7183
11.0418
5.05597
3.31092
3.62016
4.17494
4.81979
7.26022
4.86951
4.01983
5.65708
8.8724
8.33636
9.57723
8.31931
8.19051
11.184
5.9435
3.39088
3.52675
4.27179
4.13863
7.4991
5.49465
3.94395
5.09113
8.03334
8.17021
8.91103
8.16872
7.85603
11.1994
6.97475
3.42928
3.5775
4.97436
4.12355
7.80112
6.32742
3.90322
4.72055
7.45859
7.98616
8.14181
8.43534
7.44377
11.1142
8.28678
3.48121
3.52515
6.10001
4.08683
8.31509
6.99552
3.88396
4.62301
6.70331
7.85869
7.89508
8.97472
7.01562
10.7065
9.50953
3.41139
3.48556
5.18988
4.0549
8.95342
7.2996
3.87866
4.35086
5.77191
8.10497
7.75337
9.18748
6.59938
9.74104
10.2051
3.51353
3.39341
4.25787
4.01872
