0.603074
1.54647
1.65544
1.61244
1.07002
1.05371
2.41651
1.19916
7.01784
9.25806
11.2771
6.20627
4.46841
3.9631
1.39674
0.597981
1.52837
1.67013
1.77003
1.10622
1.00374
1.756
1.12621
5.15907
9.46157
11.1593
7.93066
4.50701
4.84056
1.46908
0.680752
1.58565
1.70653
1.65945
1.98707
0.983167
1.53398
1.07091
2.8005
9.65129
11.0728
9.44939
4.42712
5.56911
1.45538
0.688898
2.49462
2.31925
1.90396
3.0477
0.975589
1.41657
0.964079
1.18052
9.65874
10.9444
10.9589
4.38508
5.37485
1.48506
0.686696
3.34201
3.34424
2.6901
4.26718
1.10651
1.21338
1.12077
0.90245
9.69461
10.8798
12.094
4.42713
5.09705
1.60276
0.673471
1.86418
3.76418
3.93867
5.61858
1.2669
1.19268
1.33101
0.784988
7.61058
10.8102
11.5356
4.48788
4.83732
2.06356
0.638522
1.02732
3.75664
4.8269
6.29882
2.35644
1.29424
1.64233
0.800848
5.91889
9.90239
11.2292
4.76133
4.56375
2.9241
0.582797
0.721549
3.69514
5.5925
7.53581
4.65623
1.37971
2.28865
0.684466
3.75979
9.31417
11.051
5.25143
4.6172
3.76882
0.534934
0.555076
3.20184
5.91134
8.52227
7.19322
1.47314
2.43732
0.570031
1.52359
9.10791
10.8539
6.78212
4.5742
4.56468
0.599103
0.520655
2.20928
4.98091
8.42622
9.81892
1.74026
1.7167
0.58146
0.608532
8.43009
10.7959
8.55749
4.4878
4.86323
0.767494
0.525275
1.73491
4.48595
8.51123
11.7269
3.03668
2.04669
0.670525
0.603925
6.55588
10.3574
10.0353
4.40003
4.64588
0.899857
0.513131
1.73591
3.81685
8.46058
11.7759
5.07391
2.48438
0.830122
0.622608
5.22188
9.08978
11.4822
4.29196
4.39903
0.911636
0.494893
1.67605
3.17423
7.57219
11.6845
6.99785
3.11531
1.08481
0.620164
4.05133
8.07326
11.2685
4.40927
4.27842
0.894818
0.485815
1.45269
2.59393
7.09072
11.3949
8.99423
3.74582
1.38179
0.585121
1.84359
7.75299
10.8624
4.94144
4.12993
0.977359
0.482695
1.10484
2.1494
6.66886
9.99571
11.2793
4.28119
1.68801
0.597414
0.756417
6.60964
10.2246
5.95034
3.86719
1.25413
0.461837
0.790338
1.77759
5.24431
8.43056
12.3852
5.14007
2.15052
0.603723
0.629525
5.21019
9.47387
7.1737
3.67997
1.82279
0.467781
0.560318
1.76209
4.27933
7.26887
12.2291
6.36631
2.64136
0.592078
0.587823
4.21895
8.4504
8.90408
3.64911
2.80086
0.515441
0.473279
1.69094
3.57764
6.1337
12.1573
7.72405
3.46119
0.622176
0.539717
3.24519
8.05213
10.553
3.71837
3.6764
0.700002
0.488139
1.65199
2.39886
5.80422
12.2446
8.73731
4.5921
0.753539
0.497109
1.49961
8.02951
11.1148
3.72214
4.37286
0.852305
0.509402
1.61253
1.52464
5.39499
12.1965
10.0916
5.67162
0.921511
0.503971
0.746771
6.90012
10.5721
4.0223
4.70018
0.973454
0.515252
1.68957
1.58813
4.674
11.9091
10.7539
6.77129
1.217
0.509915
0.661636
5.80779
9.90628
4.79718
4.15953
1.02968
0.515805
1.38925
1.59147
3.84383
10.8731
11.1086
8.41022
1.76455
0.552861
0.652207
4.65109
8.79423
6.44126
4.12939
1.01883
0.518939
1.04005
1.69238
3.08234
9.29571
11.665
9.87171
2.99657
0.608154
0.650181
3.02676
8.03654
8.0603
4.55676
1.13967
0.516022
0.778869
1.66484
2.06752
7.9918
12.5459
10.9589
4.39071
0.634415
0.63755
1.35105
7.12286
9.36036
4.9514
1.49853
0.533556
0.595698
1.66263
1.73723
6.03081
13.0534
11.8378
5.66439
0.675091
0.628296
0.92959
5.75675
9.26719
5.42012
2.22301
0.618015
0.551551
1.61946
1.75082
4.50737
12.8933
12.1389
6.87066
0.686871
0.633807
0.750081
4.62651
8.20481
5.96302
3.00388
0.910015
0.559413
1.61281
1.71528
3.47883
12.7479
12.4168
8.17437
0.788919
0.622271
0.684656
3.58063
6.83771
6.5385
3.7537
0.936628
0.564506
1.60068
1.7078
2.65445
12.4534
12.6128
8.87578
1.19898
0.646682
0.666256
2.34135
5.90147
6.92893
4.49207
0.963201
0.567518
1.51209
1.68661
1.71377
10.9922
12.7623
9.46045
2.31849
0.632267
0.657962
1.49383
5.16285
7.28621
4.72245
0.952339
0.568167
1.28774
1.6319
1.74108
8.90445
12.8208
10.6518
3.78322
0.644655
0.653923
1.13444
4.03495
7.4404
4.78092
0.898897
0.547822
0.988517
1.62835
1.75119
6.66833
13.0699
11.8659
5.51883
0.651856
0.671552
0.884874
3.16288
7.54543
4.71614
0.860653
0.530436
0.776302
1.62871
1.74137
4.60995
13.2088
12.5293
7.8316
0.682373
0.662447
0.797147
2.52245
6.89436
4.75986
0.90353
0.514414
0.607519
1.63744
1.71363
2.73381
12.5611
13.1185
9.74501
0.743434
0.622271
0.724211
1.78703
6.47232
4.62886
1.34878
0.502094
0.51844
1.64557
1.6844
1.79617
10.6964
13.3111
10.4105
0.94984
0.592091
0.68783
1.24073
5.70931
4.44626
1.92677
0.635726
0.503012
1.65454
1.64647
1.77818
8.58695
13.3698
10.921
1.63582
0.562155
0.666716
1.05202
4.81879
4.31595
2.50402
0.696517
0.496298
1.66168
1.65603
1.76569
6.17752
13.4365
11.2018
3.57789
0.546647
0.596549
0.934615
4.12981
4.4659
3.00383
0.73437
0.50023
1.58471
1.68294
1.77448
3.93344
13.5417
11.236
6.38453
0.527936
0.528004
0.860397
3.58351
4.90206
3.29167
0.770047
0.513482
1.34449
1.69761
1.78093
2.37209
12.7181
11.5827
8.97019
0.624324
0.479858
0.757727
3.05536
4.76588
3.28245
0.862733
0.550011
1.03599
1.70132
1.78485
1.74985
10.4018
12.4856
11.1585
0.804441
0.433913
0.706514
2.4516
4.09713
3.33051
1.0179
0.601102
0.809899
1.71269
1.77527
1.72216
8.17587
12.9743
11.1906
0.929576
0.400221
0.668702
2.0398
3.63329
3.58043
1.27945
0.634659
0.694977
1.71659
1.7902
1.66385
5.69615
13.6198
10.979
1.63714
0.376283
0.578771
1.77257
3.18582
4.02564
1.66773
0.7065
0.652099
1.73592
1.78569
1.66249
3.22232
13.6963
10.7231
3.82083
0.373851
0.492853
1.46613
2.73001
3.8134
1.97799
0.912906
0.655517
1.76483
1.75575
1.73122
1.72125
11.9191
10.3956
6.485
0.385645
0.454474
1.12305
2.47684
3.21643
2.00993
0.973751
0.609383
1.78385
1.71882
1.72775
1.72844
9.5726
10.0386
8.96068
0.384064
0.376418
0.835188
2.28158
2.58898
1.7503
0.928631
0.523992
1.76764
1.69785
1.7232
1.73082
7.36289
9.75928
9.70454
0.495623
0.382119
0.667297
2.08467
2.24058
1.46882
0.89837
0.441613
1.50105
1.69445
1.71323
1.74064
4.79662
10.2264
9.30155
0.667351
0.421052
0.593604
1.76383
1.99549
1.15014
0.938695
0.379714
1.16545
1.69538
1.71059
1.75592
2.27034
11.4705
8.73583
1.30647
0.437425
0.567397
1.47357
1.60483
0.870204
1.03129
0.334648
0.839511
1.72186
1.70519
1.73796
1.78568
10.0478
8.18827
2.83848
0.409853
0.516697
1.27111
1.30703
0.702231
0.70369
0.304739
0.533557
1.75338
1.73904
1.71913
1.73966
7.50017
7.77126
4.53597
0.39221
0.501877
1.2132
1.08223
0.591889
0.58739
0.265373
0.341538
1.81156
1.7326
1.70446
1.69255
5.29686
7.39844
6.20194
0.381876
0.534677
0.90757
0.879457
0.52356
0.512644
0.40449
0.362166
1.82274
1.7232
1.66104
1.52006
2.8712
7.43722
7.23203
0.426659
0.503336
0.698732
0.656705
0.414852
0.456257
0.753295
0.754565
1.84158
1.74659
1.65152
1.61929
1.49776
7.69681
7.23626
0.751378
0.451799
0.612558
0.575935
0.389752
0.415662
0.721468
1.21338
1.7376
1.77692
1.66093
1.80821
1.53832
7.46892
7.21893
2.21419
0.472455
0.547065
0.563101
0.372487
0.363463
0.494717
1.22636
1.44364
1.79273
1.67664
1.81669
1.42243
5.80717
7.17989
4.18021
0.518021
0.464903
0.605925
0.34967
0.391981
0.570112
1.52313
1.2072
1.85171
1.6886
1.80328
1.39198
3.89513
7.05383
6.01276
0.517872
0.440505
0.52695
0.41704
0.483951
1.02156
2.52554
1.17229
1.77826
1.68611
1.78169
1.2006
1.8437
6.96339
7.5011
0.505228
0.44653
0.519358
0.511482
0.937749
1.85965
4.17309
1.14521
1.73295
1.70476
1.77155
1.3752
1.34147
6.59801
7.60853
0.489503
0.455541
0.485018
0.988287
2.04542
3.25247
6.03896
1.11025
1.73829
1.73128
1.77276
1.61758
1.41674
6.2714
7.64969
0.462566
0.448395
0.507241
1.75864
3.79633
5.08356
7.77804
1.16915
1.77092
1.76021
1.7905
1.76785
1.49103
5.85703
7.53477
0.708783
0.430117
0.841416
3.1499
6.10503
7.11461
8.82173
1.23883
1.7989
1.75952
1.81591
1.82662
1.48876
4.90723
7.48523
1.26566
0.464363
1.52537
5.008
8.48423
8.82402
9.64389
1.32364
1.83135
1.76303
1.81052
1.90904
1.47894
3.55005
7.30471
2.23665
0.617043
2.62634
6.94252
10.695
9.84599
10.2334
1.35528
1.78673
1.72368
1.74951
1.87253
1.51841
2.80364
6.83117
3.93424
1.03172
4.08562
8.88097
12.232
10.4729
10.924
1.94767
1.48088
1.75739
1.70405
1.78753
1.58527
1.87165
6.54048
5.83425
1.57462
5.97814
10.1712
13.0157
10.8586
11.3079
3.54447
2.0521
1.77584
1.65985
1.70412
1.63273
1.64386
6.29283
7.16831
2.49724
7.61031
10.7957
13.3282
11.1019
11.3732
5.72592
2.64179
1.7864
1.6307
1.66346
1.7407
1.71581
5.98904
8.02024
3.53699
8.63811
11.0964
13.2548
11.2293
11.5398
8.11517
3.68607
1.82273
1.5951
1.58434
1.81315
1.77757
5.56925
8.26556
4.41846
9.02037
11.1312
12.8999
11.3516
11.5667
10.7059
5.18934
3.17306
1.59065
1.58119
1.845
1.72555
4.7438
8.49944
5.21213
8.5536
10.9362
12.7277
11.5773
11.4656
12.3941
6.12814
5.5605
1.6008
1.5867
1.83267
1.64317
3.63574
8.12713
5.97141
7.48966
11.069
12.5282
11.6314
11.67
12.7919
6.53685
8.30627
1.97325
1.62183
1.83394
1.56244
2.67956
7.62505
6.54329
6.93716
11.124
12.1625
12.0035
11.6965
12.6009
6.56831
11.1528
3.52125
1.78901
1.81394
1.59009
1.94712
7.164
7.13118
6.89595
11.1312
12.0774
12.4535
11.8017
12.2926
6.52935
9.11396
6.23141
1.76425
1.80205
1.63038
1.57177
6.86859
8.29133
7.11792
11.1374
11.85
12.8368
11.9341
12.0118
6.59936
7.50924
9.08093
1.87863
1.76833
1.65134
1.75113
6.59276
7.99505
7.28022
11.1764
11.5364
13.3786
12.0197
11.832
6.77733
6.671
11.6596
3.31692
1.79371
1.61752
1.75993
6.26099
6.7455
7.41346
11.0638
11.4655
13.1608
12.0688
11.7476
8.2589
6.68657
14.05
6.11291
1.7868
1.62474
1.72395
5.52325
5.79563
7.47367
10.6563
11.2913
12.7601
12.1611
11.8041
10.8111
6.66895
15.2558
8.69723
1.77893
1.66097
1.74916
4.84983
4.91782
7.49682
9.8418
11.273
12.6218
12.2605
12.0049
12.4176
6.63205
15.3071
11.3928
3.17317
1.55056
1.77837
4.0507
4.26109
7.53839
8.66539
11.3249
12.3804
12.347
12.3139
12.6131
6.62659
14.2478
14.1548
5.59017
1.59147
1.52835
4.00686
3.29157
6.52764
8.00002
11.3574
11.9969
12.4702
12.4646
12.69
6.68205
11.924
15.0616
8.21698
1.65514
1.61981
4.07762
2.61283
5.22861
7.77053
11.4029
11.9354
12.8447
12.5824
13.0115
6.75579
9.26493
15.0375
11.1076
2.27328
1.66234
3.82924
2.62658
4.28678
7.80283
11.4607
11.7582
13.1941
12.701
13.14
6.81171
7.68465
15.008
13.8079
4.60114
1.69191
3.64403
2.28191
2.92938
7.77989
11.3492
11.5886
13.2513
12.8189
13.1838
7.17659
6.84432
15.0365
14.9744
7.49616
1.7656
3.80412
2.51768
2.46205
7.72256
10.8489
11.6271
13.169
12.9438
13.2789
8.84208
6.86708
15.0151
14.9354
10.1769
2.12037
4.21453
2.99093
2.44669
6.82102
10.3782
11.6181
12.8785
13.0561
13.1824
11.6932
6.84624
15.1242
14.9382
12.9086
2.51217
4.21719
3.73523
2.41716
5.58465
9.63791
11.611
12.7241
13.1282
13.0828
13.0595
6.79129
15.2063
14.9798
15.207
3.94887
3.12779
4.60738
2.32866
4.11919
8.53754
11.5956
12.4053
13.1555
13.0605
12.9385
6.80894
14.9756
15
15.1335
6.67951
3.18606
5.29235
2.29385
2.86449
7.41612
11.4473
11.9549
13.5263
13.0177
12.9377
6.99295
12.8027
15.002
14.9986
9.43179
3.62006
5.455
2.3636
2.76279
6.05251
11.2299
11.8189
13.9122
12.9547
13.0292
7.32726
10.2633
15.0358
15.0461
11.9812
4.41409
5.42869
2.58846
2.7904
5.14957
11.0693
11.5825
13.6635
12.8722
13.1117
7.63561
8.69018
15.1402
15.0808
14.1093
5.00496
5.33298
2.85902
2.96763
4.46639
10.7417
11.4998
13.5633
12.7546
13.1144
7.7796
7.81603
15.7224
15.0395
14.5318
5.68125
5.29225
3.16873
3.19282
3.65087
10.1526
11.4698
13.2863
12.6205
13.2177
9.06499
7.81814
16.2896
15.1689
14.3701
7.19618
5.47996
3.56661
3.27057
3.16155
8.64948
11.4515
12.7473
12.4617
12.8946
11.5735
7.78855
17.0006
15.5859
14.1728
8.78115
5.79739
3.79462
3.41192
3.06665
7.12859
11.3244
12.4283
12.2875
12.3889
13.2125
7.72128
17.6433
16.042
14.1653
10.8534
5.66546
4.31542
3.38152
2.965
5.98258
11.2456
12.0808
12.1637
12.2653
13.2313
7.63067
17.1895
16.8179
14.5815
13.1763
5.76035
4.65518
3.4936
3.1627
5.22393
11.0444
11.6196
12.2951
12.1716
13.1612
7.53398
14.2813
17.5059
15.2165
13.9882
6.2087
4.46435
3.95935
3.29003
4.69846
10.155
11.5397
12.5748
12.2911
13.0501
7.39422
10.9496
17.9936
16.3276
14.0331
7.29824
4.43937
3.78857
3.59412
5.20163
9.54783
11.3691
12.8437
12.5297
12.94
7.25982
8.84934
18.2237
17.2452
14.1484
8.87613
4.60387
3.55356
4.10461
5.77162
8.99099
11.2568
13.3097
12.9055
12.8186
7.10474
7.52889
18.2428
17.9478
14.5732
10.8504
4.55324
3.42274
4.62744
5.78455
8.24449
11.2295
13.0311
13.3334
12.7154
7.949
6.96548
18.2359
18.184
15.0125
12.538
4.84474
3.29313
4.944
5.87506
7.57909
11.0479
12.56
13.754
12.6137
10.5192
6.80631
18.3072
18.1585
15.9104
13.8512
5.27892
3.21562
4.76107
5.86347
7.29096
10.5713
12.3772
14.0831
12.5677
12.1914
6.70436
18.4136
18.1601
16.9797
14.4662
5.51357
3.20489
4.51336
5.87105
6.87639
9.71237
12.1801
14.1794
12.9965
12.574
6.65229
17.0137
18.1477
17.8529
14.8876
6.18618
3.24196
3.90882
5.85131
6.30474
9.11874
12.045
14.0993
13.5096
12.5072
6.65923
13.997
18.1403
18.3891
15.4491
7.52892
3.25409
3.51647
5.80967
5.94674
8.22556
12.0927
13.7899
13.8219
12.7482
6.72311
10.6777
18.1551
18.3896
16.055
9.26279
3.26463
3.35987
5.76971
5.84125
7.47453
11.5184
13.2918
14.2084
12.8194
6.83678
8.41682
18.1832
18.2642
16.9697
11.3626
3.60694
3.32551
5.84668
5.72111
6.99532
10.5226
13.0211
14.2258
12.9302
6.91806
7.11797
17.7371
18.2473
17.7716
13.5984
3.91115
3.39819
5.84873
5.78635
6.76218
9.84974
12.7714
14.0335
13.3012
8.03982
6.92572
16.9484
18.2548
18.169
15.2272
4.60652
3.4759
5.90835
5.86901
6.59393
8.73792
12.4755
13.9026
13.4115
10.5036
6.66343
16.2499
18.0613
18.4612
16.4149
5.45428
3.59875
6.14303
6.10716
6.4821
7.8167
12.5206
13.695
13.4153
12.3064
6.50409
15.3473
17.6045
18.3545
17.0178
6.63447
3.74248
6.2463
6.44781
6.54993
7.25001
11.4222
13.5176
13.4318
13.0012
6.47957
13.6858
16.852
18.0792
17.3493
8.57497
3.90806
5.58228
6.6999
6.5797
6.46707
9.87301
13.3961
13.3269
13.0265
6.48857
11.3326
16.0605
17.5889
17.5982
10.8647
4.05201
4.88128
6.79699
6.71158
6.15018
8.36797
13.4078
13.1364
13.1853
6.42266
8.8111
15.4585
16.8803
17.9781
12.8937
4.15388
4.4336
6.7885
6.85915
6.05067
7.06916
13.0042
12.9168
13.1587
6.36714
7.21459
14.9231
16.3102
17.9535
14.8271
4.52103
4.1707
6.74579
6.83286
6.33968
6.15961
12.5082
12.6695
12.7052
6.53597
6.3205
14.7569
15.845
17.0692
16.2922
5.17563
4.13443
6.63091
6.67566
7.19565
5.9269
10.4754
12.4382
12.4736
8.0058
6.29065
14.6381
15.1693
16.4045
16.99
6.46953
4.10633
6.57444
6.56896
7.35269
5.80612
8.61235
12.3017
12.2277
10.5686
6.26919
14.5408
14.8424
15.9835
17.3439
8.07165
4.16264
6.56111
6.48611
7.31208
5.5193
6.85013
12.3494
12.0817
12.2702
6.28259
14.4215
14.8677
15.419
17.1275
9.90327
4.28658
6.71598
6.38293
7.46206
5.458
5.39812
12.3973
12.0585
12.7006
6.30665
14.2726
14.616
15.2838
16.4111
11.788
4.42979
5.71316
6.21474
7.51772
5.34205
4.81614
12.2699
11.9598
12.1756
6.29248
14.0882
14.3344
15.1105
15.5447
13.4421
4.5465
4.95639
6.03985
7.31987
6.41324
4.61234
10.0641
11.8217
11.9244
6.26209
13.2606
14.3484
14.9908
15.0495
15.1104
4.65726
4.7329
5.94382
7.01545
7.18361
4.15635
7.71349
12.0076
11.7537
6.25563
11.1531
14.0943
14.971
14.9116
16.1717
5.34585
4.72873
5.84118
6.59747
7.85706
3.8716
5.42644
12.3655
11.7586
6.25727
8.70101
14.0728
15.2624
14.8679
15.4808
6.08681
4.81769
5.84715
5.94927
8.31284
3.27232
3.44241
12.6449
11.8318
7.25031
7.05359
14.1207
15.0795
14.8288
15.2349
7.4677
4.90849
5.9544
5.95021
8.12066
3.89594
3.15452
11.4699
11.8675
9.21836
6.13024
13.1031
14.7987
14.8221
15.1481
9.22295
5.03712
6.03821
5.99617
7.95056
4.96958
2.86424
9.14661
11.8051
10.459
6.09402
10.9275
14.655
14.7993
15.0006
10.7502
5.17716
6.46882
5.99844
7.79732
5.77665
3.05389
7.0278
11.9515
10.7249
5.25206
9.05075
13.8135
14.6528
14.9169
11.7839
5.35634
6.55314
6.02442
7.68837
6.2142
3.23885
5.10502
12.1813
10.4193
3.71986
6.90888
11.4639
14.4914
14.9134
12.9781
5.53896
5.86958
6.17052
7.44012
6.44593
3.58878
3.8252
12.352
10.5526
2.67451
4.56517
9.4371
14.4254
14.6946
13.964
5.71618
5.70685
6.33306
6.97853
6.39447
5.02221
3.6817
10.41
10.7117
2.41165
3.08382
7.3498
13.834
14.5416
14.2748
6.28932
5.86461
6.55492
6.72276
6.32455
5.96224
3.98473
8.25213
10.7314
2.63978
2.55702
5.2753
13.4977
13.9046
14.3099
7.08243
5.98489
6.71283
6.77607
6.95989
5.97795
4.09054
6.37705
11.0526
3.74509
2.64806
3.94578
12.9388
12.7028
14.494
8.47404
6.06784
6.72142
6.85055
7.03888
5.97833
4.42359
5.03619
11.424
5.667
2.85178
3.84763
12.7477
11.8744
14.3301
9.95758
6.12435
6.86588
6.73007
6.52199
5.83257
5.18907
4.54336
11.4621
7.66882
3.06532
3.86829
11.5336
10.8093
12.0157
11.2053
6.19841
7.47386
6.8165
6.07061
5.43883
6.41516
4.68247
9.33689
10.0375
3.34756
4.0602
9.89244
9.88969
10.2096
12.274
6.30811
6.56158
7.02918
5.80906
5.08668
5.83659
4.39268
7.28656
11.1315
3.56896
4.376
7.39552
10.0831
9.53868
13.3051
6.42752
6.47638
7.27418
5.80311
4.8345
5.04695
4.36713
5.48623
11.651
3.52498
4.71458
5.71875
10.4058
9.5965
11.3192
6.90867
6.56645
7.49276
5.99545
4.93302
4.64898
4.29654
4.30647
11.9439
3.36905
4.05172
5.6165
10.5915
9.94508
10.1102
7.69934
6.72207
7.6689
6.19014
5.1319
4.57008
5.43403
3.77954
12.1654
3.2269
3.20344
5.97752
12.3545
10.7884
10.0209
8.67744
6.82026
7.78927
6.29713
6.16192
4.60344
6.75926
3.74732
10.537
4.2373
2.97908
5.78823
12.8981
11.6535
9.91805
9.7721
6.78719
7.83923
6.69481
6.50721
4.81249
7.93765
3.10572
8.36571
6.53819
2.65687
5.50357
10.7151
13.3126
9.97295
9.7005
6.72175
7.33471
7.73759
6.84695
5.16659
6.70147
3.02147
6.31029
9.07409
2.35002
5.4515
8.91063
13.339
10.6659
9.68288
6.69639
6.94746
7.78349
7.29312
4.89692
5.22871
3.05929
4.41136
11.9823
2.50427
5.39772
6.91606
12.4898
11.6705
9.37388
6.89707
6.67605
7.89154
7.72302
4.487
4.46211
4.3034
3.08597
12.3464
2.84124
5.17066
5.81325
11.1743
13.7527
9.32049
6.96259
6.6443
7.96653
8.04799
4.88128
4.17387
5.60804
2.50614
10.1857
3.59136
5.50433
5.7393
9.778
12.5209
10.233
7.55294
6.60722
7.9875
8.32423
5.89521
4.11089
7.23563
2.49762
7.83883
4.43826
5.05072
5.61419
9.01192
10.3675
11.1962
7.11058
6.54116
7.99389
8.515
6.94485
4.12618
8.65476
2.38883
5.6848
5.13847
4.92893
5.95693
8.02154
8.05209
12.4681
6.68494
6.51836
7.4626
8.35985
8.33928
4.29533
9.06488
2.46783
3.67624
5.67073
5.21647
6.68486
7.06966
6.15113
15.6563
7.02514
6.49142
6.77974
8.37988
8.53921
4.68971
7.65366
2.49453
2.25054
6.80664
4.45038
7.59552
6.58324
4.50709
17.5187
9.06976
6.53815
6.69314
8.40747
8.43025
5.32398
6.70068
2.69903
2.2231
9.59344
3.67406
9.93927
6.65876
3.99126
14.365
9.71353
6.86257
6.69618
8.40261
8.33167
6.07106
6.26592
2.78988
2.08036
7.47349
3.13282
10.9238
6.43155
3.99343
11.2227
10.1294
7.24358
6.79844
8.2828
8.24139
6.88214
6.9228
3.03977
2.05813
4.97426
2.23902
8.30771
6.01748
4.23253
8.28947
10.9121
7.5869
6.85783
8.11882
8.26887
8.47413
7.75131
4.03208
1.92538
2.5105
1.86375
5.34664
7.13429
4.38851
5.7251
9.32286
8.76389
6.91512
7.36307
8.42353
9.9512
8.61385
5.54796
2.01525
2.06018
1.5778
2.43386
9.40447
4.63138
4.71839
8.55529
9.15812
7.0032
7.26875
8.61674
9.58609
9.29477
7.12648
2.07122
2.07503
1.95634
1.32025
11.3147
5.60622
4.99139
8.78623
9.10904
7.13503
7.21617
8.23966
9.59319
9.78783
9.12999
2.13539
2.11431
3.82453
1.25619
12.2325
5.94169
5.37086
8.84607
9.15612
7.42857
7.24824
8.24117
9.42616
10.1818
10.7763
2.16608
2.19957
3.74124
1.2359
9.10943
6.30824
5.60862
8.8585
9.08193
7.728
7.25132
8.37964
9.29656
10.2633
10.8923
2.22341
2.24003
2.30472
1.18683
6.26775
7.8248
5.76025
8.7655
8.68607
7.88104
7.29252
8.27477
9.25568
10.1254
10.8407
2.3499
2.2281
2.24195
1.14416
3.3054
10.0811
5.85215
8.6158
8.70055
8.1405
7.4228
8.0516
9.31346
10.0746
10.6561
2.87384
2.30264
2.24289
1.13504
1.80316
12.3011
6.01525
6.69745
8.44754
8.09251
7.67564
8.06359
9.52973
10.0341
9.98774
4.31318
2.34668
2.23107
0.842591
1.60587
12.6708
6.11262
5.9978
8.13232
7.89522
7.97763
8.20057
9.8075
10.1096
9.55155
6.32512
2.33207
2.22462
0.924172
1.63143
9.67455
6.13352
6.02649
7.79783
7.81945
8.01491
8.46813
10.059
9.95925
8.93477
8.21353
2.41586
2.21307
1.08173
1.34663
6.83243
6.38482
5.80767
7.37952
7.79909
8.0036
8.59715
10.223
10.4655
8.32869
10.163
2.56253
2.22297
1.3466
1.00201
3.95669
7.95647
5.61659
7.02795
8.05055
8.00074
8.69855
10.4247
10.7716
7.74357
11.1098
2.68878
2.20558
1.69979
0.843887
2.21179
10.1196
5.82603
6.8831
8.44911
8.0785
8.58365
10.2734
10.7194
7.27902
9.71813
2.86337
2.18447
2.16393
0.85637
2.07957
12.2183
5.97226
6.78866
8.97481
7.99725
8.21487
9.8358
10.4374
6.86585
8.28101
3.0885
2.13338
2.37403
0.882726
2.03832
9.95978
6.29633
6.73742
9.18722
7.74809
7.75255
9.83805
9.86837
6.54554
7.28538
3.4564
2.14305
2.31682
0.910528
1.99423
7.18901
6.74024
6.6584
8.40407
7.49765
7.35015
9.92507
9.02274
6.35136
6.41189
4.63576
2.23299
2.23236
0.92297
1.78642
4.3439
7.07515
6.67924
7.22501
7.63338
6.86963
9.55934
8.12019
6.29997
5.94945
6.36167
2.28304
2.32434
0.925902
1.4615
2.40593
8.44689
6.66723
6.77937
8.26459
6.51668
9.47779
7.3729
7.38417
5.39413
8.0815
2.3884
2.37597
0.910286
1.07177
2.19143
10.3262
6.68143
6.94257
8.53465
6.40158
9.78465
7.14685
8.91463
4.93933
9.99972
2.49374
2.44753
0.947044
0.897249
2.16481
11.0158
6.36661
7.17206
9.0504
6.38745
9.0235
7.21379
8.23765
4.62689
9.60931
2.56787
2.49183
1.30075
0.871825
2.10261
8.09647
6.09676
7.06604
9.64133
6.21593
7.72972
7.3643
7.51726
4.51817
7.88077
2.63351
2.51136
1.76508
0.846846
2.04507
5.16254
5.90689
7.04659
9.82609
5.87502
6.81037
7.56218
7.32082
4.64873
6.46173
2.85745
2.49458
2.52788
0.872216
2.0229
2.79184
5.76425
6.22437
9.83425
5.52326
5.53316
8.2127
7.07312
4.93583
5.5235
3.63225
2.48538
2.78018
0.89714
2.02586
2.29174
5.76522
5.6193
8.94237
5.03704
4.86366
9.27199
7.06978
5.75612
5.29724
5.38922
2.43147
2.72525
0.941355
1.86235
2.29335
6.47479
5.47688
8.55979
5.48094
4.37393
10.0769
7.40127
6.79909
5.58231
7.39641
2.44325
2.64532
0.979884
1.55032
2.23889
8.13806
5.33381
8.82445
6.39542
4.56514
10.2791
7.53802
7.71634
5.71284
9.19251
2.51595
2.61353
0.975021
1.16334
2.19819
5.99604
5.46077
9.1634
6.99898
4.77447
9.3233
8.10656
7.67771
5.82424
10.29
2.60626
2.61331
0.947922
0.947733
2.17473
3.17952
6.08023
9.50424
7.92209
5.20169
8.22438
8.65011
8.06554
5.96641
9.25794
2.67847
2.63655
1.29113
0.90476
2.16827
2.26476
7.3819
9.6159
8.9318
5.70707
7.52896
8.99911
8.10904
6.14657
7.97356
2.67101
2.63125
1.79342
0.932805
2.14472
2.24712
9.3146
9.74914
9.26889
6.4379
7.2465
9.85843
8.41627
6.31531
7.00039
2.98243
2.54173
2.54319
0.936289
2.06713
2.19343
9.41424
9.91651
9.46401
7.21448
7.26175
9.81664
8.58921
6.53341
6.63828
4.04332
2.47559
2.74327
0.888306
1.99669
2.18093
6.67361
10.668
10.0207
7.50936
7.27407
9.53452
8.96356
7.38023
6.8956
5.91789
2.44839
2.70557
0.895561
1.85159
2.21417
3.55961
12.2903
10.3041
7.53097
7.13798
9.11457
8.92237
7.90785
7.54197
7.9608
2.49597
2.656
0.90226
1.46351
2.1808
2.25754
14.2647
10.6249
7.72713
7.01728
8.83001
8.42325
8.5527
7.95714
9.79572
2.56395
2.58771
0.904638
1.05938
2.19645
2.20586
13.6926
10.8306
7.63383
7.11855
8.45743
8.09719
9.51097
8.19349
10.6116
2.60856
2.48669
0.949286
0.913189
2.21943
2.20547
10.3718
10.8735
7.88806
7.40846
8.50332
8.11288
9.89412
8.3976
9.89516
2.59448
2.45303
1.32042
0.901274
2.2314
2.21454
7.05802
10.7875
8.47721
7.19156
8.58941
8.47163
9.89764
8.69382
9.00746
2.81348
2.38452
1.75109
0.881645
2.29228
2.19606
3.86057
11.2425
8.82513
7.08382
8.70563
8.65654
9.58544
8.84357
8.85626
3.72091
2.29954
2.43041
0.898492
2.32153
2.1787
2.37944
12.32
9.2593
7.06549
9.13525
8.62171
9.20821
9.40532
9.00101
5.16516
2.15704
2.32142
0.892426
2.37739
2.16662
2.20882
13.7777
10.0875
7.33835
9.7964
8.20335
8.9029
10.2007
9.47336
7.14427
2.02976
2.03318
0.885618
3.59905
2.14201
2.15594
10.6839
10.5095
7.77637
10.0743
7.67139
7.99543
10.3302
9.89818
9.08609
1.92531
1.92421
0.900505
2.64929
2.11588
2.11041
7.41159
10.581
8.14322
10.0041
7.48818
7.0277
10.3701
9.84598
10.4078
2.05109
1.89733
0.923213
1.01687
2.10715
2.09228
4.23837
10.577
8.2967
9.61596
7.36715
6.47357
9.96902
9.60572
9.71177
2.33449
2.03215
1.15434
0.950339
2.09782
2.08265
2.47426
11.0153
8.54651
8.89604
7.28209
6.29863
8.63345
9.57235
9.26758
2.70645
2.18745
1.84594
0.94091
2.09125
2.09802
2.2305
12.2673
9.27196
8.55441
7.9356
6.27758
7.68084
9.71629
8.9088
3.80676
2.36054
2.57538
0.911406
2.03218
2.10856
2.20892
11.1935
9.90028
8.61004
8.93025
6.08756
7.13998
9.76502
8.25722
5.50406
2.58375
2.6709
0.841659
1.9684
2.03718
2.24597
8.03625
10.2542
8.73612
9.94357
5.89941
6.1215
10.4543
7.72233
7.1162
2.77801
2.5958
0.809291
1.96574
2.03126
2.21107
4.91529
10.2016
8.88999
10.6899
5.87557
5.88581
10.5021
7.33017
8.65828
2.99527
2.46833
0.788217
1.62969
2.05222
2.22601
2.73974
10.3091
9.04864
10.1043
6.53578
5.85194
10.5924
7.12432
7.59006
3.2676
2.44329
0.798619
1.32502
2.06489
2.25128
2.26511
11.1253
9.02221
9.55149
7.33534
5.65593
10.7424
6.97678
6.62277
3.73518
2.44919
0.794755
0.93783
2.04008
2.18402
2.27134
11.8838
8.94878
9.24511
7.89565
5.55406
10.917
7.03917
6.03342
4.37432
2.32468
1.00628
0.779598
1.98545
2.08719
2.2716
8.69131
9.03365
8.88536
8.89828
5.57213
9.86817
8.47234
5.64899
5.23295
2.24334
1.55818
0.776923
1.93309
1.96781
2.27394
5.58929
9.03546
8.88568
10.1587
5.56299
8.58519
10.0714
5.37493
6.54893
2.29596
2.14305
0.801996
1.90333
1.91827
2.25708
3.13663
9.27031
8.7735
11.0386
5.44632
7.35425
11.1202
4.93163
7.16138
2.42696
2.41692
0.84844
1.86827
1.89282
2.27208
2.30583
9.58263
8.77803
11.066
5.35753
5.94139
11.1268
4.46541
5.31787
2.78815
2.55612
0.879268
1.81969
1.88706
2.29008
2.24558
9.44817
8.72921
10.0635
5.36835
5.46206
11.1455
3.99055
4.03971
3.18755
2.69311
0.835295
1.64117
1.87856
2.29193
2.21175
9.64452
8.53479
8.79517
6.43577
5.70765
11.1884
4.85403
3.65812
3.53779
2.78768
0.800969
1.37971
1.86765
2.23993
2.18216
11.0776
8.29891
8.37031
8.2509
6.44393
11.233
6.44658
3.5557
3.91181
2.8414
0.806468
1.03212
1.84108
2.17339
2.22492
8.21606
8.30021
8.09363
9.56033
7.30515
11.2096
8.13921
3.56232
4.35291
2.8937
0.839768
0.859086
1.80137
2.05679
2.20797
5.10699
8.25907
7.96918
11.0597
8.15832
11.1283
10.2415
3.41756
4.53353
2.97787
1.05281
0.823976
1.74592
1.9373
2.20862
2.79671
8.28548
7.86715
10.4727
8.96748
11.0591
11.2148
3.36434
4.40945
3.05117
1.48377
0.831068
1.72792
1.86248
2.20449
2.18633
8.58083
7.77935
9.47892
9.67031
11.1155
11.0106
3.45373
3.69838
2.95088
2.16578
0.861383
1.72545
1.82654
2.18134
2.20497
9.54533
7.70782
8.43142
10.2729
10.6622
11.042
3.93274
3.68913
2.98264
2.82857
0.87785
1.7661
1.82045
2.10265
2.17756
8.33182
7.45615
7.65312
10.6303
10.7553
11.1113
4.60503
4.08134
2.85627
2.95432
0.852223
1.7211
1.83831
2.02188
2.15281
5.32942
7.46857
6.89163
10.8434
10.7734
11.1212
5.96748
4.30167
2.85236
2.85861
0.848414
1.38732
1.80771
1.94638
2.1406
2.86778
7.46008
5.71198
11.0849
10.7289
11.1557
7.77133
4.40999
2.93009
2.81868
0.854952
1.01394
1.76456
1.86079
2.14453
2.16038
7.88976
4.86272
9.86147
10.5716
11.1926
9.41462
4.65031
3.10324
2.72937
0.860693
0.858343
1.7591
1.80195
2.12801
2.12992
8.91613
4.45169
8.60173
10.3888
11.2433
10.7192
4.76597
3.20691
2.77273
1.20917
0.854317
1.77402
1.76898
2.11579
2.11052
7.91301
4.37469
7.40204
10.0664
11.1845
11.7943
4.77172
3.52852
2.64314
1.86529
0.826624
1.75543
1.68387
2.05069
2.1196
5.01326
4.65021
5.92474
9.53143
10.7784
11.565
4.6993
4.12596
2.4688
2.53484
0.799862
1.80825
1.60513
1.77792
2.1077
2.74083
5.15864
5.46548
8.9656
9.66482
11.4665
5.09131
4.80566
2.45112
2.5206
0.824097
1.86523
1.51724
1.53681
2.12262
2.16709
5.88872
5.86753
8.45148
8.75168
11.2625
5.70592
4.94137
2.56178
2.28604
0.853291
1.66588
1.48843
1.41577
2.13443
2.22087
7.07566
6.44954
7.93187
8.18764
11.2309
6.81977
5.04459
2.76738
2.00778
0.876675
1.3611
1.53714
1.31925
2.06523
2.23835
7.94866
7.09898
7.82304
7.78978
11.2062
7.94048
5.06424
3.0087
1.75119
0.885645
1.00165
1.69577
1.27332
1.92189
2.20888
5.11501
7.76064
7.83329
7.80896
11.1804
8.80448
5.02704
3.49288
1.57354
0.905773
0.867569
1.83836
1.27068
1.74676
2.15285
2.87307
8.43637
8.27744
7.9808
10.8393
9.94372
4.9949
4.38674
1.7241
0.986841
0.805805
1.8641
1.30275
1.51701
2.08324
2.24239
9.05492
9.03582
8.1485
9.96109
11.1318
5.17182
5.61212
1.80631
1.01529
0.709337
1.80909
1.31117
1.34755
1.98664
2.25093
9.46158
9.52334
8.267
9.30814
11.5584
5.46641
5.62706
1.72235
1.19996
0.623243
1.77361
1.36117
1.31994
1.84363
2.23818
7.42431
9.82694
8.42101
8.49451
11.5508
5.93426
5.5606
1.74719
1.44437
0.551307
1.69237
1.51466
1.33497
1.76683
2.22644
4.59298
9.87735
8.7866
8.47357
11.4406
6.24694
5.30979
1.6538
1.50742
0.519345
1.5216
1.66307
1.34675
1.65988
2.10467
2.52372
9.31771
9.46576
8.41916
11.513
7.09997
5.0383
1.99997
1.43829
0.521871
1.24223
1.84826
1.38377
1.51728
2.07077
2.13728
8.0932
10.1118
8.28944
11.5729
8.419
4.98176
2.9805
1.42873
0.524803
0.899789
2.00309
1.40221
1.44976
1.9908
2.157
6.81322
10.3461
7.93313
11.0889
9.51548
5.10799
4.0895
1.41381
0.508592
0.6491
1.95015
1.42719
1.45751
1.87654
2.14259
4.97295
10.6332
7.01475
9.45789
10.7831
5.21631
5.23829
1.41865
0.503255
0.492421
1.8647
1.50948
1.47254
1.74907
2.15215
3.07584
9.83352
6.28871
8.4243
11.9906
5.1943
5.41225
1.50076
0.564006
0.456041
1.82248
1.63754
1.47052
1.64064
2.14114
2.28451
7.54778
5.98295
7.7366
12.2119
5.3729
5.12897
1.55708
0.745879
0.440087
1.73969
1.79663
1.47018
1.51905
2.08649
2.04851
5.44806
5.96993
6.29614
12.2055
5.97956
5.06207
1.96885
0.900491
0.45619
1.64737
1.96978
1.43312
1.43002
1.99932
1.94394
3.79951
6.1425
5.91025
12.1598
6.70371
4.90684
2.84331
0.981438
0.505066
