10.4294
11.5868
13.3054
9.68787
9.96398
13.5043
10.719
9.95138
6.58343
4.47155
7.02832
4.03399
1.64644
1.90271
15.2963
10.868
11.3279
13.0732
9.93368
9.18757
12.4
10.7039
10.5793
7.14059
4.44495
5.81426
4.75563
1.67813
1.68197
14.1421
11.5848
10.9821
12.8027
10.7249
8.89699
10.2766
10.7667
10.7091
7.94497
4.46618
4.98615
5.84314
1.78331
1.70337
10.9054
11.5753
10.7741
12.2975
12.7613
9.45207
9.38095
10.7573
10.7155
8.52724
4.68098
4.5763
7.20285
1.92604
1.69918
7.67249
11.5757
11.2074
12.0244
15.3084
9.47142
10.1201
10.8189
10.7104
9.20581
4.59194
4.51719
8.5479
2.35502
1.70041
4.94874
11.6093
11.4923
11.8784
14.4024
9.35007
11.2309
11.0796
10.6982
10.1145
4.99971
4.20073
9.06531
2.79953
1.68101
3.38024
11.6279
12.8053
12.3211
13.6657
9.34278
11.5488
11.8552
10.689
10.5555
6.24374
3.99847
8.86557
2.97268
1.66661
2.88554
11.6432
13.5501
12.9312
13.2849
9.42787
11.3322
13.3293
10.7131
10.5725
7.30284
3.94159
8.54617
3.0809
1.66955
2.66072
11.6433
12.0219
13.4867
13.3653
9.71766
10.7016
14.5274
10.716
10.637
8.21714
4.1557
7.38135
3.48096
1.66203
2.39409
12.1142
11.6279
13.5539
13.9614
9.99446
9.92586
12.9348
10.7396
10.6339
9.5322
4.37721
5.78916
4.42416
1.66789
2.10794
13.7442
11.6228
14.035
14.1771
10.7186
10.1442
11.0583
10.7592
10.6437
10.5547
4.48571
4.62736
5.50497
1.77036
1.9145
15.5233
11.6376
15.1709
14.431
12.8095
10.2707
10.228
10.7567
10.6582
10.5695
4.98015
4.40584
6.67806
1.83962
1.88264
13.0592
11.6346
16.2372
15.274
15.7456
10.4635
9.9649
10.8087
10.6766
10.5935
5.89518
4.21467
6.84799
2.08252
1.98356
9.98574
11.6164
16.3216
15.6768
17.0317
10.657
9.80815
11.0451
10.6732
10.6088
7.51718
4.14005
5.34818
2.3886
2.12111
6.89814
11.5762
14.7626
15.867
16.3737
10.8132
9.73392
11.6939
10.6739
10.6516
9.36901
4.23227
4.21075
2.87206
2.35729
4.81149
11.5228
13.1618
16.0934
15.7019
10.9622
9.7867
12.9775
10.6831
10.6638
10.581
4.72771
4.36079
4.6311
2.4999
3.8841
11.4645
11.7744
16.4018
15.8425
11.1285
10.0557
11.8878
10.6761
10.6606
10.5573
5.85483
4.59616
6.70489
2.93027
3.69154
11.8866
11.3884
16.7408
15.8683
11.5997
10.3908
10.5709
10.7113
10.6551
10.564
7.38163
4.90683
6.50579
3.87588
4.08986
13.4334
11.2808
17.4122
16.0314
13.1
11.1605
10.816
10.7797
10.6582
10.5637
9.20844
5.6546
6.89367
5.42182
5.21982
15.2146
11.1764
18.0998
15.8188
15.4686
11.195
11.2722
10.7735
10.6612
10.5934
10.3712
6.79351
7.62783
7.26189
7.16682
16.8595
11.0962
17.3162
16.0173
15.7153
10.8675
11.2003
10.8681
10.6612
10.591
10.5666
8.16927
8.7534
9.83468
9.76166
18.2379
11.0514
15.9981
16.1992
15.3785
10.5106
10.6664
10.962
10.6612
10.6301
10.5681
9.60585
9.93507
12.7683
12.0861
18.2716
11.0432
14.5414
16.4065
15.2983
10.6555
10.3236
11.0601
10.6821
10.6607
10.5509
10.4588
10.714
14.5319
14.4969
18.2611
11.0222
13.0221
17.2905
15.082
10.9209
10.4196
11.6223
10.6907
10.6547
10.5757
10.4966
10.8073
16.1091
16.6071
18.3565
10.9894
11.586
18.0284
15.0265
11.2535
10.6891
11.022
10.6872
10.6611
10.5908
10.5105
10.7333
16.2035
17.4171
18.7395
11.022
10.9514
18.0271
15.24
12.8993
10.858
10.7797
10.7298
10.6611
10.5914
10.5321
10.64
14.5408
18.0509
19.0079
12.078
10.9217
18.2171
15.6899
15.0958
10.9558
10.7445
10.7886
10.6581
10.6062
10.573
10.6218
13.0132
18.3783
18.9918
13.5624
10.8329
18.3645
16.5015
14.7438
11.1128
10.7823
10.7672
10.6671
10.6212
10.5897
10.6391
11.5154
18.1966
18.9797
15.1155
10.6902
17.3002
17.4926
14.2842
11.235
10.7955
10.853
10.6674
10.6338
10.6147
10.6185
10.718
17.62
18.8227
16.6399
10.5866
15.5617
17.59
14.0376
11.3824
10.8048
11.1014
10.6705
10.6489
10.6249
10.6214
10.6756
16.3114
18.6726
17.8071
10.4851
13.854
17.7371
13.6648
11.5719
11.0553
11.9965
10.6734
10.6611
10.6003
10.612
10.6515
14.8709
18.4934
18.4403
10.4638
12.1647
17.8238
13.6952
11.9027
11.3828
11.3895
10.6943
10.6611
10.5912
10.585
10.637
13.5087
17.8745
18.7179
10.4717
10.9634
17.8019
14.271
12.1953
11.6384
11.5657
10.6915
10.6702
10.6113
10.5569
10.6298
12.0936
16.8274
18.7122
10.5112
10.5577
17.7845
15.6983
12.7682
11.5323
11.6049
10.7024
10.673
10.5994
10.5328
10.6213
11.0532
15.3992
18.3237
10.6152
10.5528
17.9837
16.7838
12.3331
11.0895
11.7609
10.7676
10.6733
10.6274
10.518
10.5847
10.6544
13.8218
17.7315
10.6765
10.5393
16.7734
17.3127
11.9272
10.2431
11.3856
10.7846
10.6674
10.6548
10.5055
10.5694
10.6006
12.3702
16.166
10.5992
10.4412
14.3569
17.5644
11.5686
9.6147
11.2076
11.2247
10.6611
10.6548
10.5087
10.5206
10.6003
11.2613
14.3785
10.6659
10.1597
12.2963
17.763
12.1476
9.4032
10.7044
12.3594
10.6579
10.6582
10.5266
10.5083
10.5708
10.6275
12.8409
10.6935
9.83365
10.6934
17.8523
13.9177
8.72295
9.87839
13.8626
10.649
10.658
10.5327
10.5055
10.5467
10.5157
11.4513
10.5347
9.54805
9.42857
17.8665
15.1505
8.96988
8.94497
13.8509
10.6672
10.6519
10.5903
10.5024
10.5942
10.545
10.6435
10.546
9.98888
9.14076
17.8858
16.0903
9.86357
8.62667
13.9059
10.6795
10.6518
10.6513
10.5027
10.5906
10.4987
10.5007
10.5119
10.5067
8.88082
17.9318
16.5396
10.4384
9.03731
13.6034
10.743
10.6549
10.6482
10.5148
10.5608
10.4745
10.5148
10.3843
10.4565
8.69085
16.3224
16.3873
11.1888
9.11426
12.5064
10.7973
10.6489
10.6611
10.5242
10.5478
10.4841
10.4822
10.3666
10.4357
8.62347
13.4422
16.1808
12.0638
9.58413
11.8151
10.8097
10.652
10.6611
10.5144
10.5361
10.5335
10.4871
10.3972
10.3915
8.48617
11.0204
16.5
13.347
10.2509
11.2751
11.1545
10.6557
10.6583
10.5386
10.5175
10.5961
10.457
10.4284
10.3518
8.39135
9.2296
16.884
14.7018
10.52
10.6333
11.9122
10.6582
10.6583
10.5658
10.511
10.5847
10.4199
10.4541
10.3473
8.23114
8.29671
17.4972
15.663
10.4933
10.3404
10.8695
10.6642
10.6611
10.5569
10.5021
10.5391
10.3974
10.4081
10.3023
8.98552
8.13787
18.1489
15.5628
10.9199
9.67412
10.6936
10.7043
10.6611
10.5814
10.4961
10.5308
10.4128
10.3951
10.2703
10.0442
8.11459
17.9402
15.4752
11.1304
9.6424
10.8158
10.707
10.6611
10.5933
10.484
10.5116
10.4126
10.4077
10.2673
10.3217
8.08398
16.5179
15.459
11.7387
9.63366
10.5636
10.7693
10.6702
10.5846
10.478
10.5079
10.4988
10.4162
10.2643
10.3176
8.0288
13.95
15.5338
12.7015
10.1958
9.99745
10.87
10.676
10.6091
10.4718
10.5089
10.5839
10.422
10.2609
10.2678
8.08472
11.472
15.7742
13.8785
10.89
10.4512
11.1576
10.7126
10.6302
10.4628
10.4874
10.5895
10.4257
10.3196
10.2489
8.22806
9.68126
16.0142
15.2267
10.8776
10.4337
12.2586
10.7344
10.6333
10.4537
10.469
10.6097
10.4282
10.3031
10.2401
8.20466
8.5882
16.4788
16.4335
10.8883
10.2927
11.8273
10.739
10.658
10.4443
10.4628
10.5674
10.438
10.3934
10.2303
8.6331
8.12485
16.8194
16.8658
10.9859
9.99578
10.7209
10.7352
10.6674
10.4412
10.4416
10.5211
10.4413
10.4441
10.2184
9.8286
8.13514
16.412
16.9195
11.2448
10.4017
10.434
10.7376
10.6674
10.4806
10.4384
10.5179
10.4744
10.447
10.2248
10.3074
8.26197
15.8768
16.505
12.1341
10.8054
10.516
10.7346
10.6793
10.4863
10.4444
10.5025
10.4833
10.4474
10.2266
10.2467
8.46279
14.4352
16.0437
13.1598
10.8515
10.3298
10.7396
10.6939
10.5445
10.4413
10.4812
10.5502
10.4666
10.2019
10.2312
8.6682
11.8026
15.7663
14.1185
10.9241
10.021
10.8558
10.6878
10.6087
10.435
10.4812
10.6008
10.4686
10.2363
10.1872
8.68729
10.0211
15.9778
15.2329
10.9535
9.84365
10.9058
10.7192
10.6116
10.435
10.46
10.5486
10.4631
10.3086
10.1972
8.6985
9.0372
16.4128
16.2655
10.9493
10.1237
9.99247
10.3883
10.6485
10.435
10.4384
10.5366
10.4691
10.3088
10.219
8.96479
8.85782
16.9036
16.8987
11.0923
10.1004
10.0448
9.88848
10.6611
10.435
10.4384
10.4994
10.4624
10.4366
10.2335
10.0937
9.03023
16.9358
16.7685
11.72
10.0927
10.1922
9.44957
10.6611
10.4531
10.435
10.469
10.4687
10.453
10.231
10.3201
9.01956
16.7787
16.6065
12.7436
10.156
10.0346
8.95862
10.6611
10.4956
10.435
10.4568
10.4779
10.4442
10.2277
10.2524
9.11838
14.4148
16.2786
13.9733
10.5124
9.94248
8.19052
10.6674
10.4956
10.423
10.4231
10.4654
10.4381
10.2362
10.2248
9.03154
11.6973
15.2241
15.0493
10.7093
10.1566
7.51117
10.6583
10.5565
10.4137
10.4078
10.5018
10.4318
10.2423
10.2184
8.3818
9.93435
13.7541
15.9578
10.7975
10.1794
7.22089
10.377
10.6147
10.4074
10.3986
10.5304
10.4227
10.3093
10.2003
7.39457
8.04133
12.2936
16.5226
10.8584
10.0511
6.77767
10.0498
10.6147
10.4259
10.3953
10.4723
10.423
10.3947
10.1884
7.06446
6.71036
11.1713
16.7213
10.9086
10.1314
6.74581
10.0236
10.6401
10.435
10.3986
10.4629
10.4262
10.4008
10.1852
8.23123
6.61854
10.103
16.8655
11.5908
10.0986
6.71599
9.99335
10.6282
10.435
10.4044
10.4327
10.4288
10.4293
10.1791
9.12872
7.11336
8.71123
15.5118
12.7405
10.1403
6.98573
10.0076
10.4407
10.4531
10.4047
10.4141
10.4319
10.4259
10.1822
9.20671
7.85918
9.00632
12.6373
13.9924
10.3341
6.96393
9.98905
10.1489
10.4987
10.4106
10.4107
10.4474
10.426
10.1938
9.7648
8.26275
9.529
10.8698
15.4317
10.5471
6.8454
10.1535
10.1321
10.4987
10.4259
10.4106
10.4439
10.4259
10.2694
10.1911
8.05826
9.38618
10.3375
16.7939
10.4247
6.77404
9.74989
10.1488
10.5657
10.4321
10.4199
10.4594
10.426
10.2693
10.2004
7.95935
9.22026
9.78451
17.6083
10.2649
6.63767
8.664
10.1825
10.5886
10.4321
10.4232
10.4776
10.4196
10.3488
10.2087
7.86189
9.22173
9.12909
17.2845
10.313
6.60512
7.50779
10.212
10.424
10.4321
10.429
10.4654
10.4259
10.3894
10.2183
7.89625
8.84156
8.76225
15.0597
10.9626
6.96059
6.56426
10.2858
10.2744
10.4381
10.4321
10.4659
10.4321
10.3894
10.2365
8.09498
8.65361
8.77167
12.071
12.2497
7.4932
6.1983
10.314
10.3196
10.4381
10.4321
10.4444
10.4321
10.377
10.2491
8.61793
8.47025
8.98516
10.2896
13.6543
8.01802
6.05747
10.4374
10.3097
10.4594
10.4321
10.4321
10.4321
10.3714
10.2698
10.0556
8.871
8.67857
9.63588
15.0839
8.25575
5.76833
10.4541
10.3079
10.4866
10.4321
10.4321
10.4321
10.3711
10.303
10.2432
8.42047
8.24906
8.79267
16.2894
8.00868
5.33542
9.82348
10.3638
10.3736
10.4321
10.4321
10.4321
10.386
10.3616
10.2549
7.87897
8.25703
8.23477
15.2055
7.71984
4.82325
8.73015
10.4075
10.37
10.4321
10.4321
10.4321
10.4136
10.3652
10.2519
7.43366
8.60067
8.46116
12.4847
8.00572
4.3583
7.50274
10.4707
10.3612
10.4321
10.4321
10.4321
10.4136
10.3652
10.255
7.03088
7.15854
8.10406
10.5909
8.56864
4.03038
6.32615
10.5917
10.3517
10.4321
10.4321
10.4321
10.429
10.3648
10.2609
7.63506
7.01197
7.7849
10.0231
9.52033
3.71397
5.66763
10.6286
10.3397
10.4321
10.4321
10.4321
10.4321
10.3618
10.264
8.79061
7.53127
8.09082
9.60614
11.4233
3.62481
5.76655
10.5723
10.3127
10.3934
10.4321
10.4321
10.4321
10.3618
10.3068
9.42605
8.56927
8.68319
8.87887
13.5422
3.58255
5.69596
10.5367
10.3137
10.3088
10.4321
10.4321
10.4321
10.359
10.3159
9.94568
9.11624
9.78011
9.01758
11.2697
3.22556
5.28107
10.3684
10.3086
10.2875
10.4321
10.4321
10.4321
10.3558
10.3614
10.3007
9.4574
10.4737
8.62693
9.59275
2.84779
4.66624
9.85369
10.4816
10.2661
10.4204
10.4321
10.429
10.3558
10.359
10.304
9.81112
11.3276
8.35712
8.71063
2.45963
3.77371
8.74924
10.5493
10.2472
10.2993
10.4321
10.4321
10.3468
10.3558
10.3194
9.91301
12.5104
8.59514
8.5017
2.24917
2.55943
7.76414
10.5644
10.2551
10.2391
10.4259
10.4321
10.3375
10.3436
10.3313
10.0482
14.6117
10.2269
9.02749
2.33637
2.00955
7.24661
10.5503
10.2472
10.2261
10.42
10.4321
10.3315
10.3223
10.3403
10.061
14.6412
11.9736
10.1395
3.90808
1.77753
6.1275
10.5479
10.3481
10.2303
10.4139
10.4321
10.3402
10.3099
10.3496
10.1261
13.3165
12.654
11.5557
6.6119
1.67519
4.84844
10.56
10.3686
10.2291
10.3406
10.4231
10.3341
10.2977
10.3648
10.29
12.1028
12.7938
12.7627
9.70983
1.81705
4.03966
10.2457
10.4561
10.2531
10.2118
10.4018
10.3646
10.2978
10.3528
10.3529
11.167
13.1849
12.9881
12.7336
1.68551
3.04199
9.31714
10.4921
10.2535
10.2286
10.3958
10.3952
10.2948
10.3558
10.3436
10.678
13.547
13.157
15.1344
1.46951
1.77768
7.79088
10.5071
10.3375
10.2029
10.3895
10.3952
10.304
10.3499
10.3376
10.4865
13.8904
13.2762
16.1971
2.00827
1.36326
5.93717
10.563
10.4318
10.2256
10.3802
10.3952
10.316
10.3407
10.3282
10.3807
14.376
13.4544
15.8894
4.02691
1.22375
4.17744
10.5096
10.4899
10.1725
10.3194
10.3865
10.3254
10.35
10.3348
10.3438
14.678
13.6751
14.9326
6.05764
1.16904
2.75265
10.4195
10.4986
10.2067
9.92381
10.3833
10.3377
10.3469
10.3435
10.3377
15.0026
13.9855
13.6625
7.23596
1.28346
1.79996
10.2726
10.523
10.2427
9.93599
10.3831
10.3617
10.3468
10.3733
10.3499
15.4525
14.246
12.3257
8.33737
1.41705
1.53784
9.37643
10.5613
10.2641
9.95667
10.3681
10.362
10.3497
10.3623
10.3531
14.8561
14.525
11.1198
8.72395
1.46442
1.49484
7.59262
10.6259
10.4919
9.9816
10.3621
10.3585
10.3527
10.3527
10.3616
13.2658
14.7514
10.0479
7.7387
1.52902
1.4518
5.89176
10.6004
10.5416
10.0221
9.98317
10.3527
10.3527
10.3558
10.3676
11.7141
15.0012
9.07516
6.95498
2.05975
1.48879
4.25023
10.525
10.5564
10.0698
10.0178
10.3528
10.3528
10.3527
10.386
10.7918
15.0898
8.46051
6.37138
3.04519
1.49628
2.5254
10.5294
10.5712
10.1037
9.98317
10.3558
10.3618
10.3495
10.3925
10.4103
15.2193
7.96952
6.05153
4.1587
1.54324
1.59533
9.7891
10.5745
10.5602
9.6093
10.3558
10.3649
10.3495
10.4194
10.4048
15.3635
7.39989
5.75559
5.163
1.55439
1.51739
8.30013
10.571
10.5601
9.62508
9.98317
10.3684
10.3495
10.405
10.416
15.4883
7.1259
5.40061
5.98939
1.88089
1.30081
6.95571
10.6026
10.5591
9.67904
9.63946
10.3558
10.3495
10.4019
10.4101
15.6575
7.0225
5.15281
5.83473
2.57945
1.13905
5.74904
10.5865
10.5504
9.72543
9.65385
10.3558
10.3527
10.3657
10.4106
14.7371
6.82807
4.99423
5.64487
3.42744
1.26843
4.31642
10.0795
10.533
9.78362
9.70767
10.3558
10.3558
10.359
10.4037
13.2177
6.82921
4.77761
5.35191
4.46327
1.74258
3.38986
9.62437
10.518
10.1901
9.75406
10.0191
10.3558
10.3647
10.3858
11.6821
7.0321
4.72225
5.15569
5.43604
2.39753
3.37971
9.04147
10.507
10.5708
9.81388
9.87261
10.3589
10.3615
10.3795
10.7417
7.10916
4.73873
5.05536
5.89122
3.01283
3.58855
8.51686
10.0752
10.5332
9.97612
9.9031
10.3649
10.3613
10.379
10.3705
7.27712
4.8379
4.93125
5.96032
3.64667
3.72004
8.1383
9.16112
10.5453
10.0411
9.60934
10.3743
10.3583
10.3741
10.3732
7.58514
4.93538
4.93417
5.91655
4.21909
4.13695
7.45103
8.26172
10.5361
10.2028
9.63676
10.3807
10.365
10.3701
10.358
7.72823
5.0532
4.98323
5.68513
4.93791
4.55645
6.81654
7.58442
10.5165
10.5575
9.57
9.99701
10.3711
10.3732
10.3612
7.92811
5.21494
5.05411
5.50938
5.487
4.83144
6.50812
6.747
10.0397
10.5525
9.59549
9.62272
10.3739
10.3826
10.3669
8.27965
5.20674
5.06234
5.39423
5.5981
4.98434
6.82226
6.36261
9.14647
10.5424
9.66458
9.58489
10.3828
10.3893
10.3701
8.64385
5.26868
5.08123
5.28771
5.77203
5.14726
7.12752
6.24992
8.18114
10.5361
9.72623
9.60741
10.3865
10.3953
10.3701
9.23489
5.3795
5.12505
5.25046
5.98222
5.24811
6.86188
6.09583
7.20791
10.5241
10.254
9.59466
10.0855
10.3894
10.3794
10.1667
5.37292
5.16582
5.26791
5.94465
5.42827
6.58478
6.04517
6.46749
10.5107
10.5302
9.59829
9.65042
10.3955
10.4189
10.8918
5.47897
5.18771
5.28742
5.91955
5.60288
6.06799
6.01971
5.95939
10.2217
10.5452
9.66152
9.61898
10.4008
10.4346
10.7473
5.77363
5.25751
5.31552
5.93363
5.7109
5.82804
6.53662
5.89448
9.34329
10.5542
9.72308
9.60488
10.3882
10.4345
10.3943
5.89499
5.34136
5.39184
5.78585
5.79845
5.78001
6.68548
5.92531
8.2668
10.5543
9.86637
9.61898
10.3766
10.4279
10.3976
6.19143
5.38893
5.37517
5.72929
5.96582
5.81642
6.76899
5.97691
7.27942
10.5605
10.2586
9.60488
10.0542
10.4222
10.4003
6.60915
5.40331
5.3755
5.7055
6.025
5.86694
6.43965
5.93518
6.66981
10.4931
10.5768
9.64943
9.61592
10.368
10.3887
6.85357
5.50662
5.38785
5.63793
6.23539
5.88836
6.04262
5.86078
6.13383
10.3847
10.5727
9.69582
9.59864
10.3746
10.4043
7.00175
5.71094
5.39255
5.63809
6.51762
5.92307
5.90324
5.92289
5.84166
9.96414
10.5693
9.75392
9.5995
10.3612
10.3739
7.16414
5.7945
5.39878
5.63406
6.5648
5.97321
5.83286
5.87621
5.88548
8.89152
10.5696
10.1853
9.58941
10.3649
10.4073
7.26144
5.97084
5.41389
5.61496
6.72781
6.06788
5.83097
5.55009
5.81873
7.45732
10.5876
10.5811
9.56964
9.98246
10.4011
7.18991
6.22633
5.45944
5.59471
6.70859
6.12578
5.78984
5.2088
5.30156
6.19292
10.5756
10.6086
9.57431
9.61946
10.3976
7.30929
6.36096
5.49906
5.56443
6.60217
6.26826
5.81641
5.007
4.8273
4.98349
10.6025
10.6208
9.60716
9.58787
10.3827
7.79193
6.53913
5.65193
5.55415
6.52219
6.51715
5.86329
5.04224
4.36482
4.11357
10.6167
10.6238
9.65009
9.58025
10.3678
8.60738
6.79073
5.76217
5.55068
6.51722
6.6224
6.01513
5.14137
4.12936
3.33354
10.6626
10.6483
10.1313
9.58737
10.3647
9.41584
6.8119
6.00524
5.56376
6.25829
6.78472
6.16978
4.96799
3.97887
2.65421
10.4227
10.6424
10.5628
9.57996
10.091
10.0757
6.9142
6.31106
5.61669
6.12471
6.95795
6.21394
5.33016
3.80144
2.16562
8.81706
10.664
10.5936
9.59422
9.60576
10.3678
6.92117
6.42902
5.6774
5.99601
7.05671
6.35172
5.90853
3.52855
1.89395
6.84776
10.7065
10.6241
9.60399
9.57386
10.3465
6.76226
6.43203
5.68928
5.73622
7.21293
6.48533
6.05712
3.5703
1.72548
4.73718
10.7943
10.6266
10.0495
9.57925
10.3469
7.18067
6.40834
5.68591
5.67524
7.39961
6.55834
6.24562
4.02665
1.64976
2.74081
10.8666
10.6631
10.4654
9.57648
10.3373
7.79859
6.37563
5.78746
5.65616
7.4882
6.76657
6.31788
4.50084
1.60914
1.71162
11.13
10.7184
10.4685
9.56137
10.0787
8.09512
6.38013
5.93355
5.66817
7.75127
6.98149
6.39595
5.3021
1.84399
1.60291
11.4102
10.7371
10.5107
9.5461
9.69009
8.62224
6.4168
6.00798
5.62979
7.78394
7.0497
6.4572
6.07185
2.21217
1.54062
10.7935
10.7985
10.5531
9.57673
9.68529
9.45901
6.43732
6.23607
5.5454
7.27778
7.24967
6.51538
6.32812
2.95089
1.48095
8.01625
10.8884
10.5569
9.54958
9.65541
9.72675
6.55383
6.3893
5.43293
6.84436
7.39845
6.57916
6.56637
3.88578
1.48186
5.35688
11.0053
10.5872
9.96126
9.61793
9.90478
6.779
6.35685
5.31848
6.48942
7.38718
6.70282
6.59367
4.6729
1.54392
2.87936
11.5048
10.6144
10.3614
9.99126
10.0053
6.78454
6.46723
5.28034
5.94826
7.53675
6.87134
6.62288
5.55075
1.615
1.66396
11.9565
10.5995
10.4314
10.002
10.005
6.82009
6.49572
5.24192
5.55726
7.66495
6.9594
6.65302
6.34575
2.11446
1.6376
12.7865
10.6928
10.4277
9.95654
9.9411
7.00389
6.48168
5.26568
5.39094
7.56724
7.18967
6.73891
6.65911
2.98079
1.73315
11.1302
10.7693
10.5131
10.3167
9.94986
6.94993
6.59217
5.46386
5.25375
7.6042
7.45162
6.84755
6.95936
3.91947
1.83329
8.29144
10.9411
10.5959
9.93533
9.91236
7.39418
6.57681
5.6054
5.21188
7.78759
7.40838
6.9765
7.02973
4.77914
1.84811
5.43591
11.729
10.6079
10.3339
9.90139
8.10419
6.49026
5.9676
5.16907
7.65269
7.43248
7.17599
7.12015
5.71819
1.75373
2.80903
12.4465
10.6508
10.3945
9.90957
8.68305
6.5
6.45296
5.1123
6.98608
7.41607
7.30688
7.2449
6.50947
1.85794
1.76907
13.002
10.6882
10.4037
9.91016
9.40769
6.52254
6.65228
5.12213
6.27529
7.44669
7.58541
7.3297
6.82308
2.83943
1.92294
13.965
10.6876
10.4766
9.89837
9.66012
6.48439
6.65003
5.12493
5.50077
7.50925
7.5574
7.37102
7.31638
3.88187
2.04951
11.8644
10.7114
10.5539
10.2795
9.89207
6.45634
6.6031
5.13768
5.18709
7.59082
7.39377
7.39656
7.85472
4.80343
2.03989
8.80864
10.8962
10.5663
10.2823
9.89837
6.56672
6.52403
5.42454
5.14444
7.6288
7.12313
7.43032
7.59042
5.73246
2.10875
5.91226
11.4785
10.6109
10.3065
9.90714
6.80837
6.66078
5.99889
5.14398
7.66062
6.79997
7.35962
7.54398
6.39611
2.19273
3.24468
12.3624
10.6547
10.3037
9.89837
7.42651
6.75123
6.45196
5.1921
7.76094
6.42435
7.07573
7.54625
6.62192
2.3911
2.33657
13.0724
10.6512
10.37
10.2767
8.65553
6.786
6.95933
5.28139
7.23465
6.1715
6.80364
7.57703
6.98508
3.38817
2.33674
13.7084
10.6545
10.4765
10.2766
9.326
6.85648
7.01425
5.39622
6.39467
5.88725
6.51788
7.58651
7.55401
4.31723
2.47511
14.6741
10.7816
10.4673
10.2767
9.76838
6.94084
6.96669
5.40738
5.8025
5.74557
6.3087
7.59361
7.85526
5.40553
2.59691
13.8094
11.2912
10.5342
10.2767
9.89837
7.05754
6.87544
5.60407
5.43909
5.5481
5.90524
7.5759
8.42179
6.21119
2.77342
10.9571
12.2783
10.5973
10.2767
10.2795
7.1689
6.77556
5.83816
5.51398
5.34678
5.48896
7.12213
8.59305
6.35147
2.83809
8.0507
13.1256
10.5748
10.2826
10.2767
7.3975
6.76406
6.37255
5.57884
5.24188
5.03458
6.4351
8.00524
6.37484
2.88941
5.17198
13.8272
10.5771
10.3278
10.2767
7.62438
6.75374
6.74193
5.64933
5.15719
4.68163
5.22977
7.86869
6.46921
3.67782
3.18511
14.5728
10.6682
10.3308
10.2767
8.04373
6.88154
6.71413
5.74276
5.5174
4.42676
4.52453
7.85011
6.35132
4.72209
2.93867
15.0751
10.9233
10.3944
10.2767
8.72683
6.9102
6.67378
5.87054
5.93557
4.51869
4.29843
7.7951
6.57416
5.57535
3.11568
15.4264
11.9237
10.4714
10.2829
9.32732
7.12473
6.62929
6.02383
6.2649
5.16386
4.3827
7.85845
7.08015
5.55532
3.30591
12.7983
12.946
10.4621
10.2918
9.8007
7.07522
6.62662
6.17782
6.24644
5.35365
4.59156
7.84357
7.35888
5.4085
3.3575
9.74127
13.8151
10.4928
10.2945
10.1646
6.99312
6.63002
6.51159
6.34305
5.68965
5.01306
7.22658
8.02543
5.26636
3.51547
6.90795
14.6888
10.5796
10.3101
10.2822
7.02489
6.63667
6.66482
6.50119
6.01025
5.54805
7.27194
8.47983
5.14637
3.78261
4.60155
15.2343
10.6857
10.3222
10.2914
7.23696
6.59965
6.64885
6.61429
6.32386
6.18713
7.44017
8.02142
5.0487
4.05052
3.99434
15.4991
11.5422
10.3526
10.2976
7.93633
6.59511
6.54697
6.71741
6.62017
6.57147
7.45554
7.80927
4.97548
5.08852
4.24691
16.0384
12.7414
10.3641
10.3066
8.54408
6.35368
6.48893
6.80014
7.06768
6.75956
7.38996
7.78759
4.95103
5.36374
4.55135
14.303
13.8035
10.4132
10.3373
9.33783
6.12046
6.34002
6.65108
7.28885
6.93268
7.2788
7.72956
4.90169
5.16709
4.70773
11.4894
14.8886
10.4772
10.3373
10.1081
6.02166
6.20257
6.45928
7.13545
7.16774
7.25853
7.59244
5.29754
5.29032
4.81367
8.86981
15.889
10.5072
10.3524
10.2695
6.0524
5.81529
6.25723
7.06281
7.1843
7.32534
7.29189
5.85903
5.30285
4.9734
6.50236
16.2731
11.0319
10.3706
10.2634
6.76714
5.67739
6.03255
7.00018
7.26915
7.1691
6.94672
6.77895
5.22266
5.12602
5.3024
16.51
12.1718
10.3737
10.2631
8.19088
5.43718
5.82387
6.83245
7.61611
7.08785
6.631
7.0427
5.34656
5.37529
5.33586
16.8578
13.4
10.4044
10.291
8.974
5.35319
5.62101
6.62295
7.75556
6.93484
6.39317
6.3968
4.99912
5.31497
5.45627
15.6642
14.7203
10.4681
10.291
9.18032
5.21319
5.32618
6.34548
7.81141
6.81222
6.27796
6.19826
4.58763
5.29527
5.46713
13.1884
16.0305
10.5018
10.3123
9.2032
5.51909
5.1523
6.01202
7.50289
6.73518
6.68861
6.06088
4.22415
5.23956
5.53962
10.7827
16.7456
10.6695
10.3368
9.14304
6.17175
5.08492
5.60396
6.98238
6.76595
7.35962
5.96294
4.03056
4.53855
5.71648
8.38648
16.8143
11.1639
10.3368
9.31816
7.39117
4.86814
5.14814
6.69952
6.85718
7.18886
5.91492
3.96359
4.08109
5.90042
6.41564
16.9042
12.2057
10.3729
9.88325
9.45377
4.69094
4.68205
6.4607
7.04967
7.10508
5.81215
4.00289
3.9209
5.41755
6.03623
16.9775
13.5879
10.4275
10.2664
10.5874
4.68796
4.45362
5.84413
7.79487
7.16522
5.66831
4.91508
3.89475
4.92337
6.20897
17.1494
14.9456
10.4303
10.2695
10.5086
5.68521
4.32638
5.19236
8.08495
7.1441
5.51215
6.05948
4.0999
4.8014
6.42004
15.3113
16.192
10.5046
10.3001
10.2692
7.28871
4.14001
4.59127
7.08649
7.3098
5.42986
6.41629
4.49622
4.6873
6.5086
13.0475
17.1843
10.63
10.3093
10.2754
9.41748
3.91504
3.92227
6.2295
7.63909
5.57596
5.97522
4.98673
4.50453
6.68517
10.8653
17.3641
10.8954
10.3399
10.2904
11.8903
4.33666
3.82724
5.42313
7.97513
6.62582
5.37633
5.30398
4.29275
6.92197
8.84476
17.4264
11.9548
10.3579
10.303
14.122
5.57973
3.75075
4.24555
8.16238
6.74022
5.4788
5.31594
4.10444
5.97965
7.61023
17.4578
13.2406
10.355
10.318
14.4207
7.61881
3.41763
3.37039
7.14715
6.23141
5.6828
5.2329
3.97621
5.08105
7.45371
17.5185
14.5827
10.3918
10.3274
12.8824
9.98977
3.74487
3.22375
5.75485
5.75779
5.94123
5.87544
3.89686
4.13937
7.68292
17.1779
16.0411
10.4432
10.3458
11.5001
12.4635
5.1575
3.34127
4.76007
5.32914
6.24562
6.58238
3.8109
3.83236
7.88043
15.2865
17.118
10.4464
10.3577
10.6638
14.5366
6.90322
3.87548
4.47699
5.08605
6.50448
6.86027
4.09483
3.72282
7.97867
13.3901
17.5683
10.8589
10.3705
10.37
16.0323
8.98554
5.04978
4.98541
5.0859
6.7023
7.47337
4.70885
3.62474
8.06215
11.3554
17.6734
12.0161
10.3743
10.3763
16.9779
11.4674
6.72477
6.55299
5.6352
6.46336
8.04392
5.1237
3.51262
7.66333
9.33598
17.7023
13.3887
10.3795
10.3887
17.3309
13.4508
8.48397
8.206
6.55295
6.44068
7.22306
5.51182
3.45536
6.45058
8.41144
17.6495
14.7848
10.3632
10.3616
16.1014
14.8305
10.1903
9.61362
7.57315
6.65541
6.97276
5.96667
3.42689
5.20072
8.23085
17.5733
16.2395
10.3261
10.3408
14.5916
16.1208
11.7529
10.6689
8.25637
7.3602
6.92236
6.2849
3.38913
4.31088
8.06518
17.0773
17.4244
10.3438
10.284
13.014
17.2681
12.9788
11.1487
8.74089
7.91487
6.9084
6.95914
3.35509
3.51418
8.0575
15.1649
17.6899
10.6197
10.2818
11.6349
17.9431
14.2764
11.4916
9.38253
8.25747
6.98245
7.91839
3.3583
3.32984
8.07238
13.1144
17.5513
11.6402
10.3545
10.7685
17.9578
15.6456
12.0396
10.2622
8.44121
7.05374
8.59184
3.85051
3.3391
8.1446
11.173
17.6216
13.2446
10.3666
10.4163
17.8619
16.8216
13.0051
11.166
8.51748
7.18044
8.43387
4.70043
3.41424
8.065
9.49996
17.6893
14.7322
10.343
10.4163
17.5122
17.6821
14.2878
12.3859
8.5816
7.33443
8.15584
5.28249
3.54479
7.59615
8.5513
17.7545
16.1611
10.3344
10.3836
16.2939
18.226
15.6234
13.7537
8.65842
7.55764
7.72061
6.26753
3.71625
6.49096
8.42788
17.8119
17.4628
10.3308
10.3464
14.9033
18.0229
16.8844
15.0293
9.07752
7.80862
7.77524
7.69506
3.94923
5.61728
8.47136
17.0995
18.0164
10.3945
10.3736
13.4057
17.8779
17.8948
16.256
10.3632
8.38906
7.90185
8.84735
4.22825
5.00871
8.59145
15.3528
18.1166
11.2583
10.4043
11.8809
17.837
18.2655
17.3659
12.2316
8.61588
7.97338
9.93507
4.54859
4.47605
8.59287
13.524
18.3583
12.7853
10.4115
10.8603
17.7316
18.1376
18.2348
14.31
8.50362
7.96436
10.3922
5.0308
4.70912
8.52543
11.6016
18.2888
14.3176
10.4085
10.5359
17.2222
18.0815
18.461
16.3367
8.44343
7.90639
9.45577
6.22525
4.97352
8.48679
9.992
18.2153
15.8786
10.4104
10.4503
16.0005
17.9606
18.2767
18.005
8.56208
7.79622
8.57332
7.46112
5.25351
8.47409
9.09374
18.2087
17.2887
10.4333
10.4305
14.5105
17.8446
18.156
18.4804
9.35491
7.63617
7.9717
8.19016
5.66084
8.46253
8.66709
17.9044
18.0517
10.51
10.3205
13.1783
17.7954
18.0139
18.3814
10.2892
7.4848
7.43348
8.92136
6.15626
8.28877
8.52669
16.1686
18.3126
11.0106
10.261
11.9
17.7314
17.9562
18.2722
11.0182
7.38441
7.25944
8.8805
6.69176
7.80804
8.52943
14.0454
18.5042
12.2176
10.3364
10.8922
17.7066
17.9084
18.2378
12.0016
7.61444
7.18484
8.55355
7.20774
7.72165
8.59365
12.3333
18.3151
13.8717
10.3935
10.6534
17.7017
17.8556
18.2561
13.3061
8.04775
7.21259
8.4304
7.57213
7.58094
8.64634
10.5591
17.4347
15.4794
10.4246
10.7235
17.4592
17.815
18.2738
14.2685
8.59538
7.32278
8.48874
7.61416
7.71883
8.71075
9.03651
15.0715
16.9904
10.4303
10.5863
17.2825
17.8089
18.1901
15.016
9.7887
7.52986
8.24513
7.16008
7.5779
8.79996
8.51945
11.9703
18.2502
10.4442
10.4592
17.2592
17.7724
18.1252
15.8155
11.534
7.74234
8.2218
6.57233
7.03763
8.8923
7.68958
9.05803
17.7632
10.5005
10.5201
16.9935
17.7178
18.1363
16.3883
13.3737
7.89523
8.26311
6.01299
6.36366
9.00408
6.29455
6.54936
15.1393
11.116
10.5435
16.1397
17.6596
18.068
17.0582
12.3336
8.00267
8.0683
5.57813
5.80552
9.14656
5.48092
4.98471
11.9087
12.5424
10.5502
15.0728
17.4274
17.9685
17.1303
11.2294
8.2188
8.14365
5.35681
5.32762
9.04639
6.3657
4.00608
8.68392
14.1482
10.5347
13.751
16.5745
17.7842
16.6938
10.5397
8.74223
8.22784
5.29481
5.25075
8.20742
7.51179
3.30183
5.51442
15.8442
10.5151
12.2897
15.7371
17.6659
15.953
10.2836
9.3768
8.37435
5.63659
5.23746
6.90411
8.74008
2.63795
2.97116
17.5511
10.4696
11.1474
14.7735
17.6811
15.1679
10.1903
9.9212
8.51042
6.4671
5.20785
5.94658
9.58735
2.45815
2.13359
14.4076
10.4214
10.571
13.9935
17.6124
14.5813
10.3553
10.6582
8.67112
7.1913
5.03974
5.37166
9.64438
2.7628
2.02186
11.0555
10.5207
10.3965
13.5896
17.5342
14.1265
10.5758
11.6109
8.8638
8.39983
4.83712
4.82889
9.68055
3.15111
1.83655
7.61979
10.9997
10.3995
13.6182
17.3454
12.8258
10.1994
11.2494
9.12532
9.10121
4.55727
4.48353
9.29413
3.87827
1.74581
4.307
12.3729
10.3852
13.4384
16.9115
11.1158
9.60942
10.9908
9.59367
9.23073
4.35861
4.09325
7.71021
5.03231
1.75504
2.23968
14.0852
10.3775
13.051
16.4846
9.85784
9.3491
10.647
9.99313
9.34811
4.62724
3.80217
6.15231
6.319
1.76155
1.84422
15.7439
10.3702
12.3737
16.055
9.17114
9.12021
10.3134
10.5394
9.52111
4.99642
3.70168
4.99804
7.40488
1.9057
1.86379
13.7065
10.4148
11.5684
15.6227
9.37549
8.6183
9.78739
10.8638
9.61961
6.03435
3.64918
4.12389
8.50524
2.21893
1.99501
10.579
10.4413
10.9498
15.2268
11.0285
8.5481
9.39285
10.9539
9.66477
7.5408
3.7304
3.97945
9.25994
2.49034
2.06773
7.41644
10.478
10.5615
14.8862
13.5774
8.58581
9.31258
11.307
9.82428
8.63578
3.94645
3.89841
9.32096
2.81067
2.04569
4.4065
11.0584
10.5073
14.5142
14.7871
8.61438
9.29417
12.0615
10.0845
9.43363
4.232
3.86261
9.42344
3.33812
1.9548
2.75643
12.2772
10.5231
14.1298
14.422
8.61431
9.40776
13.3883
10.5593
9.70494
4.47265
3.8307
8.045
3.92216
1.81326
2.29378
13.9842
10.5485
