1.50632
2.00702
5.39005
5.99204
6.24843
6.43979
6.5817
6.7834
8.32573
12.1799
14.4622
9.33872
5.10005
4.92953
6.59022
1.99497
2.08613
5.06375
5.92107
6.23623
6.43091
6.51992
6.6801
7.16026
12.0405
14.4394
11.4006
5.39361
5.05397
6.45572
2.20459
2.08466
4.29398
5.89643
6.15377
6.44356
6.51368
6.2716
6.15014
11.641
14.3889
12.9478
5.77018
5.30992
6.37461
2.97517
1.81357
3.56345
5.81868
6.07684
6.45243
6.47047
6.18202
6.06697
10.8189
14.063
14.0722
6.17092
5.54124
6.20846
4.11027
1.78588
2.83135
5.62654
6.06777
6.44073
6.45892
6.41463
6.13035
9.99461
13.7269
14.566
6.50373
5.78324
6.21475
4.71667
1.95695
2.5158
5.39497
6.00747
6.33417
6.47077
6.68583
6.15596
8.78744
13.4503
14.4274
6.81013
5.96932
6.22351
5.41623
2.27915
2.18429
5.08313
5.92162
6.31758
6.47353
6.60869
6.24779
7.52807
13.0084
14.4734
7.77134
6.15922
6.18782
6.19443
2.67121
2.12396
4.33286
5.89693
6.21225
6.47953
6.61211
6.29377
6.72634
11.8339
14.3981
9.16872
6.60707
6.30981
6.90655
3.27102
2.16593
3.59623
5.78724
6.13463
6.48553
6.54789
6.30614
6.58798
10.8566
14.0786
11.0844
7.58704
6.53755
7.09026
3.04763
2.2554
2.86426
5.59403
6.11669
6.47076
6.49565
6.34853
6.4075
10.056
13.7756
13.0233
8.37954
6.84754
7.05859
3.01129
2.26451
2.78002
5.376
6.07735
6.41026
6.50477
6.63433
6.32414
9.12143
13.5314
13.972
8.84737
7.17806
7.11386
3.19054
2.37619
2.49461
5.03016
6.02223
6.3831
6.48926
6.65454
6.27018
8.02015
12.8794
14.2958
9.17792
7.369
7.19285
3.60748
2.64079
2.35268
4.29698
6.01356
6.30279
6.46779
6.65092
6.45617
7.5916
12.0592
14.3886
9.14756
7.4962
7.17711
4.54483
2.92459
2.41268
3.56387
5.93004
6.23887
6.45847
6.6148
6.52442
7.45576
11.3887
14.0979
9.358
7.52664
7.2082
5.41805
2.90641
2.44852
3.08026
5.79717
6.23891
6.43747
6.56577
6.61045
7.01934
10.5641
13.7497
10.1792
7.31484
7.27235
6.1793
2.86379
2.4588
2.58874
5.64333
6.18465
6.38547
6.55333
6.67247
6.63682
9.68237
13.4564
11.2559
6.97965
7.39631
6.89996
2.8334
2.63105
2.42247
5.38082
6.10471
6.37927
6.51706
6.69344
6.77805
8.92074
12.9019
12.6364
6.53525
7.59099
7.09691
2.82126
2.77414
2.37393
4.6883
6.08061
6.34894
6.48588
6.68438
6.80486
8.16874
12.4431
13.7972
6.18054
7.71963
7.07848
2.81803
2.95647
2.49053
3.95839
5.99774
6.29766
6.47676
6.63908
6.72267
7.6845
11.973
13.7999
6.06819
7.82856
7.08817
3.05791
2.80882
2.32657
3.2847
5.92178
6.27927
6.47676
6.57786
6.72865
7.12893
10.9289
13.591
5.88266
7.6791
7.08325
3.5128
2.81184
2.36368
2.62782
5.84551
6.18999
6.47082
6.56627
6.72054
6.75948
9.78931
13.4472
5.8255
6.82551
7.06353
4.47103
2.81466
2.43921
2.24815
5.62159
6.10494
6.47082
6.50809
6.69422
6.6215
8.64758
13.219
6.78623
5.8872
7.06302
5.36924
2.81169
2.42706
2.1233
5.04798
6.08987
6.43102
6.47667
6.71253
6.47678
7.48987
12.8604
8.44762
5.48406
7.05521
6.16676
2.79255
2.46701
2.13073
4.34741
6.0253
6.37055
6.47656
6.66663
6.35531
6.79134
12.279
10.0796
5.32014
7.05098
6.87607
2.77149
2.64954
1.90056
3.52192
5.98798
6.35896
6.47661
6.62059
6.41746
6.38686
10.9771
11.8232
5.24307
7.05145
7.00529
2.74304
2.84237
1.78811
2.64222
5.99447
6.27287
6.47032
6.60562
6.60798
6.31935
9.61319
13.2629
5.19171
7.28994
7.02357
2.71285
2.78127
1.6422
2.04735
5.87407
6.17795
6.462
6.54174
6.67989
6.40481
8.39073
12.5981
5.16121
7.4915
7.028
2.98075
2.70062
1.71475
1.78212
5.46745
6.17528
6.43424
6.48935
6.71824
6.58171
7.25628
11.9919
5.10354
6.67805
7.01934
3.49605
2.70388
1.87717
1.68714
4.79996
6.10772
6.38567
6.47988
6.6756
6.65237
6.74986
10.9733
5.16451
5.87238
7.00432
4.49511
2.71921
2.15764
1.71193
4.06665
6.07347
6.37026
6.45262
6.63021
6.70072
6.59262
9.49623
5.33287
5.38729
7.01369
5.42682
2.70981
2.49224
1.61707
3.03064
6.0708
6.30944
6.44341
6.6243
6.72427
6.61467
8.40174
5.73469
5.4855
7.02993
6.22419
2.69115
2.7627
1.58975
2.24052
6.02557
6.24481
6.44634
6.57227
6.7214
6.71106
7.67865
6.92617
5.51741
7.02028
6.91938
2.67683
2.82547
1.52673
1.76556
5.72052
6.2297
6.43379
6.53212
6.72765
6.7825
6.82393
8.15703
5.53424
7.07222
7.04217
2.64244
2.74513
1.71039
1.57604
4.96323
6.19902
6.39796
6.54417
6.69096
6.69157
6.48897
8.71551
5.5606
6.91813
7.04534
2.58171
2.6532
2.02523
1.56168
4.24842
6.17483
6.39479
6.52597
6.66013
6.83047
6.31766
7.78336
5.57357
6.19236
7.05592
2.80929
2.52977
2.44688
1.61723
3.1821
6.18748
6.32823
6.517
6.654
6.78955
6.19716
7.37564
5.55082
5.65211
7.06441
3.29991
2.47798
2.77518
1.65204
2.29727
6.16477
6.25105
6.52261
6.61753
6.74941
6.13256
7.14072
5.56586
5.47394
7.04308
4.30252
2.4415
2.91354
1.77029
1.99812
5.83457
6.24491
6.50749
6.62306
6.75545
6.31385
6.54451
5.74534
5.26175
7.0759
5.2378
2.41723
2.8625
1.96897
1.87527
4.92213
6.2111
6.48935
6.62941
6.70628
6.45577
6.44064
5.92628
4.93348
6.87002
6.07071
2.40542
2.78147
2.1834
2.00413
4.1853
6.20204
6.49555
6.62941
6.66659
6.6605
6.42298
6.48145
4.61312
6.23149
6.8204
2.40795
2.65269
2.54447
2.06754
3.24642
6.19888
6.44361
6.62941
6.65736
6.77068
6.54909
7.4112
4.42181
5.73233
7.01707
2.40482
2.55421
2.75156
2.14603
2.4744
6.1896
6.39187
6.63224
6.63259
6.7795
6.64199
7.81979
4.29202
5.21318
7.01697
2.40497
2.48512
2.73427
2.32739
2.11646
5.55071
6.39811
6.64835
6.62941
6.82393
6.63071
7.1014
4.29682
4.65918
7.02279
2.68123
2.39873
2.59653
2.47629
2.22348
4.72705
6.33988
6.62674
6.62911
6.83516
6.61565
6.67213
4.55244
4.68548
7.06369
3.21441
2.39269
2.46926
2.57008
2.28773
4.0513
6.29081
6.64815
6.63223
6.76793
6.69047
6.58508
5.07765
5.08128
7.06081
4.24423
2.37658
2.37255
2.5117
2.39911
3.17416
6.29052
6.59998
6.64765
6.77675
6.741
6.61116
5.57876
5.47678
7.09557
5.2094
2.35561
2.32709
2.41169
2.39592
2.47534
6.04944
6.53843
6.66559
6.71238
6.76981
6.60782
6.08267
5.89873
7.0711
6.04316
2.34367
2.25727
2.30591
2.61277
2.39561
5.0974
6.53554
6.68115
6.68795
6.76759
6.69238
6.65414
6.26846
7.08506
6.7926
2.31888
2.18991
2.17689
2.47474
2.34994
4.2585
6.46249
6.70529
6.70306
6.77641
6.73069
6.73795
6.55751
7.11848
7.01718
2.2731
2.1466
2.08271
2.36865
2.30144
3.56461
6.37967
6.73859
6.71124
6.80282
6.75599
6.77233
6.77237
7.09291
7.02952
2.23414
2.17169
2.03087
2.28993
2.2391
2.66303
6.37947
6.70609
6.72973
6.86695
6.76176
6.77937
6.91912
7.06187
7.0724
2.47351
2.20038
2.03087
2.20279
2.26202
2.21355
5.93148
6.6605
6.7392
6.88198
6.77085
6.80662
6.89014
7.01617
7.11159
2.97929
2.1575
2.07646
2.11777
2.22614
2.22624
4.93256
6.66055
6.73345
6.90462
6.77645
6.79546
6.89731
6.98542
7.08414
4.03894
2.08182
2.15908
2.16246
2.20096
2.02468
3.99035
6.58412
6.73087
6.86252
6.78621
6.80482
6.88925
6.96925
7.062
5.06834
2.01131
2.31967
2.27556
2.11115
2.05565
3.19717
6.52647
6.72695
6.79525
6.82205
6.81115
6.8694
6.95038
7.04204
5.99855
1.96546
2.34523
2.40661
2.07106
1.84098
2.19947
6.45712
6.74474
6.80179
6.8734
6.8106
6.88492
6.95046
7.02077
6.84345
1.93102
2.20083
2.53443
2.14464
1.89744
1.84581
5.59035
6.73259
6.75535
6.88579
6.82289
6.8901
6.94804
7.00074
7.12747
1.92155
2.0507
2.65061
2.2191
1.90129
1.63506
4.47817
6.80467
6.72537
6.97788
6.83795
6.87529
6.94861
6.98207
7.14249
1.92779
1.98172
2.75691
2.37886
1.81509
1.63613
3.42889
6.72815
6.74633
7.00132
6.85252
6.8848
6.97248
6.9733
7.16518
2.23987
1.93041
2.69849
2.67389
1.70503
1.59672
2.53781
6.65415
6.74593
6.90803
6.86799
6.86904
7.00975
6.99414
7.1411
2.8918
1.93364
2.5357
2.85983
1.68159
1.42012
1.49566
6.4486
6.76134
6.91085
6.91355
6.88653
7.02631
7.00329
7.08591
4.06808
1.93126
2.31741
2.98714
1.74388
1.21105
1.20416
5.31961
6.77646
6.88413
6.9358
6.91131
6.99079
6.98509
7.07665
5.15636
1.95469
2.13555
3.0345
1.79989
1.0116
0.756322
3.96543
6.78865
6.84931
6.99636
6.94432
6.99832
7.01034
7.03136
6.09317
1.97224
2.04769
2.93016
2.11085
0.867286
0.437236
2.67895
6.80372
6.84366
7.06639
6.9813
7.00713
7.05029
7.01785
6.92919
1.9881
1.99712
2.73495
2.49524
0.773059
0.409137
1.56079
6.81914
6.83766
7.05945
7.00206
7.00959
7.08864
7.03735
7.1396
2.01516
1.97922
2.51744
2.74253
0.784461
0.434061
0.432697
6.83812
6.8282
7.05638
7.03601
7.01831
7.17756
7.04319
7.13646
2.09674
1.95544
2.26319
2.88736
1.07464
0.431022
0.461053
6.49018
6.82512
6.96211
7.04841
7.05489
7.24814
7.05931
7.12114
2.49022
1.93364
2.06973
2.98407
1.42928
0.473494
0.458243
5.35939
6.82295
6.86308
7.08454
7.06075
7.21502
7.08379
7.10838
3.15827
1.93299
1.96027
2.90548
1.85837
0.529409
0.473873
4.45245
6.81671
6.85991
7.11234
7.08859
7.25155
7.11729
7.09811
4.28937
1.97037
1.94211
2.76178
2.38377
0.65557
0.509848
3.37085
6.82462
6.81362
7.10907
7.10437
7.25454
7.12836
7.10263
5.32552
2.02342
1.93629
2.53561
2.75387
0.936115
0.630241
2.34254
6.91097
6.82898
7.10996
7.10966
7.2686
7.2013
7.1399
6.18094
2.14495
1.89134
2.24761
2.91454
1.35973
0.853358
1.59218
5.82743
6.8508
7.05594
7.11551
7.29898
7.37163
7.1516
6.92141
2.33797
1.87336
2.03351
3.04629
1.80455
1.13913
1.55247
4.65912
6.88748
7.00429
7.12191
7.29071
7.4268
7.20136
7.09108
2.51768
1.87931
1.94227
2.91786
2.22765
1.44464
1.28743
3.59713
6.92742
6.99175
7.12216
7.24855
7.563
7.23253
7.08836
2.68703
1.93748
1.91598
2.72045
2.63875
1.74465
1.2892
2.30548
6.96017
6.96711
7.09287
7.26059
7.54522
7.25424
7.09119
3.14202
2.06307
1.91796
2.46616
2.88021
2.02771
1.21806
1.15748
6.67799
6.97008
7.07116
7.19877
7.52372
7.31737
7.10917
3.75987
2.28909
1.93353
2.20118
2.98895
2.34443
1.32534
1.19929
5.43183
6.98228
7.00973
7.1684
7.54825
7.42756
7.11813
4.72168
2.53711
1.95162
2.0507
2.94349
2.54194
1.55697
1.1682
4.21766
6.98253
6.9859
7.16528
7.49227
7.47648
7.17386
5.58041
2.74046
1.99701
2.01066
2.75375
2.66916
1.78727
1.15607
3.10973
6.99745
6.98834
7.14169
7.45011
7.61955
7.21067
6.30437
2.89937
2.13098
2.03107
2.56695
2.84879
2.05291
1.14122
1.75655
7.03367
6.9854
7.09584
7.4408
7.79039
7.22312
6.93818
2.7256
2.32467
2.06735
2.39394
2.93596
2.29439
1.12843
1.26225
6.63258
6.98858
7.08353
7.35455
7.84203
7.3136
7.11254
2.68883
2.61404
2.11964
2.25173
2.98141
2.41161
1.14891
1.19679
5.48096
6.98199
7.032
7.29752
7.91798
7.43048
7.12464
2.71832
2.6914
2.20512
2.21073
2.99816
2.51171
1.21546
1.17224
4.32425
6.98823
6.99835
7.29752
7.82689
7.46394
7.15576
3.02568
2.7289
2.32021
2.24789
2.86076
2.662
1.35357
1.21506
3.21516
7.00944
7.00394
7.23277
7.69896
7.61634
7.21103
3.46593
2.71174
2.5192
2.31237
2.71702
2.72905
1.57207
1.25854
2.13185
7.0881
7.02203
7.17518
7.68072
7.77503
7.22559
4.4666
2.78031
2.71036
2.40065
2.61707
2.75615
1.89602
1.28645
1.55402
7.1372
7.04006
7.17509
7.54843
7.80873
7.3139
5.56763
2.85232
2.88762
2.5133
2.56973
2.83647
2.21086
1.28957
1.43066
7.15299
7.05271
7.12652
7.43005
7.92218
7.44897
6.28831
3.03141
3.02257
2.63513
2.63841
2.86021
2.48762
1.31014
1.34797
6.90489
7.06182
7.08691
7.42687
8.03186
7.48177
6.88151
3.91103
3.06265
2.78111
2.73329
2.87295
2.6958
1.31677
1.34221
6.01289
7.07729
7.09215
7.33765
7.93364
7.63788
7.1014
6.10181
3.10133
2.91571
2.82157
2.93636
2.70535
1.37047
1.33946
4.74853
7.12274
7.0982
7.26743
7.91832
7.76399
7.09791
7.16754
3.11889
2.92841
2.86655
2.99382
2.70599
1.53033
1.3728
3.66345
7.21686
7.09533
7.27025
7.79368
7.78836
7.16115
7.10109
3.17402
2.90094
2.9476
2.9625
2.69566
1.78287
1.41139
2.42658
7.25532
7.09835
7.21181
7.66248
7.87039
7.28659
7.10094
3.54118
2.85754
2.87289
2.96612
2.67409
2.10348
1.50357
1.79598
7.45881
7.10128
7.16627
7.6431
7.93503
7.31042
7.1162
4.28249
2.81523
2.83221
3.00498
2.66554
2.44364
1.61375
1.67725
7.43132
7.11679
7.18183
7.50244
7.93254
7.46368
7.12517
5.97569
2.83427
2.79987
3.01942
2.74742
2.64833
1.71654
1.7288
7.79942
7.13509
7.1443
7.39059
7.96536
7.61008
7.13505
8.15788
2.96655
2.62327
2.94949
2.79409
2.67528
1.81255
1.79712
6.97285
7.16363
7.15333
7.38375
7.91223
7.62782
7.09565
7.57878
3.24523
2.37088
2.71484
2.83216
2.64442
1.9159
1.87204
5.60111
7.20719
7.16547
7.29121
7.79606
7.73935
7.15208
7.0576
3.75758
2.15188
2.27167
2.88624
2.64231
2.1433
1.96517
4.33042
7.11481
7.18083
7.25136
7.7801
7.7795
7.16789
6.70139
4.52461
1.99346
1.88446
2.88489
2.57388
2.33578
1.93174
3.23288
7.63105
7.20501
7.25454
7.65589
7.76706
7.287
5.82492
5.30772
2.04897
1.5817
2.83809
2.53733
2.39559
1.91397
2.34451
8.14808
7.07283
7.23001
7.53332
7.75193
7.41099
4.62421
4.65492
2.4157
1.47136
2.50932
2.51493
2.45569
1.93549
2.03831
8.60607
7.07843
7.21449
7.5298
7.71279
7.41119
4.52851
3.86491
3.04497
1.42624
2.0527
2.49112
2.42504
1.99989
2.07747
8.22386
7.07961
7.22381
7.4174
7.66347
7.53406
5.47808
3.65041
4.01767
1.38327
1.66515
2.48046
2.41636
2.04808
2.10857
7.99043
7.09244
7.07824
7.31599
7.59958
7.61232
6.25659
3.17483
3.95628
1.3534
1.44872
2.47357
2.37929
2.10527
1.99761
7.82351
7.45575
6.97753
7.3097
7.56538
7.54447
6.9683
2.54203
2.81634
1.4302
1.38664
2.19042
2.35456
2.16424
1.90641
7.42984
7.84166
6.9636
7.24869
7.51065
7.49282
7.22618
2.68676
2.28054
1.57876
1.38546
1.94602
2.33583
2.20866
1.94423
7.19945
8.28145
6.83465
7.20546
7.47661
7.44703
7.22336
3.83979
2.1535
1.98376
1.45403
1.66422
2.34445
2.23954
1.99766
6.82184
8.73093
6.89341
7.19322
7.47107
7.3944
7.28386
5.03721
2.32264
2.73677
1.44702
1.48288
2.26151
2.24953
2.06907
6.03732
8.67304
6.7339
7.01401
7.39311
7.33649
7.37527
6.04082
2.13178
3.88831
1.52471
1.44779
1.84517
2.25385
2.11882
5.28515
8.3898
6.82789
6.77635
7.35629
7.28457
7.35395
6.91215
1.89723
5.58696
1.77161
1.40449
1.60652
2.27234
2.13187
4.38371
8.03687
7.01421
6.58134
7.22456
7.21814
7.32223
7.14873
1.87262
5.03589
1.89025
1.25808
1.45757
2.26688
2.15788
3.43718
7.97403
7.20887
6.57007
7.12348
7.17489
7.20259
7.17453
2.11541
3.36134
2.0428
1.1789
1.1963
2.06654
2.13552
2.78388
7.78288
7.75456
6.43423
6.92506
7.13489
7.12304
7.15941
3.42436
2.37189
2.21579
1.19911
1.08184
1.75341
2.10825
2.37519
7.67307
8.23118
6.34838
6.55091
7.09498
7.07501
7.15065
4.69676
2.69136
2.35368
1.30323
1.05321
1.5133
2.00886
2.03162
7.66597
8.56824
6.34067
6.38638
7.13097
7.04403
7.13815
6.75105
2.63088
2.7438
1.2412
1.01694
1.25419
1.90468
1.93297
7.60818
8.57562
6.31426
6.27795
7.18312
7.00715
7.15609
7.03347
2.73792
4.05344
1.11079
0.926577
0.974251
1.74378
1.661
7.42811
8.67729
6.58603
6.23658
7.10416
6.98873
7.16646
7.10742
3.35719
6.02644
1.05745
0.914338
0.877809
1.47656
1.40361
7.31042
8.46769
6.80612
6.14009
6.83272
6.98203
7.0658
7.08254
4.20464
4.63622
1.0355
0.895223
0.818275
1.29485
1.28984
7.11397
8.09053
7.00875
6.28055
6.46031
6.98188
7.04756
7.06134
5.05251
5.22891
1.01643
0.849846
0.797997
0.99723
1.64532
6.41051
7.99427
7.2975
6.15723
6.4367
6.97911
6.9858
7.0309
5.3797
5.34043
1.05027
0.822787
0.807657
0.829717
1.67194
5.88832
7.85508
7.34958
6.35984
6.47311
6.99438
6.97638
7.01629
5.51121
5.31339
1.16331
0.815438
0.789433
0.72929
1.55063
5.4619
7.74373
7.67815
6.45802
6.37149
6.88555
6.96732
7.00385
5.27113
5.77895
1.33524
0.876499
0.775275
0.73187
1.58794
4.87224
7.78055
8.08328
6.37654
6.51626
6.66235
6.95473
6.99685
4.26848
6.26661
1.86504
0.914919
0.785556
0.823017
1.48722
4.77877
7.72499
8.17476
6.26979
6.50263
6.664
6.94273
7.02862
3.53571
4.68196
3.0312
0.972846
0.84428
0.917135
1.08209
4.69905
7.55907
8.50567
6.13407
6.13297
6.49883
6.93649
6.96765
3.31211
3.47301
4.28889
1.06252
0.906827
1.01119
0.964471
4.65788
7.41069
8.55422
6.00298
5.98646
6.53586
6.90893
6.93129
4.78481
3.54391
5.6575
1.14726
0.95288
1.02668
1.02894
4.63279
7.15572
8.28458
6.15231
5.76591
6.47832
6.84467
6.91563
5.85973
4.04436
6.98426
1.24665
1.02174
1.03654
1.18513
4.31722
6.449
8.2242
6.5391
5.57049
6.44503
6.86263
6.88132
6.54703
4.04063
6.61053
1.34972
1.07146
1.08453
1.2666
3.53554
5.98049
8.07732
6.72657
5.31557
6.57883
6.81418
6.85084
6.96329
4.34228
4.92173
1.49447
1.12832
1.14614
1.28868
2.76114
5.56271
7.96328
7.1568
5.07981
5.9479
6.87376
6.84178
6.97311
5.32894
5.14209
1.83928
1.17
1.17081
1.31424
2.07349
4.78894
7.95485
7.63996
4.83523
5.21106
6.75308
6.83255
6.96657
7.72949
6.11026
2.85033
1.19534
1.18805
1.34978
1.5927
4.25274
7.88149
7.77118
4.57444
4.69095
6.89487
6.82616
6.95166
7.40249
6.96394
4.14259
1.19207
1.18243
1.33188
1.50444
3.79224
7.80361
8.11089
4.57057
4.32277
6.64533
6.70743
6.93411
7.04918
7.04586
5.37062
1.23063
1.14264
1.33594
1.46121
3.15284
7.53786
8.47804
4.59463
4.07076
6.31612
6.81911
6.91839
6.96657
7.99917
6.83467
1.31545
1.0942
1.35041
1.37927
2.65877
6.83116
8.29093
5.05401
3.80421
5.46495
6.67085
6.86988
6.94561
9.42275
8.01573
1.48273
1.0375
1.40271
1.39646
2.36318
5.71382
8.28107
5.65526
3.55603
4.64615
7.05636
6.82264
6.94813
11.5604
9.25779
1.81319
1.01482
1.46871
1.43249
2.00496
4.69312
8.17536
5.99494
3.31598
3.9162
6.59914
6.64979
6.92117
11.7523
10.8601
2.07832
1.06303
1.49967
1.45006
1.81821
3.80734
8.08409
6.53195
3.09829
3.22609
5.94976
6.84122
6.92102
10.073
12.2815
2.5844
1.18982
1.52305
1.40642
1.76087
2.91243
7.54768
7.05813
2.92001
2.93915
5.2768
6.65341
6.91805
8.55008
13.8116
3.65501
1.41191
1.99282
1.4031
1.70283
2.65899
6.83224
7.27568
3.06465
2.73795
4.38033
6.86863
6.89668
7.34382
15.0616
5.23077
1.68952
2.42551
1.45278
1.71829
2.52359
5.63601
7.68915
3.4537
2.53811
3.69434
6.67174
6.85257
7.00597
15.3768
7.2191
2.02245
2.3471
1.58989
1.73858
2.29061
4.60311
8.10839
3.76487
2.38028
3.13061
7.49422
6.88093
6.91458
15.3124
9.68986
2.35099
2.41351
1.80607
1.74469
2.19348
3.80254
8.1766
4.29061
2.24885
2.53592
7.84186
6.68899
6.90631
14.9283
12.115
2.98746
2.77573
2.47637
1.9585
2.13285
3.24628
7.50216
4.91331
2.15872
2.22566
7.51618
6.87201
6.89331
13.8006
13.7119
3.86657
3.25079
3.39048
1.95909
1.99969
3.03122
6.61019
5.28033
2.10071
2.07664
6.80361
6.68979
6.86908
11.9973
14.8963
5.01176
3.73372
4.68041
1.97054
1.99408
2.87593
5.33289
5.85917
2.22522
2.00531
6.00451
7.43309
6.85684
10.2458
15.2686
6.49517
4.11364
6.19518
2.17745
2.02718
2.74057
4.25032
6.44661
2.27923
1.94365
4.96429
7.8405
6.69246
8.61085
15.245
8.01063
4.45673
7.88175
2.98511
2.0449
2.5499
3.58666
6.73549
2.55552
1.8886
4.11234
8.58944
6.85079
7.30486
15.2018
9.64231
4.80336
8.15141
4.25701
2.23943
2.41758
3.17654
6.82277
2.92105
1.85811
3.42517
8.84245
6.70481
6.9391
15.1223
11.3331
5.15019
6.88705
5.65858
2.34155
2.29708
3.01513
5.55759
3.18322
1.83041
2.71047
8.74179
6.93931
6.86913
15.0887
12.9633
5.41667
6.35996
6.97456
2.53215
2.34108
3.03129
4.25867
3.67159
1.80301
2.30506
8.37235
6.97428
6.72644
14.0612
14.2613
5.64782
6.05028
8.05996
3.00189
2.46864
2.98371
3.31854
4.2522
1.77291
2.08902
7.60016
7.78835
6.97876
12.4314
14.9945
6.1936
5.93259
8.3531
3.33184
2.48296
2.78453
2.80859
4.61635
1.80703
1.81627
6.79085
8.81637
6.75686
10.599
14.8767
7.3337
6.31172
8.48848
3.46803
2.53347
2.66227
2.3518
4.86487
1.93806
1.74458
5.90578
9.33128
7.3635
8.96965
14.8543
8.87044
6.76137
8.5259
3.56148
2.54798
2.53293
2.10605
3.68582
1.97634
1.68075
4.78664
9.41756
6.94156
7.57023
13.515
10.5414
7.20744
8.99325
3.50109
2.64515
2.58581
2.00366
2.39107
2.21605
1.65249
3.84987
9.48838
7.15236
6.8675
11.0675
12.1616
7.61511
9.70227
3.06891
3.03101
2.69974
2.00069
1.97289
2.54396
1.61978
3.11388
9.42968
7.79521
5.87778
8.6796
13.4774
8.01869
9.57153
2.85145
2.60687
2.86753
2.36461
2.11489
2.77156
1.60094
2.39914
9.28823
8.60303
5.1172
6.09032
14.5809
8.43305
9.15203
2.86062
2.27134
3.07623
2.86641
2.32496
3.17979
1.57002
1.9706
8.99878
9.3286
4.10505
4.1447
14.972
8.76808
9.04343
2.86518
2.07104
3.27263
3.20145
2.43352
3.65968
1.53672
1.75632
8.29889
9.59064
4.63138
3.4025
13.3104
9.51745
9.07935
3.17463
1.8989
3.34656
3.50533
2.47746
3.68368
1.50916
1.54344
7.44397
9.6274
5.89467
2.73658
10.6143
10.8156
9.42395
4.01925
1.8292
2.91873
3.73256
2.5275
2.94305
1.49943
1.51532
6.34425
9.65328
7.54283
2.54246
8.10969
12.0026
9.69667
5.06533
1.81449
2.52634
4.02399
2.65816
2.7461
1.54263
1.47857
4.97349
9.68915
8.96961
2.43722
5.58239
13.1868
9.90219
6.59592
1.81159
2.22938
4.40934
2.98361
2.73069
1.65849
1.44496
3.77768
9.71214
9.70855
2.51383
3.3158
13.6555
10.0435
8.47364
1.89995
2.03719
4.75502
3.08632
2.72526
1.68717
1.40333
2.84707
9.76413
9.73147
2.56862
2.56009
11.019
10.2278
10.0913
2.05875
2.05121
5.1842
3.34756
2.83028
1.88162
1.38133
2.07204
9.94189
9.76617
2.94257
2.54942
8.27747
10.4189
10.4667
2.93332
2.16915
4.83648
3.69479
2.91309
2.16056
1.338
1.67614
9.49817
9.74629
3.79036
2.43017
5.79266
10.9442
10.5831
4.25274
2.28834
4.11476
3.8617
2.92959
2.44436
1.31665
1.5211
8.326
9.74055
5.31084
2.30563
3.18916
12.0149
10.6261
5.70567
2.44862
3.19261
4.07235
3.02253
3.18203
1.29453
1.33602
6.96843
9.78485
7.10868
2.3185
2.30401
11.7444
10.7259
7.26132
2.78682
2.92506
4.43063
2.98182
3.08282
1.28889
1.30506
5.59888
9.8521
8.84772
2.585
2.41254
9.12705
10.8883
8.63633
3.20839
2.9756
4.86982
3.18591
3.07342
1.34293
1.29207
4.19364
10.0103
9.81965
2.86251
2.4967
6.44152
10.8603
9.86165
3.7632
2.8665
5.86671
3.49619
3.15595
1.46951
1.278
3.10653
10.2981
9.88653
2.99804
2.47599
4.04163
10.9032
10.6498
4.4743
2.83647
6.17581
3.46566
3.16925
1.56779
1.26212
2.37082
10.0495
9.89085
3.08704
2.41296
2.456
11.2508
11.1469
5.26645
2.79636
4.70146
3.4303
3.10999
2.23508
1.24742
1.80032
9.39772
9.89734
3.37277
2.52226
2.31719
9.29956
11.3031
6.0036
2.72621
3.2567
3.57069
3.08744
3.13105
1.28107
1.52194
8.5846
9.93534
4.48876
2.76255
2.30844
6.71717
11.3036
6.66098
2.7339
2.65629
3.90492
3.14576
3.364
1.31753
1.40649
7.55084
10.0766
6.04571
2.78173
2.36243
4.03938
10.2216
7.41812
3.90799
2.55081
4.88087
3.15198
3.32862
1.32816
1.31763
6.47074
10.333
7.29859
2.65877
2.32719
2.45382
8.24043
8.80541
5.5954
2.44839
6.26871
2.96673
3.34109
1.3621
1.33861
5.33366
10.2233
8.66248
2.56025
2.56923
2.33669
5.85094
10.1794
7.57938
2.2453
6.09021
2.79896
3.41061
1.66835
1.37135
4.11927
10.0057
9.79142
2.5154
2.71089
2.06552
3.31668
10.3276
8.55996
2.05374
4.32053
2.74723
3.52257
2.49627
1.37816
3.10899
9.85223
10.0241
2.50875
2.59934
1.77803
1.73047
8.21295
8.79924
1.93539
2.7773
2.82248
3.64021
3.22199
1.41534
2.3477
9.57715
9.98611
2.53668
2.56303
1.99884
1.67175
6.05037
9.04444
1.85886
1.8081
2.97826
3.20484
3.75784
1.45415
1.77965
9.25514
10.1391
2.78545
2.54403
2.30467
1.50465
4.07977
9.42637
2.11533
1.7601
2.92785
2.93191
3.71468
1.50386
1.58905
8.71143
9.86898
3.5904
2.53819
2.65589
1.2562
2.17814
9.94576
3.25909
1.8024
3.08296
2.85853
3.84298
1.6345
1.55932
7.79533
9.77695
4.98073
2.59726
2.60357
1.32687
1.36231
9.32416
5.19942
1.95894
3.85559
2.89667
3.96582
2.26521
1.6531
6.67803
9.70394
6.46491
2.64526
2.57181
1.78549
1.50239
7.35406
7.17601
2.25573
4.72917
3.09328
4.03257
2.96586
1.75833
5.50106
9.62385
8.03155
2.64731
2.49536
2.17984
1.45428
5.2649
9.28369
2.74674
5.21034
3.47761
4.07511
3.69075
1.83769
4.22976
9.56943
9.33195
2.61061
2.45128
2.49109
1.49518
3.3203
10.8625
3.59246
4.50358
3.96174
4.14209
4.15156
1.93761
3.22467
9.56624
9.51378
2.58155
2.47316
2.59025
1.67633
2.00274
11.1381
4.72473
4.52556
4.42858
4.30669
4.14195
2.06753
2.50917
9.67968
9.41594
2.61294
2.58151
2.61568
1.96825
1.72506
9.79929
6.04451
4.60977
5.1533
4.43021
4.15683
2.1736
2.10894
9.38889
9.34259
2.93602
2.70265
2.76039
2.40768
1.63481
8.11258
7.64441
4.66632
6.01241
4.59291
4.18211
2.36705
2.2135
8.55046
9.21517
3.8769
2.87284
2.92989
2.74916
2.16436
6.56076
9.31196
4.63506
6.05298
4.77609
4.21554
2.72421
2.38275
7.34575
9.13838
5.32572
3.02865
3.0691
3.02121
2.91723
5.43897
10.7543
4.68755
5.34248
5.15081
4.24746
3.16942
2.52764
6.02534
9.25321
6.65989
3.1533
3.1647
3.21421
3.79837
4.84834
10.6812
5.10264
4.83386
6.13953
4.31385
3.53504
2.6015
4.79292
9.49829
7.79411
3.19484
3.21667
3.23751
4.08779
5.08574
10.7189
6.18087
5.08951
7.39211
4.38195
3.7753
2.59591
3.668
9.85966
8.55268
3.20722
3.20817
3.24824
3.88969
6.32266
10.4615
8.04516
5.35607
8.03525
4.68623
3.94916
2.60509
3.15156
9.63416
8.75075
3.17847
3.1886
3.21998
3.54775
7.21913
9.71128
10.0284
5.44956
7.24798
5.27123
4.02546
2.58627
2.97434
8.98649
8.67967
3.12966
3.17921
3.18225
3.30278
7.71667
9.12362
10.8812
5.58247
6.47563
5.58616
4.23699
2.53318
2.66946
8.12042
8.86697
3.33882
3.11866
3.16855
3.21289
8.00829
8.56554
11.4979
5.80398
5.78908
5.98554
4.31365
2.46985
2.53915
7.04506
9.22504
3.93578
3.13671
3.19618
3.22927
7.89291
7.93244
11.5084
6.71475
6.00085
6.16284
4.34064
2.45265
2.47449
5.82765
9.70943
4.92088
3.16442
3.201
3.28127
7.8413
7.95263
11.3257
8.86445
6.14579
6.16501
4.4751
2.60053
2.40845
4.82765
9.65253
5.99159
3.17974
3.18281
3.3022
7.73012
7.89665
11.4436
10.8913
6.05422
6.1027
4.7727
2.8134
2.34154
4.18884
9.09748
7.213
3.18424
3.18544
3.24497
7.58902
7.91098
11.3442
11.5191
6.10207
6.66573
5.02755
3.44792
2.26899
3.59453
8.4713
8.36209
3.19238
3.17779
3.16551
6.93315
7.93795
10.4737
10.8986
6.00371
5.93141
5.80494
4.08408
2.21502
3.20232
7.77308
9.15338
3.20846
3.17021
3.15137
6.22899
7.8933
9.62036
10.3691
6.56435
5.45602
5.79491
4.37836
2.06708
2.89718
6.90643
9.60025
3.21092
3.17359
3.15168
5.42585
7.79019
8.92129
9.83685
8.5279
5.24885
5.32054
4.62481
1.95428
2.4235
6.13637
9.49735
3.44222
3.17924
3.1386
4.51132
7.76517
8.06761
9.35068
10.5131
5.45802
4.52508
4.96301
1.94838
2.05968
5.5314
8.98866
4.16686
3.17596
3.17309
3.82341
7.60657
7.83952
9.17018
10.1009
5.88822
3.66673
5.34402
2.31453
2.01468
5.00734
8.47038
5.4511
3.20049
3.17725
3.47482
7.41842
7.72139
9.60411
9.89949
6.05258
3.11074
6.06028
3.05405
1.9993
4.53848
7.92218
6.7983
3.19812
3.17116
3.23095
7.38829
7.69076
10.2166
10.3946
7.05954
2.95609
7.17957
3.80556
1.94415
3.93858
7.26005
8.18503
3.17032
3.15044
3.17901
7.26952
7.62433
9.50501
11.0183
9.28182
3.28759
7.65823
4.81172
1.83058
3.2152
6.71135
9.32388
3.13066
3.16233
3.17824
7.19974
7.55896
8.46622
11.3243
11.4812
3.94304
6.42966
5.77456
1.81237
2.59039
6.32025
8.82968
3.10345
3.13909
3.19797
7.13225
7.52559
7.85329
11.4373
12.8915
4.79478
5.61479
6.36847
1.88979
2.10575
5.94973
8.33196
3.07585
3.12015
3.14999
7.06303
7.50056
7.52789
11.207
13.5054
6.01972
5.79394
7.10148
2.35941
2.00716
5.87369
7.89656
3.32476
3.05117
3.14003
6.86176
7.40689
7.459
10.5794
13.4971
7.54562
6.91166
7.96331
3.12395
2.12486
5.5589
7.37047
4.12092
3.05464
3.13563
6.49108
7.29205
7.42539
9.89308
13.347
9.46433
8.02507
8.53088
4.14594
2.12884
4.78668
6.93427
5.42605
3.05156
3.14567
6.07528
7.25518
7.37894
8.82877
13.2578
11.4042
8.89412
9.34136
5.29128
2.09458
3.98496
6.62696
6.67087
3.06172
3.15476
5.30621
7.1445
7.34594
8.0579
13.1118
12.7729
9.60227
10.1551
6.28917
2.12153
3.24389
6.31299
7.83826
3.08646
3.12931
4.63093
7.05117
7.26271
7.49396
12.4773
13.3499
10.0752
10.0646
7.19704
2.19025
2.39287
6.19181
7.53742
3.11446
3.14541
4.09329
7.03363
7.23882
7.22191
11.7307
13.1916
10.3972
10.4331
7.90594
2.22576
2.17359
6.03297
7.06869
3.12655
3.14106
3.61212
6.95273
7.1835
7.1828
10.7473
12.7369
10.9032
10.8889
8.40623
2.93278
2.16345
5.80189
6.75057
3.12621
3.10888
3.34825
6.81276
7.14129
7.15007
9.38149
12.4242
11.3883
11.2226
9.15777
4.05152
2.25375
5.39176
6.51911
3.30275
3.09425
3.27251
6.78485
7.06457
7.11348
8.43569
12.2241
11.4384
11.47
9.99971
5.27551
2.3782
4.71442
6.2944
3.89844
3.13139
3.21755
6.68525
6.98813
7.09594
7.74723
12.1587
11.344
11.359
10.6098
6.65434
2.43478
3.83497
6.21584
4.88876
3.10604
3.21099
6.61366
6.94546
7.06807
7.13007
12.5857
10.5795
10.8886
11.5526
7.93434
2.48246
3.13171
6.12622
5.73262
3.0661
3.21709
6.60506
6.87701
7.0036
7.1036
13.1122
9.99563
10.24
12.4502
8.79154
2.54134
2.72301
6.14499
6.41937
3.0758
3.16155
6.59393
6.78538
6.95443
7.04611
12.1475
9.68608
9.68264
12.2944
9.69216
2.8705
2.52598
6.11037
6.23853
3.14302
3.1625
6.6127
6.76085
6.86939
7.01172
11.0175
9.88604
9.17124
11.2104
10.6377
3.46238
2.4728
6.03415
6.09351
3.1766
3.09913
6.58904
6.68295
6.81333
6.98799
10.1225
9.99949
8.51332
10.062
11.2474
4.61878
2.45447
5.49686
6.0324
3.07369
3.07771
6.53253
6.62461
6.76415
6.97006
8.81016
10.4468
7.72837
8.7785
11.9797
6.11162
2.47541
4.59961
6.00236
3.04028
2.90358
6.42431
6.6019
6.71286
6.89665
7.64076
11.1862
6.87762
7.60134
12.6222
7.49073
2.49827
3.71438
5.96621
3.40312
2.81327
6.36534
6.52472
6.68165
6.85745
7.08902
11.7542
6.00972
6.25156
12.8839
9.08178
2.49954
2.90003
5.96004
3.99238
2.92297
6.20101
6.46951
6.64155
6.74389
6.93084
11.9889
6.09543
5.53046
12.9935
10.6263
2.4686
2.57029
5.93559
4.52476
3.13806
6.10444
6.45509
6.61463
6.66737
6.90616
10.9556
6.38094
5.40445
12.9014
11.5654
2.66551
2.44292
6.02212
5.25393
3.50633
5.99992
6.34845
6.59298
6.63417
6.85071
9.67892
7.25617
5.60465
11.5361
12.4322
3.33381
2.43925
6.10472
5.86794
3.92234
5.95255
6.23167
6.57249
6.58986
6.79505
8.35308
8.95452
6.00658
10.0785
13.1134
4.20212
2.44128
5.45385
5.8932
4.28276
5.8176
6.19052
6.49978
6.57409
6.76749
7.39568
10.6359
6.44446
9.1167
13.1195
5.62732
2.44934
4.19811
5.85649
4.41685
5.6364
6.06662
6.40954
6.56795
6.70381
6.8724
12.0425
6.82408
8.49806
13.1859
7.37147
2.56961
3.41458
5.93634
4.34748
5.29488
5.96205
6.37322
6.54114
6.63688
6.85641
11.5496
7.26723
8.53917
13.2953
8.92155
2.66658
3.02499
5.9878
4.15595
