4.16139
6.93322
6.58928
3.40296
3.88458
4.13502
5.05076
5.13063
6.29898
4.26907
7.13158
8.74487
4.11827
3.282
3.39267
4.11986
7.08758
6.72371
3.38078
3.68039
4.06432
4.84426
5.1167
5.63699
4.33552
6.0743
8.69797
4.43406
3.32925
3.32415
4.26604
7.07064
6.73744
3.46112
3.3779
4.04329
4.54772
5.10113
5.16684
4.58224
5.26973
8.76554
4.97453
3.15769
3.21562
4.24532
7.16756
6.72346
3.49138
3.36629
4.02147
4.30994
5.3889
5.13276
4.82596
5.13185
8.70896
5.55602
2.9991
3.03963
4.37026
7.12647
6.72924
3.97467
3.36541
4.01498
4.27549
5.5902
5.05129
5.14153
5.23515
8.38769
6.47037
2.86137
2.82307
4.42439
6.46756
6.75177
4.67045
3.3428
3.99776
4.15478
5.01015
5.09429
5.78737
5.49527
7.91587
7.25699
2.69733
2.68236
4.46136
5.49424
6.76301
5.31993
3.34769
3.99742
4.08171
4.87659
5.06767
5.17685
5.77069
7.60038
7.48017
2.7751
2.61971
4.49313
4.75403
6.74691
6.00659
3.33293
3.88644
4.08075
4.62051
5.16729
5.06216
5.90169
7.01708
7.48855
3.13744
2.46755
3.6673
4.5422
6.74977
6.46076
3.34081
3.77611
4.04717
4.40394
5.44415
5.14706
5.95045
6.49334
7.40638
3.60383
2.55774
2.83707
4.5119
6.83087
6.6295
3.31213
3.54025
4.0104
4.34396
5.11298
5.08461
5.72756
6.17415
7.18037
4.09607
2.89021
2.57051
4.44697
7.00261
6.7229
3.43585
3.29291
4.00893
4.20573
4.74683
5.0042
5.1456
5.90473
7.06983
4.6415
3.24327
2.77218
4.36805
7.14621
6.72352
3.51232
3.26675
3.95872
4.16591
4.67933
5.03705
4.82672
5.59154
6.96145
4.91085
3.83439
3.21734
4.24969
7.31568
6.72302
4.03045
3.24093
3.94089
4.16394
4.50333
5.09845
4.65706
5.1653
6.2358
5.13417
4.58255
3.76087
4.09927
7.31546
6.70387
4.77441
3.22393
3.94124
4.1071
4.39999
5.18093
4.47189
4.76102
5.70051
5.24691
5.1242
4.25223
3.89741
6.02376
6.98116
5.44387
3.21778
3.90702
4.06089
4.38576
4.87101
4.33153
4.44828
5.42235
5.1874
5.17296
4.77352
3.6905
4.86149
7.07885
6.11356
3.21214
3.77381
4.03726
4.31053
4.73757
4.27065
4.24799
4.97384
5.11583
4.95573
5.18523
3.48428
3.84789
7.19677
6.50169
3.21216
3.63124
4.00582
4.24708
4.66625
4.3877
4.1171
4.86073
4.98379
4.76064
5.50055
3.43204
3.29023
7.3272
6.61868
3.20675
3.42729
3.98201
4.24699
4.48902
4.45342
4.06174
4.83936
4.62924
4.48895
5.73108
4.16382
3.10164
7.48254
6.71256
3.33755
3.20661
3.97003
4.17018
4.41208
4.85435
4.01859
4.9132
4.39629
4.34016
5.85805
4.4418
2.93792
7.55597
6.83408
3.48577
3.17715
3.9342
4.07758
4.381
4.77162
4.13372
4.60498
4.29951
4.23485
5.86776
4.40285
2.74681
7.63218
6.94226
4.05889
3.14593
3.87225
4.08328
4.34603
4.64834
4.23911
4.42259
4.32806
4.27538
5.62916
4.71485
2.60545
8.14946
7.04663
4.76695
3.14317
3.84311
4.02483
4.30918
4.59912
4.28275
4.32353
4.42203
4.43908
5.33637
5.20545
2.51485
6.7094
7.18883
5.40972
3.15429
3.78927
3.98723
4.30103
4.52639
4.39919
4.2852
4.743
4.54258
4.95517
5.47168
2.48466
5.0381
7.28173
6.11905
3.17701
3.61506
3.98378
4.2276
4.4555
4.63795
4.26173
4.59773
4.42097
4.55837
5.55489
2.48901
3.46751
7.30687
6.80684
3.18325
3.48057
3.94395
4.18002
4.44906
4.70816
4.25038
4.41949
4.41765
4.35178
5.27321
2.52351
2.84163
7.34307
7.09232
3.19187
3.33457
3.88715
4.17105
4.37766
4.66444
4.38115
4.39644
4.52867
4.41305
4.99858
3.26121
2.53748
7.72705
7.25535
3.30539
3.19206
3.87025
4.11052
4.3045
4.6839
4.59223
4.52305
4.92338
4.56187
4.67488
3.73541
2.54053
8.14798
7.31599
3.49591
3.1923
3.76755
4.06957
4.28148
4.60338
4.73207
4.53252
4.94135
4.76333
4.44841
3.85342
2.54349
8.50934
7.34656
4.65241
3.21501
3.67375
4.05435
4.22879
4.5545
4.71768
4.54957
4.59321
4.65354
4.28854
4.18534
2.54589
7.30052
7.37184
5.61341
3.21708
3.66824
3.96995
4.18802
4.54899
4.75205
4.51022
4.4836
4.48722
4.26845
4.54735
2.45197
5.36208
7.38719
6.54897
3.23481
3.60497
3.89035
4.1765
4.44412
4.78774
4.56567
4.32871
4.58732
4.2958
4.73496
2.41514
3.61259
7.62489
7.264
3.06508
3.49326
3.87024
4.17338
4.35016
4.80259
4.93786
4.26257
4.58872
4.34498
5.04529
2.52805
2.87754
7.9498
7.37853
3.86245
3.39945
3.77013
4.1225
4.34465
4.7317
4.90523
4.2591
4.29327
4.31867
4.94293
2.66041
2.61391
8.22328
7.36839
4.2104
3.30079
3.67237
4.11362
4.25812
4.66285
4.88237
4.36964
4.32208
4.19828
4.71917
3.72927
2.71067
8.19623
7.36667
5.01406
3.57536
3.6626
4.03536
4.21696
4.64352
4.89406
4.57746
4.34247
3.91062
4.48849
4.53196
2.81307
8.09
7.37136
5.84142
3.52
3.58375
3.92142
4.23029
4.54434
4.88029
4.89927
4.2382
3.67434
4.34535
4.87313
2.94616
8.2297
7.38864
6.70683
3.68909
3.58574
3.86724
4.21212
4.44473
4.86859
4.9453
4.33305
3.78584
4.17566
5.3803
3.05847
7.40217
7.40568
7.00512
3.74266
3.57252
3.76131
4.15611
4.43029
4.797
4.91996
4.55926
3.93937
4.05034
5.61805
3.15522
5.776
7.22389
7.28199
4.55746
3.56971
3.65151
4.14969
4.35219
4.73786
4.93271
4.83826
4.33193
4.06551
5.46942
3.25736
4.5743
7.04207
6.93054
5.35159
3.55811
3.59726
4.02958
4.28527
4.73472
4.92834
5.07617
4.70261
4.40288
5.76409
3.33736
3.68921
7.40129
6.78963
6.1154
3.57141
3.57341
3.87296
4.28263
4.6265
4.86863
5.03696
4.93113
4.81783
5.74692
3.6941
3.37957
7.67027
6.86059
6.81277
3.56918
3.57016
3.83329
4.23363
4.51236
4.84268
5.00007
5.22668
5.17874
5.62564
4.97047
3.43185
8.18978
7.06281
7.4137
4.56282
3.57341
3.70715
4.15447
4.49748
4.79672
4.99009
5.15501
5.35635
5.47182
5.75136
3.49416
8.85105
7.3454
7.39826
5.3859
3.57016
3.59726
4.10568
4.40028
4.7485
4.98251
5.0713
5.42214
5.40429
5.75481
3.59109
8.29865
7.53679
7.41422
6.16104
3.57341
3.59917
3.96737
4.32817
4.72588
4.99915
5.05671
5.25183
5.36188
5.73332
3.70782
6.97926
7.94172
7.41653
6.86969
3.58061
3.57016
3.81313
4.30437
4.66678
4.98832
4.99803
5.10954
5.40509
5.64513
3.80689
5.79013
8.26862
7.40317
7.45832
3.90044
3.56768
3.75955
4.20995
4.5692
4.9304
4.9946
5.09513
5.45186
5.55278
3.84227
4.90275
8.87622
7.39887
7.46387
4.38458
3.55869
3.63037
4.08344
4.52934
4.86806
4.99147
5.07339
5.41725
5.51718
3.87166
4.28206
9.27233
7.40738
7.47529
5.19017
3.565
3.57659
4.03422
4.42261
4.86515
4.99308
5.06201
5.4387
5.4087
4.06595
3.89729
9.18176
7.40826
7.46903
5.98811
3.56634
3.5531
3.86907
4.33872
4.8119
4.99153
5.06462
5.35995
5.3579
5.26984
3.77676
9.24327
7.53704
7.41726
6.71534
3.69754
3.55611
3.73359
4.31297
4.73996
4.99088
5.05798
5.3147
5.34783
5.82593
3.73002
9.34305
7.62088
7.4402
7.26719
3.96774
3.5637
3.6867
4.22938
4.72855
4.9395
5.05809
5.28641
5.3291
5.75709
3.87277
9.31441
8.19806
7.4468
7.46978
4.77196
3.56277
3.58916
4.10501
4.69109
4.89183
5.05484
5.19427
5.33847
5.74566
3.864
8.19111
8.7835
7.46082
7.48038
5.58692
3.55796
3.54255
4.05624
4.59773
4.8943
5.05175
5.13254
5.34354
5.61767
3.82929
6.66791
9.05517
7.49136
7.52524
6.40586
3.57748
3.54131
3.90464
4.57387
4.86812
5.02279
5.10969
5.36174
5.4531
3.92954
5.4049
9.16301
7.4994
7.54232
7.13146
3.56077
3.52818
3.74196
4.51005
4.82848
5.0146
5.07161
5.29587
5.41564
3.94426
4.38732
9.08777
7.51981
7.58421
7.52387
4.24531
3.52176
3.67936
4.40361
4.84898
4.98119
5.0579
5.24984
5.32041
4.05236
3.95064
9.08186
7.53287
7.53507
7.55184
5.07131
3.51842
3.58321
4.36626
4.79718
4.93733
5.04333
5.14986
5.30359
5.22476
3.95664
9.12215
7.76716
7.54071
7.58031
5.88604
3.53752
3.53027
4.19425
4.71706
4.94635
5.03792
5.05877
5.29794
5.75175
4.01539
9.5095
7.95241
7.54303
7.60595
6.67369
3.51813
3.507
3.96045
4.73139
4.93998
5.03009
5.04151
5.29864
5.72065
4.04714
9.70087
8.43912
7.53961
7.62903
7.56003
4.02979
3.51362
3.84255
4.6155
4.93961
5.03753
5.03837
5.2352
5.6978
4.05005
8.72626
8.79597
7.54556
7.67517
7.62531
4.90966
3.45936
3.62317
4.46619
4.95727
5.04562
5.04383
5.21505
5.53151
4.05579
7.08998
8.6853
7.56521
7.65218
7.64308
5.7352
3.43052
3.46691
4.42372
4.95306
5.04858
5.0447
5.14256
5.35688
3.96231
5.66274
8.61756
7.57542
7.60726
7.64012
6.5415
3.49218
3.39283
4.18797
4.92088
5.03706
5.06968
5.09513
5.34495
3.90945
4.34331
8.86519
7.57802
7.60415
7.6459
7.33606
3.93243
3.35343
3.91676
4.92685
5.03476
5.0435
5.09279
5.2048
4.05513
3.83892
9.08191
7.7678
7.59122
7.65079
7.6139
4.40236
3.31415
3.80324
4.83128
5.0373
5.03767
5.08031
5.15268
5.239
3.77993
9.47637
8.06093
7.58482
7.64289
7.61978
5.29302
3.29711
3.59547
4.62583
5.02182
5.03203
5.09353
5.12096
5.66962
3.84745
10.0465
8.13202
7.57327
7.65538
7.64003
6.1286
3.29346
3.36762
4.51041
4.99884
5.02625
5.08178
5.08142
5.57095
3.81509
9.06598
8.20063
7.55992
7.56392
7.64298
6.93564
3.29734
3.35856
4.25437
4.96694
5.02098
5.10737
5.05321
5.55277
3.75081
7.34964
8.48223
7.54425
7.55496
7.64105
7.26068
3.3349
3.29646
3.90048
4.93537
5.02126
5.06981
5.01599
5.36064
3.59217
5.60197
8.93042
7.55397
7.54144
7.63786
7.65681
3.47026
3.28713
3.7669
4.80768
5.02708
5.05534
4.99637
5.14882
3.5362
4.31535
9.4854
7.68842
7.53297
7.62314
7.65691
4.00188
3.32795
3.54431
4.58547
5.03297
5.02353
4.98421
5.10318
3.60684
3.75863
10.0668
7.72485
7.5387
7.60132
7.6405
4.84616
3.30715
3.36892
4.45016
5.0385
5.00355
4.98116
4.96529
4.03419
3.71973
10.3406
8.10744
7.51332
7.56422
7.63241
5.69784
3.29993
3.29937
4.1488
5.01775
4.98393
5.07152
4.9449
5.17907
3.65852
10.4364
8.50633
7.50347
7.5527
7.62102
6.48758
3.29309
3.24569
3.75834
4.99335
4.9948
5.09159
4.93583
5.44465
3.45657
10.4523
8.96952
7.49983
7.53325
7.60936
7.26083
3.72418
3.19185
3.59085
4.85223
4.98078
5.10524
4.93024
5.27467
3.78076
9.4985
9.60279
7.53321
7.52384
7.60626
7.52917
4.544
3.14602
3.33984
4.63137
4.97752
5.04151
4.93296
5.24267
3.90735
8.05362
10.1692
7.57577
7.52241
7.57556
7.51206
5.40436
3.12231
3.11725
4.46668
4.97752
5.00054
4.93598
5.09512
3.80235
6.60732
10.3383
8.04068
7.52931
7.54725
7.48972
6.26173
3.10996
3.0632
4.1261
5.01188
5.02606
4.94421
4.97472
3.68856
5.277
10.9206
8.66256
7.51498
7.54444
7.46609
6.99845
3.16856
3.02807
3.63085
5.01715
5.04584
4.95299
4.99771
3.65972
4.08027
10.9201
9.12557
7.50985
7.52131
7.44403
7.4994
3.75336
2.94797
3.347
4.92215
5.08839
5.04017
4.97335
3.90111
3.79785
10.7948
9.87582
7.5167
7.50767
7.43833
7.43978
4.64136
2.86396
3.02425
4.70213
5.11188
5.13904
4.99355
5.02142
3.55962
9.89312
10.5136
7.51386
7.51234
7.44935
7.45694
5.53466
2.85481
2.79117
4.56394
5.15276
5.11424
5.00474
5.30181
3.29155
9.37098
10.3398
7.6358
7.50976
7.47974
7.46086
6.37028
2.86218
2.71632
4.32497
5.1241
5.12302
5.00256
5.28713
2.96789
7.76795
10.2492
7.95116
7.50424
7.51502
7.45282
7.23871
3.22315
2.66363
3.75232
5.12077
5.11799
5.00821
5.28734
3.12447
5.64667
10.0964
8.20846
7.50999
7.51752
7.45564
7.50389
4.21807
2.58323
3.31917
4.96454
5.09842
5.01367
5.2486
3.4155
4.49451
10.1052
8.85659
7.50196
7.52096
7.46697
7.50115
5.17996
2.55032
2.94028
4.77383
5.09834
5.00807
5.11506
3.54236
4.07245
10.0637
9.40261
7.50785
7.49528
7.46958
7.51219
6.09352
2.5455
2.55668
4.72492
5.09896
5.01567
5.1258
3.40231
3.56511
10.0363
9.75641
7.60243
7.48196
7.49542
7.54356
6.94273
2.46804
2.54944
4.56591
5.09023
5.00688
5.01389
3.73374
3.30903
9.4015
9.86706
7.83004
7.47142
7.53482
7.53219
7.52879
3.07372
2.51831
4.37248
5.18252
5.00135
5.00729
4.83108
3.39804
9.30268
9.70775
8.0308
7.48191
7.54883
7.57746
7.53735
4.16867
2.51044
4.22472
5.02773
4.98971
5.00187
5.33575
3.48646
9.2774
9.75981
8.63154
7.49742
7.55193
7.60877
7.54553
5.22206
2.66906
3.93017
4.88891
4.97791
4.98532
5.35242
3.52784
8.5408
10.0305
9.10389
7.50292
7.5154
7.64346
7.55141
6.1869
2.90074
3.47181
4.89165
4.98609
4.97094
5.34982
3.51285
7.25486
9.83959
9.49882
7.50645
7.50547
7.67458
7.57178
7.14041
3.1811
3.18039
4.80661
4.98854
4.95059
5.21821
3.56187
5.982
9.2847
9.78693
7.54435
7.49597
7.68563
7.58075
7.55693
3.96083
3.55971
4.66769
4.99103
4.93663
5.03516
3.59073
4.89515
9.38739
9.73527
7.78657
7.50719
7.68655
7.60788
7.57982
4.85726
3.7758
4.67836
5.11781
4.92826
5.01759
3.57296
3.9442
9.57872
9.7487
8.10937
7.53837
7.69797
7.67096
7.57741
5.85879
4.39441
4.62893
5.07068
4.94588
4.91026
3.79184
3.67733
9.75952
10.2632
8.53975
7.5651
7.65289
7.69986
7.57478
6.81904
4.31295
4.53505
5.04734
4.98551
4.88789
4.90884
3.70851
9.95178
10.0627
9.04202
7.64028
7.63474
7.75826
7.59467
7.57977
4.93795
4.68488
4.90125
4.96711
4.85991
5.29645
3.62891
10.1097
10.0627
9.66722
7.73204
7.68854
7.7788
7.60248
7.57977
5.55079
4.57414
4.77599
4.97904
4.84535
5.20758
3.5465
9.34668
10.0161
9.78385
7.99818
7.71136
7.7858
7.63321
7.58564
6.19121
4.67849
4.75611
4.99416
4.81056
5.21345
3.49365
7.60653
10.0388
9.86562
8.56956
7.74653
7.79393
7.71054
7.59152
6.90262
4.59428
4.71105
5.00007
4.7881
5.07805
3.64885
6.06294
9.99286
10.2251
9.05722
7.76054
7.77782
7.74181
7.5936
7.58741
5.24684
4.69571
4.98526
4.77145
4.8924
3.66425
5.05156
10.0639
10.4253
9.74202
7.81421
7.783
7.82181
7.60276
7.59624
5.52356
4.60005
4.99495
4.77177
4.89805
3.67027
4.07822
10.2664
10.5569
9.98976
7.89454
7.78042
7.82006
7.61122
7.61718
6.05269
4.71654
4.85916
4.77552
4.77177
3.7965
3.73567
10.425
10.5446
10.1006
8.28783
7.77455
7.80909
7.63924
7.62264
6.65445
4.60247
4.82943
4.85477
4.76006
4.89921
3.75638
10.2402
10.4981
10.2487
8.79353
7.78587
7.8146
7.69941
7.62818
7.17729
4.81564
4.77009
4.85186
4.75641
5.2959
3.69514
9.54245
10.5382
10.3268
9.17583
7.82485
7.79415
7.71587
7.63674
7.18317
4.84795
4.6305
4.91785
4.74489
5.20466
3.54255
8.41293
10.5648
10.2413
9.61217
8.03043
7.80068
7.76179
7.64261
7.52673
5.22999
4.76885
4.90787
4.75466
5.19652
3.40468
6.67134
10.6485
10.1195
9.75794
8.22725
7.7912
7.79003
7.65098
7.6165
5.75523
4.69853
4.82276
4.76239
5.03542
3.30817
4.90547
10.8851
10.1721
9.76131
8.72235
7.77446
7.78496
7.66786
7.65136
6.32276
4.74146
4.81918
4.74537
4.85241
3.37579
3.90555
10.4916
10.0384
9.8284
9.25042
7.79151
7.77173
7.71369
7.65117
6.82364
4.67374
4.74455
4.74606
4.84903
3.4521
3.68014
9.39907
9.97854
9.77109
9.55593
7.94986
7.76553
7.72169
7.64516
7.40428
5.28874
4.78075
4.76458
4.75123
3.75138
3.52313
8.95053
10.1727
9.71896
9.76085
8.22499
7.75148
7.76193
7.63938
7.41899
5.9229
4.69119
4.85982
4.73639
4.85144
3.54071
8.72765
10.2928
9.87738
9.73902
8.44915
7.75767
7.75928
7.63693
7.51897
6.38391
4.83644
4.8577
4.72568
5.22491
3.57299
8.56393
9.74569
9.95467
9.67008
8.91638
7.82203
7.76192
7.6397
7.57644
6.92683
4.74195
4.86652
4.73487
5.11394
3.59347
8.42492
8.57859
9.90909
9.62825
9.41884
7.87154
7.74249
7.65714
7.57325
7.38582
5.34919
4.855
4.74179
5.09354
3.6
8.48123
8.25405
9.99261
9.45211
9.38003
8.13862
7.74504
7.65672
7.59651
7.39438
5.94686
4.75585
4.72423
4.93507
3.58458
8.26533
8.01669
10.1966
9.23033
9.16458
8.45201
7.7347
7.68775
7.60252
7.38855
6.4555
4.86909
4.71101
4.78887
3.58238
7.74674
7.90561
9.55753
9.25947
8.99268
8.70181
7.73265
7.70518
7.58805
7.38924
7.05924
4.77722
4.71087
4.77685
3.58486
6.2336
7.53424
8.32001
9.29226
8.91549
9.05256
7.86272
7.68214
7.59971
7.43698
7.39724
5.33312
4.75486
4.69874
3.73074
4.9798
7.35809
7.78384
9.22989
8.80208
9.24334
7.9969
7.68843
7.58545
7.44234
7.40306
5.66086
4.81738
4.70162
4.82767
3.97656
7.27707
7.13096
9.4504
8.71749
8.73137
8.46214
7.67947
7.58103
7.51082
7.40862
6.14205
4.85413
4.705
5.09329
3.59402
7.50033
7.1054
9.43426
8.62711
8.61667
8.79701
7.6907
7.57788
7.57093
7.41459
6.7019
4.84299
4.71882
5.00775
3.58744
8.27929
7.05703
8.12252
8.77653
8.5625
8.79313
7.79844
7.59716
7.57911
7.42296
7.26048
5.07607
4.71586
5.00188
3.59101
9.29875
6.9474
7.34855
8.89919
8.40713
8.86028
8.09653
7.59485
7.63674
7.42597
7.287
4.89815
4.7247
4.91699
3.58744
9.22012
6.90301
6.73015
8.96423
8.31758
8.68493
8.40391
7.61276
7.63734
7.4466
7.55736
5.37723
4.73593
4.80534
3.58223
7.6438
7.57862
6.52603
8.82273
8.26407
8.48485
8.5852
7.64308
7.62955
7.46908
7.48048
5.90226
4.74745
4.81972
3.5757
6.15238
8.44914
6.23772
7.5339
8.33886
8.36814
8.38048
7.65034
7.63155
7.50809
7.4743
6.3443
4.77803
4.75911
3.5623
4.90238
9.67973
6.06588
6.42521
8.44708
8.34313
8.26227
7.8598
7.61602
7.52732
7.48327
6.88844
4.77585
4.76757
3.54111
3.9214
9.76235
6.10832
5.93671
8.75679
8.33224
8.1061
8.24619
7.605
7.6046
7.48913
7.47897
5.16449
4.7702
3.69153
3.53316
9.72352
7.0591
5.84693
8.16482
8.65928
7.92401
8.00876
7.59457
7.64243
7.49783
7.55022
5.51023
4.73442
4.74004
3.52399
9.67789
8.4155
5.62007
6.92002
8.7134
7.80646
7.73045
7.59939
7.60883
7.5031
7.5519
5.98971
4.86753
5.10963
3.51045
9.5497
9.68296
5.64007
5.93791
8.99924
7.71459
7.52388
7.6395
7.62059
7.52011
7.5228
6.59694
4.77242
5.05463
3.49265
8.8145
10.1006
6.03646
5.60071
8.85745
7.81008
7.30982
7.84144
7.61401
7.5259
7.50282
7.12674
5.26349
5.0577
3.48164
7.3604
9.91708
6.88278
5.66536
8.00303
7.9422
7.15661
7.58072
7.61496
7.54842
7.49126
7.40739
5.39001
4.9658
3.46669
5.9473
9.59137
8.22171
5.77576
6.75141
8.17255
7.05217
7.19461
7.59728
7.57649
7.48026
7.47137
5.80974
5.0411
3.45607
4.75352
9.56274
9.3785
5.56701
5.83299
8.52469
6.97622
7.06442
7.63015
7.56215
7.50564
7.45418
6.39685
4.94176
3.45846
3.83542
9.45758
9.84848
5.917
5.67471
8.07186
6.97913
7.07447
7.68893
7.56872
7.54865
7.4372
6.77686
5.11514
3.58896
3.44224
9.42812
10.3872
6.47483
5.53295
7.10456
6.98944
6.96814
7.62062
7.56344
7.54014
7.43448
6.99357
5.06328
4.64037
3.43017
9.39399
10.8423
7.66891
5.33047
6.1997
6.91027
6.95082
7.34762
7.55851
7.50614
7.42916
7.29404
5.36604
5.1273
3.41348
9.37692
10.5674
8.63969
5.32801
5.48271
7.16426
6.93398
6.91692
7.57511
7.48119
7.43434
7.36205
5.62736
5.08846
3.40426
8.68408
10.2185
9.21421
5.61819
5.64241
7.39584
6.80498
6.95264
7.60247
7.46693
7.46522
7.41432
6.04601
5.14412
3.39359
7.25737
9.97218
9.56343
6.63778
6.22376
7.2684
6.77201
6.72555
7.41941
7.44974
7.54768
7.41432
6.57259
5.11691
3.39894
5.86664
9.59294
10.0223
7.91143
6.82973
7.23268
6.55483
6.70911
7.20603
7.42375
7.46208
7.43725
7.05765
5.2979
3.39969
4.68425
9.50343
10.4095
8.4569
7.3177
7.04401
6.5344
6.58956
7.05542
7.41436
7.45042
7.44293
7.25806
5.43041
3.40218
3.76349
9.4241
10.5456
8.84202
7.69717
6.82418
6.53508
6.59014
6.87762
7.43083
7.40996
7.44293
7.29398
5.82855
3.54378
3.4114
9.43002
10.8617
9.10213
7.91707
7.13414
6.36539
6.54343
7.02154
7.56728
7.39259
7.45435
7.30549
6.28695
4.58913
3.41661
9.44436
10.8534
9.13931
8.01184
7.82459
6.29794
6.4094
7.03283
7.63871
7.40375
7.50245
7.33186
6.63433
5.19908
3.42856
9.37446
10.17
9.45992
8.17737
8.04075
6.20256
6.32549
6.99866
7.50279
7.44057
7.50805
7.35425
7.03727
5.15436
3.43396
8.70008
9.81336
9.86749
8.22633
8.09007
6.25428
6.17904
7.01979
7.25463
7.46135
7.57907
7.36007
7.32834
5.58155
3.44008
7.26249
9.54408
10.0092
8.58364
8.09832
6.38531
6.18608
7.1468
7.05727
7.50807
7.56622
7.39942
7.3487
6.05054
3.43396
5.87432
9.35612
10.298
9.01402
8.05818
7.11249
6.30655
7.05928
6.99973
7.73509
7.56646
7.43716
7.34879
6.40769
3.44563
4.71258
9.19245
10.5566
9.13849
7.99962
8.01194
6.46239
7.0329
7.133
7.88833
7.58078
7.44595
7.35993
6.84051
3.43067
3.78499
9.02332
10.5595
9.40363
7.96229
8.60869
6.73231
6.93062
7.27425
7.72842
7.63819
7.47721
7.37709
7.31632
3.74807
3.29724
8.8738
9.93468
9.67008
8.01493
9.29616
7.09676
6.91994
7.37173
7.44561
7.7295
7.53108
7.38578
7.35452
5.00517
3.37532
8.76138
9.29334
9.74589
8.14721
9.23278
7.48032
7.13385
7.5757
7.43508
7.81374
7.55092
7.41963
7.3604
5.996
3.3086
8.68082
8.69479
10.0082
8.3046
8.73974
8.08206
7.38973
7.6911
7.43177
8.0284
7.57686
7.47679
7.36562
6.52314
3.76106
8.53485
8.60484
10.2212
8.40632
8.56805
8.56024
7.69124
7.92511
7.43749
7.95356
7.61926
7.49405
7.37116
6.95397
3.79988
7.11094
8.55619
10.2209
8.55049
8.49223
8.80677
7.94454
8.04953
7.46275
7.72917
7.62518
7.53668
7.39138
7.31618
3.80996
5.53707
8.54071
10.109
8.8666
8.39728
9.06231
8.46439
8.22704
7.49213
7.58586
7.65682
7.58866
7.39415
7.34865
3.77937
4.31538
8.55681
9.80648
9.08135
8.26206
9.36834
8.88465
8.38836
7.53307
7.56147
7.69843
7.59392
7.44201
7.346
3.67752
3.79118
8.58005
9.23968
9.43853
8.22449
9.38885
9.20535
8.47798
7.64112
7.57518
7.69895
7.59086
7.51606
7.34014
4.41615
3.69061
8.55893
8.92655
9.68462
8.31466
9.35549
9.46059
8.34119
7.76503
7.5191
7.81072
7.60266
7.53039
7.32621
5.85426
3.67186
8.47691
8.65088
9.64024
8.46509
9.35503
9.56865
8.54273
7.90271
7.53307
8.01606
7.61103
7.58481
7.32002
6.85248
3.65248
8.46839
8.29832
9.7747
8.54296
9.08519
9.64635
9.02067
7.75788
7.5335
7.90045
7.6146
7.61437
7.31743
7.30009
3.67643
8.34315
8.1369
9.68157
8.58997
8.96889
9.67226
9.38095
7.99834
7.44838
7.65991
7.623
7.62283
7.34517
7.28871
3.6787
7.08799
8.02456
9.3286
8.61406
8.89283
9.62128
9.68495
7.87635
7.51222
7.34458
7.63106
7.62333
7.43314
7.28371
3.66172
5.4853
7.95643
9.18542
8.70793
8.67276
9.53571
9.74095
7.83614
7.60793
7.21322
7.65827
7.61792
7.44442
7.28317
3.63767
4.24987
7.87586
8.86484
8.63826
8.66771
9.60675
9.44171
8.24469
7.43068
7.22165
7.82155
7.59221
7.53034
7.27238
3.63831
3.72604
7.74922
8.2588
8.77239
8.55791
9.59047
9.36835
8.79594
7.42525
7.05334
7.91878
7.56316
7.60465
7.26915
4.39388
3.62953
7.60586
8.04753
8.9854
8.52756
9.70009
9.29708
9.06624
7.20818
7.01076
7.81176
7.55237
7.62704
7.29662
5.81657
3.61811
7.46798
7.77906
8.81589
8.5038
9.82385
9.19616
9.6108
6.97357
6.94936
7.46388
7.552
7.65151
7.3762
6.79358
3.59429
7.52881
7.38525
8.64425
8.4838
9.83905
8.98113
10.2755
6.69096
6.88193
7.33822
7.52302
7.56079
7.40493
7.22339
3.5188
7.31421
7.37551
8.48196
8.42198
9.83627
8.67919
10.5411
6.54508
6.58234
7.09272
7.55905
7.46416
7.50966
7.22887
3.43585
5.98201
7.44455
8.28571
8.32442
9.29998
8.34458
10.0452
6.78891
6.12408
6.83903
7.63365
7.39322
7.59591
7.23469
3.36428
4.56963
7.48654
8.26714
8.23359
8.61959
8.06139
9.47632
7.04394
5.83197
6.72725
7.43847
7.41939
7.61312
7.28834
3.32395
3.62098
7.51217
8.17286
8.13065
8.29461
7.83429
8.58488
8.01929
5.65942
6.68876
7.31
7.42432
7.68123
7.38504
3.48319
3.32862
7.42181
8.04681
8.1312
8.09248
7.67734
7.9238
9.07236
5.66561
6.64585
7.14725
7.45322
7.63581
7.41325
4.38847
3.31616
6.80939
7.74038
7.95996
8.07346
7.58558
7.64469
9.80635
5.91224
6.77056
6.96547
7.45056
7.48273
7.51883
5.82479
3.20205
6.10717
7.4258
7.79519
8.00589
8.15544
7.58788
10.4521
6.29926
6.86965
6.87521
7.42129
7.44363
7.60701
6.83282
2.94188
5.51267
6.72972
7.53369
8.02966
8.85224
7.67758
10.5606
6.74441
6.96452
6.84894
7.12762
7.50359
7.61853
7.32018
2.67746
4.85415
6.08437
7.39838
7.94089
9.67675
7.75259
10.1049
7.13179
7.06388
6.73007
6.94556
7.58327
7.67009
7.37356
2.60265
3.93171
5.69364
7.32434
7.56303
8.91328
7.7057
9.62908
7.12915
7.13452
6.63824
6.68775
7.5223
7.66889
7.3996
2.65264
3.09106
5.81224
7.1942
7.19835
8.19592
7.69279
8.9213
7.10563
6.76387
6.6461
6.7297
7.55911
7.6102
7.46773
2.88871
2.65818
6.43749
7.28006
7.08543
7.63205
7.70472
8.14194
7.83642
6.42589
6.84407
6.6143
7.35822
7.61259
7.53612
3.38378
2.51602
6.94451
7.09254
6.88225
7.3479
7.78967
7.88784
8.65289
6.18222
7.16086
6.534
7.04908
7.59758
7.55915
4.48171
2.46368
7.18518
7.28337
6.81528
7.19683
8.0092
7.96226
9.26566
6.08649
7.40414
6.5549
6.94703
7.57936
7.62454
5.94707
2.6528
7.32987
7.32544
6.80522
7.01994
8.70897
8.08571
9.99628
6.07568
7.7182
6.38641
6.47132
7.61185
7.65344
6.98931
2.85743
7.64059
7.40538
6.85801
6.86353
9.23914
8.02269
10.3318
5.92334
6.78427
6.43173
6.42715
7.59951
7.65561
7.49947
3.1844
7.41541
7.3228
7.12618
6.73998
8.12572
7.91176
10.1396
5.76118
6.03122
6.85861
6.3967
7.28089
7.64381
7.53893
3.3971
5.93116
7.14191
7.33803
6.61767
7.3335
8.00468
9.90786
5.78334
5.78529
7.19063
6.3321
6.80995
7.59256
7.556
3.44484
4.51505
6.93742
7.26297
6.45174
6.50593
8.146
9.7578
6.4176
5.95975
7.52319
6.31203
6.421
7.58897
7.59905
3.37844
3.52984
6.7755
7.03126
6.47578
6.32142
8.24842
9.4589
7.61333
6.28429
8.26762
6.13128
6.12774
7.51054
7.62338
3.56231
3.25306
6.70817
6.69328
6.91833
6.06324
8.16288
9.02895
8.99535
6.5881
8.34856
6.1587
5.92483
7.4174
7.5696
4.5186
3.12225
6.53042
6.70901
7.28265
5.9669
8.28716
8.40466
9.88755
6.48083
7.49126
6.67858
5.88978
7.28737
7.54084
6.00067
3.07516
6.18595
6.62373
7.60635
6.05387
7.80477
7.89535
9.66565
6.41354
6.80768
7.19988
5.83249
6.61382
7.43716
7.03783
3.06282
5.82298
6.44666
7.45185
6.04128
6.7034
7.68585
9.58537
6.48052
6.57598
7.62512
5.60496
6.13621
7.26241
7.52253
3.04277
5.46145
6.22359
7.16042
6.13284
6.28054
7.64974
9.45476
6.92934
6.73425
8.38176
5.61383
5.67745
7.30382
7.57861
3.01762
4.51235
6.0089
6.64602
6.3463
6.15849
7.6891
9.38187
7.53171
6.96093
8.99867
5.70002
5.41814
7.07171
7.58157
2.95745
3.52433
5.69687
6.71093
7.06099
6.1562
7.71156
9.14474
8.52429
7.20738
9.45448
6.28151
5.31827
6.53123
7.59498
2.95645
2.89145
5.60475
6.92297
7.92769
6.24866
7.72865
8.69616
9.39595
7.4519
9.15218
7.12548
5.25885
5.91616
7.51711
3.42747
2.95399
5.60696
7.06088
8.00692
6.42667
7.63165
8.26501
9.69116
7.68946
8.5477
7.60347
5.25088
5.59151
7.41596
4.51015
3.02056
5.81413
7.43551
8.01215
6.48063
7.4353
7.53069
9.60385
7.9047
8.0055
8.34272
5.17924
5.05938
7.38734
5.98069
3.09834
6.11544
7.56868
7.76242
6.50915
6.77792
7.34495
9.59329
8.11654
8.10664
8.93963
5.26772
4.92109
7.22979
7.01752
3.12695
6.36525
7.75195
7.80499
6.87753
6.36125
7.26374
9.35298
8.46299
8.24486
9.34552
5.76589
4.95378
6.63591
7.51916
3.10953
6.14461
7.74958
7.76717
7.68906
6.31119
7.0681
8.98686
8.94171
8.39698
9.77658
6.51063
4.8752
5.95499
7.59013
3.12204
5.31833
8.10124
7.92061
8.3463
6.42193
6.88859
8.30307
9.26505
8.59239
10.1874
7.08241
4.74754
5.35591
7.59869
3.19102
4.30061
8.64848
7.92296
8.35998
6.39377
6.8345
7.50611
9.56224
8.83995
10.3842
7.95847
4.76299
5.00641
7.62255
3.32719
3.64801
9.23184
7.99525
7.99575
6.33811
6.84325
7.19751
9.5256
9.12242
10.4057
8.60654
4.93713
4.687
7.45705
3.59532
3.47685
9.25742
8.09804
7.8409
6.32973
6.49527
7.01189
9.02127
9.44327
10.0232
9.11326
5.34171
4.36469
6.91735
4.51273
3.59776
9.1301
8.45965
7.93017
6.47195
6.40917
6.91355
8.66486
9.75154
9.82617
9.78006
5.81221
4.45072
6.26137
6.00344
3.60765
8.844
8.4194
7.90294
6.93341
6.33944
6.99474
8.34911
9.47399
10.1052
10.3189
6.29893
4.42247
5.31621
7.06867
3.5506
8.41363
8.35293
8.05738
7.69887
6.44255
7.13908
7.9364
9.131
10.3476
10.6203
6.97682
4.24331
4.77376
7.56478
3.51584
7.85371
8.45283
8.22017
8.50175
6.59735
7.30745
7.7724
8.82255
10.3817
11.0187
7.78149
4.14456
4.32014
7.38713
3.5593
6.55033
8.17129
8.40161
8.15637
6.70711
7.10977
7.73477
8.45841
10.3401
11.405
8.34591
4.32671
4.22878
6.9929
3.63007
5.16511
7.92507
8.47073
8.10264
6.70397
6.69027
7.85288
8.1833
10.0546
11.5475
9.31284
4.78443
4.32924
6.50434
3.72998
4.20719
7.98877
8.36427
7.98012
7.17736
6.70913
8.05563
7.99999
9.41082
11.3236
10.0255
4.96873
4.02106
5.75162
3.7686
3.82373
8.00605
8.28154
8.01217
7.79929
6.90966
8.14875
8.0314
9.10722
11.0693
10.4317
5.3011
3.86233
4.91402
4.60933
3.78523
7.97801
8.38972
7.85397
8.41014
7.12927
8.38823
8.28716
8.9806
10.367
10.9292
6.22197
3.77559
4.43365
6.14799
3.81761
8.01596
8.34252
7.59506
8.09138
7.27959
8.38522
8.6447
8.94939
9.65422
11.4059
6.88743
3.72221
3.83115
7.24485
3.84804
8.14633
8.14895
7.43895
7.92177
7.52076
7.91354
8.95461
8.85199
9.1498
11.57
7.75098
3.89281
3.6428
7.08769
3.875
8.31127
8.30217
6.98751
7.64066
7.98227
7.8224
9.28474
8.71711
8.74
11.6833
8.91568
4.40729
3.63886
6.3993
3.91511
7.58588
8.28735
6.67998
6.7855
8.44729
7.93079
9.22987
8.72274
8.6768
11.2928
9.69872
4.99063
3.74071
5.40325
3.96215
6.03742
8.38948
6.50221
6.26169
8.22396
8.06201
8.8874
9.16384
8.70883
10.4129
10.262
5.52486
3.73852
4.58247
4.00987
4.77838
8.49887
5.98811
5.9009
7.78433
8.24445
8.77365
9.78434
8.66595
9.40169
10.6808
6.17632
3.50457
3.93239
4.00659
4.14175
8.46521
5.83125
5.25843
7.20059
8.30358
8.54248
10.047
8.39017
8.70938
10.8233
6.9529
3.30063
3.30411
4.77373
4.01162
8.57235
6.08099
4.58973
6.50168
8.54153
8.3564
9.74726
8.11835
8.05091
11.0378
7.66809
3.26074
3.20523
6.34403
3.99406
8.60524
6.41955
4.12452
5.81253
8.71464
8.37563
9.33399
7.97337
7.6818
11.2114
8.20606
3.66438
3.28661
6.20774
3.9831
8.61906
6.80252
3.89565
5.07776
8.20761
8.4214
8.64007
8.49396
7.46559
10.906
9.02711
3.95851
3.36466
5.37382
3.98227
8.70703
7.02019
3.85277
4.32022
7.62833
8.24612
8.31247
9.24302
7.44296
10.1973
9.82067
4.06457
3.27994
4.57573
3.97125
7.48576
7.04179
3.8566
4.00087
6.82706
8.18429
8.09949
9.60662
7.46035
9.22252
10.0847
4.35834
3.15254
3.7817
3.95345
5.82052
6.94547
4.14466
3.9077
6.03264
8.53726
7.92906
9.74835
7.59762
8.22695
10.3218
4.79106
3.04962
3.41534
3.9515
4.54958
6.8687
4.44243
3.85465
5.44767
8.35329
7.85121
9.18584
7.78526
7.85336
10.4602
5.39686
3.03798
3.27813
3.92986
3.98396
6.88147
5.1845
3.75435
4.78543
7.82055
7.72066
8.34398
7.81555
7.60611
10.4381
6.47755
3.13734
3.18453
4.75584
3.91126
7.34767
5.93064
3.67367
4.54387
7.18342
7.56513
7.78535
8.08476
7.20775
10.4046
7.68967
3.19107
3.25811
5.90248
3.88505
7.8173
6.45082
3.66056
4.31888
6.34601
7.47833
7.44935
8.47001
6.70818
10.2304
8.68628
3.22596
3.29611
4.92963
3.86196
8.12064
6.87222
3.66028
3.97937
5.70349
7.71479
7.30222
8.86079
6.2814
9.16992
9.56738
3.32592
3.19103
4.16136
3.82751
