5.28575
18.1462
16.2308
10.1936
4.10689
23.1447
16.9854
4.52506
9.79512
15.4167
21.2206
4.10612
49.3491
12.9217
5.36509
4.02753
14.2534
25.042
4.29365
20.3113
15.4634
22.6199
3.10586
15.7102
18.8358
3.26668
5.69784
17.966
20.9732
4.24898
43.6959
21.0757
19.8041
6.99055
23.4612
19.1431
6.26985
29.3404
25.0682
21.021
10.3082
22.1428
22.9006
10.6252
12.6762
18.9226
19.3507
13.9616
41.8165
10.2861
24.0556
16.4545
5.78624
5.36301
18.0593
27.9919
4.02604
13.7336
15.8515
17.7487
4.5491
40.9542
15.2384
4.06275
6.41848
14.0382
25.2681
3.93634
38.5776
13.7127
11.2213
3.07444
15.4017
25.4068
3.31836
11.3838
15.766
23.2252
2.8789
23.9888
18.7807
11.1284
3.18651
20.8077
20.1293
6.0428
44.2328
23.7607
18.9746
6.26949
24.9538
20.8129
9.69955
18.5266
22.0432
22.9094
11.3235
27.2276
18.6873
21.1794
14.2487
10.4489
12.3043
15.8941
52.5576
5.42826
20.241
16.7571
8.3047
4.14413
21.0572
15.8135
4.88466
10.547
14.1489
21.8653
4.22377
52.6275
15.6659
4.0364
4.51692
14.1032
26.1715
2.83072
26.0294
15.3214
21.0819
2.72645
16.3937
22.7659
2.60276
7.43823
18.4273
20.9522
3.56481
36.0994
20.9418
19.7086
6.38945
24.3098
19.3843
6.40007
31.9113
24.9188
21.355
9.76159
22.5984
23.3385
11.2887
12.5062
18.2103
20.1405
13.6274
36.746
9.86474
25.8592
14.5067
5.23729
6.11238
15.6826
35.5792
4.35782
15.2737
17.2292
15.9048
4.67964
34.1794
13.9861
4.11231
7.05748
13.4687
24.6504
3.98829
44.7007
14.7337
8.93678
3.51755
15.3459
26.9925
2.5885
15.2803
16.2203
22.9388
2.87677
20.9988
17.9353
6.09595
4.57586
21.3574
19.5243
7.54657
50.3807
23.7266
19.8126
7.2303
24.8598
