0.0770137
0
0
0.00925467
3.23394
7.83354
7.86204
8.39955
5.54351
8.99321
15.7247
10.2708
6.96339
3.47937
0.0195014
0.0752987
0
0
0.00592412
1.58167
7.71274
7.72871
9.2246
5.52298
8.60253
15.6435
12.6419
7.03488
3.70262
0.0320299
0
0
0
0
0.24048
7.26878
7.6779
9.08138
5.73802
8.18388
15.5364
14.456
7.17085
3.9551
0.0942332
0
0
0
0
0.0251704
6.30034
7.6683
8.49633
6.2093
7.85321
15.1949
15.8388
7.52187
4.20526
0.424935
0
0
0
0
0.0066044
4.61354
7.71092
7.99247
7.06407
7.43535
14.1576
15.792
7.80698
4.7452
1.03228
0
0.19269
0
0
0.0066044
2.66682
7.83827
8.00228
7.87458
7.14185
12.5344
15.5139
7.88089
6.12117
1.84291
0
0.572626
0
0
0.00333055
0.815147
7.63304
8.09171
8.64026
6.74119
10.4005
15.542
8.31972
7.90593
2.76169
0
0.759166
0
0
0.00327385
0.0665826
6.67209
8.24788
8.87501
6.28729
8.71938
15.5452
9.1605
8.10561
3.40491
0
0.383452
0
0
0
0.0288695
5.51616
8.09165
8.97166
6.09741
7.43935
15.5592
10.3228
8.57644
3.91308
0
0.106577
0
0
0
0.0123726
3.6746
7.84623
9.02785
6.24812
6.52478
15.5831
11.8035
9.0763
4.22828
0.00623592
0
0.451098
0
0
0.00634929
1.77473
7.80021
9.11734
6.89274
6.73918
15.5733
13.202
9.43179
4.23171
0.0193455
0
0.972462
0
0
0.00592412
0.23535
7.49921
9.15005
7.92962
7.50627
15.1472
14.5754
9.77879
4.37458
0.0221942
0
1.49753
0
0
0
0.0252554
6.22184
8.31463
8.31041
8.14517
14.5443
15.5878
9.93556
5.33219
0.115478
0
1.68564
0
0
0
0.00982156
4.54021
8.06152
8.4723
8.70766
13.7047
15.5377
9.87687
6.92654
0.390766
0
1.22604
0.170552
0
0
0
2.80656
7.88347
8.63393
8.72054
12.2549
15.485
9.81999
9.02158
1.01198
0
0.719879
0.654331
0
0
0
1.00714
7.75104
8.82538
8.84666
11.2105
15.3242
9.6598
10.0265
1.67576
0
0.291217
1.15994
0
0
0
0.0416956
7.04397
8.84309
8.87803
10.779
14.8626
9.44398
9.52736
2.22899
0
0.066611
1.71283
0
0
0
0.0317181
5.78269
9.00128
9.00763
10.4116
14.4998
9.76546
9.22946
2.85681
0.00327385
0
2.19517
0
0
0
0.0253688
4.00655
8.41555
9.07313
9.90581
13.8853
10.5008
8.98808
3.47431
0.0154906
0
2.02778
0.296673
0
0
0.0127836
2.13049
7.73194
8.82884
9.34976
12.7567
11.7011
8.7025
3.55514
0.0288553
0
1.70247
0.85045
0
0
0.00623592
0.417849
6.76301
8.56601
9.03544
11.9418
13.1887
8.39622
3.90598
0.145169
0
1.33517
1.37163
0
0
0.00296206
0.00950977
5.62949
8.34801
8.42207
11.4582
14.3328
8.04673
4.75113
0.761036
0
0.926274
1.92031
0
0
0
0.00654771
4.09343
8.25534
8.18326
10.7614
13.8993
7.71014
6.1105
1.82089
0
0.519168
2.48848
0.0858994
0
0
0
2.44378
8.7732
8.11751
9.75606
13.3943
7.36619
7.98747
2.57203
0
0.221843
2.41065
0.533482
0
0
0
0.921428
8.56225
8.31084
9.31997
12.6922
7.03714
9.5836
3.21602
0
0.0532888
2.31508
1.09092
0
0
0
0.0163693
7.55956
8.69017
9.18325
12.235
6.96288
8.89702
3.82955
0.00327385
0
2.24182
1.58096
0
0
0
0.00982156
6.2732
8.80004
8.97425
11.683
7.41379
7.97605
3.90637
0.00925467
0
2.03957
2.06957
0
0
0
0.00327385
4.27057
8.59867
9.0805
10.5119
8.90348
7.00242
3.76075
0.0156465
0
1.73219
2.48671
0.200329
0
0
0.00327385
2.27812
8.44282
9.12497
9.38842
10.7423
6.92895
4.04796
0.185377
0
1.37323
2.39799
0.526921
0
0
0
0.5975
8.22151
9.08201
9.23438
12.4003
6.76741
4.35133
0.756488
0
0.922108
2.35104
0.948908
0
0
0
0.0161283
7.1683
8.44659
9.20142
11.3084
6.52374
4.88527
1.56796
0
0.497328
2.23088
1.47306
0
0
0
0.019303
5.52632
8.21807
9.22694
10.5662
6.31609
6.01525
2.70232
0
0.198415
2.11171
2.07996
0.162913
0
0
0.00977905
3.52271
8.28277
9.25611
9.711
6.11719
7.48808
4.41113
0
0.0432971
1.96997
2.49007
0.794441
0
0
0.00623592
1.55005
8.45681
9.22438
9.42154
5.9124
8.11725
5.47336
0
0
1.8653
2.65382
1.56055
0
0
0.00296206
0.23138
7.98554
9.25384
9.74162
5.68031
7.20291
5.6573
0
0
1.77504
2.5469
2.35481
0
0
0
0.0325543
6.57936
9.38392
9.73162
6.0253
6.42389
6.07025
0.00919798
0
1.64257
2.36394
2.96828
0
0
0
0.0294364
4.57657
9.06889
9.6681
7.05149
6.91346
6.58777
0.147239
0
1.4155
2.16519
2.93371
0.514307
0
0
0.0161709
2.656
8.94869
9.94596
8.70801
7.8673
6.8472
0.756572
0
1.12888
2.07456
2.8822
1.66393
0
0
0.00888618
0.794286
8.40455
10.1732
10.3255
8.26012
7.64804
1.4221
0
0.756105
2.11083
2.8296
2.79095
0
0
0.00327385
0.0352471
7.18193
9.67715
12.1962
8.19939
8.38148
2.13511
0
0.360365
2.12779
2.74502
3.871
0
0
0
0.0289545
5.84085
9.41398
12.2519
8.17864
8.7499
3.44629
0
0.0965854
2.21756
2.63679
3.93354
0
0
0
0.00654771
4.10188
9.2538
11.6396
8.34081
8.51039
5.49283
0
0
2.29888
2.53752
3.77073
0.4383
0
0
0
1.96584
9.06777
10.8859
8.91228
8.77702
7.01866
0.00623592
0
2.40129
2.57537
3.61852
1.43844
0
0
0
0.266657
9.06026
10.5837
9.48517
8.97508
8.05081
0.0260917
0
2.33838
2.59292
3.37857
2.94327
0
0
0
0.0356156
8.20339
9.82614
9.73609
8.97973
8.89725
0.186468
0
1.95648
2.60986
3.15011
4.32377
0
0
0
0.0158591
5.61449
9.29391
10.1361
8.74407
9.29301
1.14663
0
1.48761
2.64387
3.03339
4.19909
0.274224
0
0
0
3.06925
9.26433
10.7021
8.45838
9.51635
3.26152
0
0.973497
2.66941
2.89718
3.8572
1.02844
0
0
0
0.990943
9.0265
10.3224
8.51167
9.63769
5.53675
0
0.436173
2.7148
2.82936
3.71141
1.88339
0
0
0
0.0510069
9.00598
10.1105
8.61269
9.44533
7.12196
0
0.106577
2.74559
2.85938
3.57059
2.40923
0
0
0
0.0279199
9.11325
9.34826
8.71971
8.8281
8.84036
0
0
2.72566
2.81468
3.4473
3.23125
0
0
0
0.00623592
7.87538
8.96114
8.65525
8.79875
8.94606
0.00654771
0
2.49642
2.80891
3.38756
4.25121
0.508695
0
0
0.00623592
5.40817
8.88835
8.53558
9.09936
9.03648
0.0158591
0
2.10008
2.80599
3.29818
4.98357
1.36598
0
0
0.00327385
2.95394
8.90635
8.53015
8.57295
9.23564
0.179339
0
1.57632
2.78223
3.17728
4.75354
2.21359
0
0
0
0.786349
9.13527
8.81014
8.58064
9.29663
1.11087
0
1.04461
2.79906
3.0861
4.45441
2.94587
0
0
0
0.0412279
8.15302
9.14196
8.55525
9.0562
3.42506
0
0.56041
2.71105
2.96373
4.1556
3.75124
0.0858994
0
0
0.0217832
6.04141
9.48931
8.59665
9.03004
5.85402
0
0.231494
2.42254
2.93995
3.9581
4.03243
0.520429
0
0
0.0125852
3.91685
9.5505
8.662
9.50732
8.11336
0
0.0566193
2.04485
2.90248
3.74019
4.10489
0.995435
0
0
0.00634929
1.80212
9.28564
8.75505
9.49611
8.75542
0
0
1.72672
2.90287
3.5206
4.50664
1.69248
0
0
0.00634929
0.25264
8.48762
8.88612
9.27772
8.76286
0.0130954
0
1.40781
2.82989
3.42587
5.28576
2.47825
0
0
0
0
7.14378
9.01546
9.07535
8.6966
0.028912
0
1.10281
2.64927
3.29961
4.99298
3.22625
0.403775
0
0
0
5.23863
9.22859
8.89485
8.78097
0.329908
0
0.849091
2.366
3.18041
4.66798
3.73901
0.893308
0
0
0
3.00995
9.60293
8.58257
8.96326
1.59355
0
0.607307
1.97256
3.12523
4.28871
4.04705
1.4449
0
0
0
0.884748
8.90691
8.39846
9.33253
3.66427
0
0.358069
1.53549
3.02676
3.94877
4.18362
2.15068
0
0
0
0.0222934
7.59317
8.39527
10.0791
5.21205
0
0.148741
1.09878
2.78773
3.74871
4.45994
2.97975
0.112559
0
0
0.0158591
5.57505
8.48716
8.99898
6.83401
0
0.0366361
0.783131
2.55328
3.51979
4.97315
3.55266
0.78788
0
0
0.00592412
3.33645
8.87587
8.74921
8.36775
0.00317465
0
0.544126
2.21616
3.34585
5.3886
3.99045
1.68479
0
0
0.00592412
1.48262
8.81353
9.17493
9.07083
0.00941056
0
0.354072
1.75219
3.24442
4.99671
4.19737
2.41667
0
0
0.00592412
0.205318
8.63419
8.68829
9.22266
0.0218399
0
0.231664
1.30435
3.04552
4.59063
4.47605
3.06716
0
0
0
0.0385351
8.824
8.43504
9.85881
0.308182
0
0.17068
0.908601
2.76588
4.33101
4.81594
3.38603
0
0
0
0.0132655
6.48372
8.47146
9.83591
1.59639
0
0.122224
0.580832
2.52828
4.06565
4.75942
3.09141
0.182089
0
0
0.00982156
3.93209
8.55199
9.67067
3.7938
0
0.0686518
0.363568
2.13064
3.78696
4.85438
2.86602
0.815118
0
0
0.00592412
1.34716
8.55812
9.97008
6.02481
0
0.0327386
0.27387
1.65617
3.55494
5.4612
2.6076
1.71758
0
0
0.00592412
0.0387335
8.6633
10.1472
7.90479
0
0.00982156
0.253022
1.25631
3.29032
5.17421
2.40729
2.51942
0
0
0
0.0256806
7.52037
9.72319
9.23726
0.00888618
0
0.280276
0.864042
2.96971
4.89974
2.53358
2.59176
0
0
0
0.0164827
5.3904
9.19602
9.26575
0.021684
0
0.304157
0.523873
2.69627
4.51793
2.68003
2.36518
0.203758
0
0
0.00919798
2.87549
9.18279
9.2445
0.0318315
0
0.398446
0.427245
2.36358
4.13467
3.32105
2.44198
0.619538
0
0
0.00592412
0.534064
8.98954
9.19744
0.340155
0
0.669
0.47675
2.01839
3.844
4.39146
2.59428
1.20611
0
0
0.00592412
0.0163693
7.53039
9.33037
1.60362
0
0.727278
0.559432
1.70425
3.50572
5.0771
2.91119
1.55786
0
0
0
0.0124718
5.50394
9.36328
3.21852
0
0.405774
0.697883
1.31408
3.15038
5.57152
3.28571
2.13848
0.18661
0
0
0.00592412
3.32274
8.97562
4.35057
0
0.192038
0.863206
1.05855
2.91206
5.09742
3.64381
2.87435
0.961932
0
0
0.00592412
1.23702
8.73262
6.04105
0
0.0532888
1.00561
1.06178
2.60021
4.56866
3.94623
3.25892
1.57007
0
0
0.00592412
0.00592412
7.93176
7.76225
0.00327385
0
1.10356
1.05284
2.33099
4.14875
4.164
3.52632
1.834
0
0
0
0
6.46817
8.73633
0.00296206
0
1.16444
1.10051
2.05422
3.77149
4.43294
4.25665
2.01189
0
0
0
0
4.63962
9.22627
0.0188211
0
0.930314
1.1052
1.68852
3.4177
4.85773
4.28519
2.04424
0.542057
0
0
0
2.68636
9.17275
0.332304
0
0.737751
1.11837
1.3689
3.10793
4.99763
4.2216
2.07907
1.38342
0
0
0
0.701583
9.25604
1.62366
0
0.526127
1.09433
1.16674
2.81852
4.96345
4.13862
2.14233
2.06585
0
0
0
0.00623592
8.55589
3.44173
0
0.340368
1.13383
1.06263
2.57739
5.20398
4.01618
2.51978
1.91445
0
0
0
0
6.28304
5.2032
0
0.191868
1.30766
1.06556
2.30801
5.07897
3.89953
3.47964
1.80678
0.0740515
0
0
0
3.83945
7.16246
0
0.0632804
1.32889
1.06261
2.0156
4.49968
3.80738
4.20063
1.6919
0.633526
0
0
0
1.61758
8.43399
0.00888618
0
1.3001
1.07008
1.78641
3.9393
3.8319
4.0316
1.59132
1.52223
0
0
0
0.195964
8.86901
0.0258932
0
1.2821
1.07928
1.5332
3.38064
3.9638
4.053
1.62393
2.39269
0
0
0
0.00333055
8.73405
0.0513188
0
1.25484
1.13273
1.34871
2.98517
4.12681
4.07623
1.70308
2.15308
0
0
0
0.00327385
6.29408
0.32577
0
1.26894
1.16033
1.17575
2.63185
4.28284
4.09195
1.77623
1.77345
0.10336
0
0
0
3.72658
1.33892
0
1.02526
1.1963
1.19822
2.20004
4.56353
4.06677
2.34724
1.93007
0.488697
0
0
0
1.09212
2.60396
0
0.690203
1.31239
1.30529
1.80068
4.79233
4.05278
3.08254
2.31461
1.09436
0
0
0
0.0224068
4.29406
0
0.343882
1.31093
1.38208
1.81132
3.81442
4.19406
4.15058
2.72874
1.54357
0
0
0
0.0191329
6.46028
0
0.0965854
1.32363
1.39329
1.82198
3.12161
4.18223
4.47354
2.91828
2.17315
0
0
0
0.00654771
4.36028
0.00327385
0
1.26218
1.34964
1.79007
2.47827
4.24885
4.14765
2.88384
3.10899
0.631244
0
0
0
2.18246
0.00925467
0
1.18923
1.29547
1.79878
1.83814
4.37405
4.22417
2.96285
3.0056
1.30968
0
0
0
0.275529
0.018977
0
1.14055
1.17262
1.91644
1.8355
4.41318
4.3431
3.5903
3.30644
1.91899
0
0
0
0.0257373
0.233648
0
1.26041
1.08719
2.16606
1.9531
4.49413
4.38542
4.88862
3.76748
2.2928
0
0
0
0.0191329
1.02209
0
1.45336
0.925183
2.42292
2.23142
4.10865
4.3116
5.09493
4.30308
2.57767
0.328321
0
0
0.00654771
2.67471
0
1.00876
0.836519
2.86455
2.39928
3.09304
4.36035
4.90494
4.49808
2.6658
1.22052
0
0
0
1.14661
0
0.485849
0.894188
3.20446
2.51134
2.72057
4.48936
4.84844
4.74233
2.71441
2.25441
0
0
0
0.0190762
0
0.12323
1.07319
2.86654
2.65292
2.70914
4.62372
4.88007
5.62107
2.9889
2.55063
0
0
0
0.00956646
0.00982156
0
1.24204
2.49095
2.94688
2.83352
4.89508
4.80895
5.80778
3.80491
2.37199
0
0
0
0
0.0154906
0
1.35627
2.05227
3.31479
2.95985
4.80377
5.12686
5.50665
4.48205
2.15135
0.462705
0
0
0
0.0347794
0
1.54087
1.59734
3.27093
3.09059
4.46035
5.02053
5.55111
4.98631
1.96675
1.30122
0
0
0
0.0372171
0
1.78261
1.47691
3.2127
3.3218
3.9604
4.89987
5.58613
5.47251
1.82497
2.27434
0
0
0
0.0129537
0
1.57241
1.52808
3.06288
3.39582
3.6467
4.78272
5.70799
6.02143
1.70676
2.05636
0
0
0
0.0066611
0
0.986252
1.59655
2.80698
3.3832
3.62054
4.70619
5.78718
6.31602
1.68956
1.59571
0.0799754
0
0
0
0
0.462704
1.74135
2.62856
3.36245
3.38755
4.73343
5.80605
6.09782
2.17161
1.63032
0.403775
0
0
0
0
0.113238
1.79419
2.29024
3.25724
3.2738
4.50437
5.66829
5.76028
2.95627
1.81644
0.910329
0
0
0
0.00592412
0
1.86107
2.02966
3.16783
3.17215
4.37407
5.12616
5.65846
3.98941
1.99124
1.71542
0
0
0
0.0125285
0
1.96618
1.89311
2.96306
3.13037
4.02728
5.10714
5.47287
4.95588
2.17089
2.70304
0
0
0
0.00956646
0
2.34398
1.80805
2.69614
3.0759
3.67616
5.01855
5.36513
5.63015
2.44659
2.56191
0.550164
0
0
0.00296206
0
4.26208
1.87919
2.52736
3.04206
3.48651
4.87619
5.38338
5.96297
2.93761
2.8837
1.24235
0
0
0.00296206
0
7.34908
2.08875
2.33197
3.00385
3.30451
4.65293
5.37441
6.09819
3.82901
3.37099
1.94286
0
0
0.00296206
0
10.1613
2.61853
2.35253
2.914
3.06779
4.38561
5.28443
5.87178
4.81938
3.9177
3.16738
0
0
0
0
9.05857
4.80727
2.38074
2.85921
2.92719
3.8927
5.36079
5.82877
5.85736
4.63352
4.52642
0.121444
0
0
0
5.27795
7.82335
2.65065
2.73766
2.82356
3.45906
4.6678
5.88652
5.80434
5.13109
5.06801
0.873084
0
0
0
1.91319
10.7415
2.99848
2.67594
2.63623
3.07324
4.01674
5.77613
5.8605
5.67168
5.30217
1.80347
0
0
0
0.422979
12.3582
5.19426
2.6394
2.60182
2.94302
3.83035
5.29849
5.94362
6.04354
5.37462
2.62962
0
0
0
0
11.0349
7.77862
2.59833
2.56336
2.79142
3.49208
4.60769
6.114
6.08806
5.36741
3.72857
0
0
0
0
9.67445
10.6398
3.10378
2.50434
2.73894
3.09742
3.7416
6.05103
6.0014
5.29191
4.9869
0.169773
0
0
0
8.91777
13.6827
5.19627
2.6026
2.68958
2.58564
2.70922
5.75486
5.917
5.25659
5.16722
0.840942
0
0
0
7.64682
13.4051
7.93621
2.67127
2.64758
2.23739
2.04433
5.4519
5.74754
5.38188
5.18434
1.69007
0
0
0
5.90432
11.0217
10.8747
3.37856
2.58196
2.33412
1.87779
5.07063
5.64747
5.65724
5.13143
2.48331
0
0
0
3.99383
8.98534
13.6624
5.91061
2.56896
2.5115
1.96992
4.6826
5.74023
5.43589
4.92416
3.42045
0
0
0
2.44792
8.02141
16.0431
8.75342
2.7188
2.5153
2.18727
4.3751
5.81109
5.27506
4.55089
4.22574
0.115875
0
0
0.73272
7.53405
16.3164
11.4696
4.80488
2.48829
2.48096
3.87776
4.91376
5.18725
4.51949
4.28729
0.459729
0
0
0
6.37051
13.4827
14.3251
7.73412
3.19497
2.80681
3.73903
4.28378
4.99767
4.8886
4.14894
0.946314
0
0
0
5.66937
11.2635
16.4654
10.4913
4.72722
3.15894
3.93147
4.20978
4.68643
4.81525
4.07268
1.3313
0
0
0
5.66796
9.36942
16.7225
13.2757
6.39477
3.73229
3.98988
4.47364
4.38684
4.33868
4.03663
2.09059
0.0118483
0
0
5.86282
6.92984
16.6994
15.8591
7.98096
4.7617
4.56596
4.61324
4.46275
4.08139
4.2698
2.91733
0.197041
0
0
6.15934
6.08281
16.7483
16.3873
9.37855
6.27737
4.85833
4.65699
4.66805
4.02116
4.79852
3.45049
0.579543
0
0
5.21811
6.06163
16.1262
15.9113
10.298
7.44541
4.8474
4.70589
4.71679
4.02194
4.41909
4.09977
0.775876
0
0
2.9958
6.409
14.2043
15.4236
9.77988
8.62638
4.67329
4.84271
5.06518
3.76095
3.9871
4.86333
0.92361
0
0
0.759365
6.9368
12.0937
14.6845
9.32072
9.16763
4.6228
4.67451
4.89159
3.5492
3.69904
5.17211
1.55306
0
0
0
7.88669
9.98772
13.8779
9.30774
9.34078
5.77811
4.60135
4.94767
3.66384
3.45839
5.80032
2.32289
1.16643
0
0
7.96076
8.23825
13.2672
9.2644
9.74764
7.14196
4.51019
4.89872
4.01142
3.63426
6.55415
2.83955
2.02859
0
0
7.87789
7.4618
12.68
8.79158
9.93068
8.31062
4.44724
4.73888
4.31029
3.96069
6.08888
3.80833
2.31394
0
0
6.4474
7.32238
12.1869
8.61782
9.90059
9.58019
4.56133
4.50104
4.91029
4.08769
5.83804
4.84849
2.51864
0
0
2.99124
7.49829
11.2389
8.6
9.70341
10.9164
4.68127
4.32968
4.80542
4.34143
5.59122
5.14861
2.81773
0.0651653
0
0.375048
6.84488
9.52711
8.50979
9.17352
11.2676
5.03354
4.35281
4.57329
4.60332
5.21388
5.43551
3.24758
0.975778
0
0.0299749
5.51036
7.06293
7.94341
8.75337
11.3598
5.45437
4.55253
4.49289
4.65086
5.06698
6.11221
3.49602
2.43396
0
0
3.98065
6.2133
7.36028
8.37862
10.7571
6.2715
5.0805
4.44818
4.64634
4.83326
6.07999
3.78204
3.68608
0
0
1.7371
5.63252
7.25421
8.1309
10.2747
7.39106
5.68751
4.54985
4.63385
4.62202
5.98032
4.95544
4.10007
0
0
0.995493
4.33136
7.27856
7.87952
9.83351
8.99868
6.27391
4.67702
4.51157
4.52625
5.93453
5.86109
4.57065
0.00654771
0
0.746708
2.78241
7.12691
7.61808
9.29901
10.4571
6.91705
4.74331
4.56711
4.30897
5.60682
5.65529
4.86917
0.0158591
0
0.795419
2.0648
7.17293
7.2473
9.04655
11.0616
8.00082
4.72212
4.73837
4.25355
5.18491
5.57771
4.95229
0.477572
0
0.977551
1.25341
7.04297
6.79735
8.8549
10.9004
9.46775
4.93411
4.63253
4.12212
4.78431
5.59376
5.01702
1.64939
0
0.886421
1.12944
5.87125
6.42347
8.25248
10.6212
10.1564
6.27735
4.55306
4.00048
4.54352
5.45424
5.02094
3.33147
0
0.469536
1.34326
4.77797
6.1339
7.68216
10.4434
10.4074
8.212
4.55569
3.89288
4.3705
4.77137
4.97856
4.98692
0
0.136552
1.62069
4.06066
5.88468
7.12494
10.3091
10.342
10.4984
4.65606
3.68171
3.88335
4.47212
5.72412
4.97901
0
0
1.84838
2.8151
5.7152
6.46843
10.2841
10.2612
11.8117
4.7515
3.52064
3.4201
4.27332
6.24855
5.03853
0.00654771
0
2.06528
2.0139
5.46683
5.94149
9.75267
10.2426
11.5644
5.43517
3.40368
3.18278
4.21614
6.11277
5.25094
0.0157599
0
2.49904
2.28546
5.38674
5.55392
8.87531
10.2033
11.3301
7.22587
3.33283
2.91834
4.15098
5.48566
5.66375
0.0217265
0
1.96518
2.7014
6.07788
5.45986
8.00623
10.329
10.8176
9.36178
3.58345
2.6178
4.06684
4.74493
6.19109
0.616179
0
1.27841
2.87796
5.19127
5.6207
7.17988
10.5624
10.6375
11.2599
4.19225
2.28881
4.1731
4.54998
6.78164
1.77226
0
0.665783
2.86773
3.55997
5.72089
6.66792
10.7999
10.6877
12.7337
4.74591
1.92681
4.2659
4.35186
7.28009
3.28274
0
0.22771
2.90351
3.77651
5.98529
6.53534
11.1633
10.7552
12.2607
5.71519
1.60018
3.71101
4.20109
6.38492
4.81672
0
0.0233138
2.51203
4.35766
6.07457
6.58297
11.3781
10.8139
11.8992
7.29021
1.42783
2.41586
3.90511
5.63266
5.64846
0.00296206
0
1.98988
4.7386
6.06122
6.27005
11.8477
10.9074
11.3359
8.93387
1.65641
1.47807
3.79009
4.90812
5.89784
0.0123726
0
1.47246
4.76346
6.08435
6.07833
11.5772
11.0034
11.1319
10.3403
2.37887
1.1862
3.78523
4.58929
5.94553
0.0384217
0
0.854108
4.66306
6.9785
5.98992
10.5058
11.1217
11.0123
11.9283
3.39818
1.2168
3.95336
4.24124
6.00198
0.0574554
0
0.246574
4.37936
8.95737
5.72484
9.23587
11.5673
11.0518
12.1231
4.9502
1.15462
4.26731
4.14744
5.87606
0.390269
0
0.0288978
3.5079
8.05143
5.24417
8.05718
11.7299
11.1331
11.6893
6.17134
1.14073
3.77959
4.38806
5.61674
1.18726
0
0.0163693
2.60644
5.59256
4.81475
6.76359
12.0995
11.292
11.3505
7.26373
1.24034
3.1573
4.69267
5.50705
2.41704
0
0.00982156
1.75626
4.70952
4.56689
5.77942
12.1316
11.3626
11.3136
8.6938
1.33756
2.58344
4.89861
5.62394
3.62406
0
0
0.984608
4.59944
4.30497
5.02833
12.1309
11.6368
11.3605
9.6565
1.39928
1.72461
5.00239
5.54096
4.65772
0.00296206
0
0.353052
4.57705
3.99262
4.29323
12.2694
12.1004
11.4339
9.86315
1.46099
1.43746
4.9747
5.30074
4.98129
0.0189203
0
0.539393
4.86116
3.52634
3.6692
12.6088
12.2605
11.311
9.6832
2.48218
1.45841
4.88952
5.28666
4.7987
0.0319307
0
1.01256
5.11359
3.0719
3.16386
12.3371
12.3615
11.5114
9.63222
4.07955
1.57005
4.70444
5.25902
4.40139
0.0449128
0
1.69703
5.20509
3.6899
3.14365
10.7259
12.3027
11.6599
9.54093
5.52679
1.6829
4.14206
4.78591
4.15023
0.433623
0
2.39272
4.40016
5.00528
3.10201
8.76438
12.269
12.1412
9.72811
6.88373
1.72854
3.35448
4.69285
4.12433
1.27506
0
3.08285
3.60012
5.6042
3.10077
6.78961
12.1795
12.122
10.0959
7.62632
1.96217
2.95666
4.57914
4.13019
2.60457
0
1.8161
4.07405
5.63247
3.07483
5.18703
12.5322
11.987
11.1049
7.15992
2.37496
2.60648
4.54225
4.18455
3.81584
0
0.462946
4.75773
5.63514
2.98926
3.75192
12.6379
11.7627
11.5996
6.66476
3.59707
3.14855
4.54791
4.49928
4.61564
0.00296206
0
5.02311
5.51771
3.08689
3.01192
12.8104
11.5557
11.7559
6.68275
5.33402
3.50677
4.63449
4.91773
4.50942
0.00941056
0
4.92393
5.60585
3.47489
3.20607
13.0483
11.1031
12.1292
7.45886
6.55705
3.49251
4.59908
5.38866
4.36632
0.0161709
0
4.68725
5.8528
4.09308
3.49877
11.9119
10.376
12.3446
8.95248
6.90086
3.36075
4.27269
5.30422
4.3525
0.0194447
0
4.43434
4.98628
5.13954
3.90012
9.92613
9.48777
11.1704
10.6122
7.2443
3.47252
3.70279
5.11197
4.50285
0.386797
0
4.04225
4.24681
5.8634
4.53176
8.03737
8.63391
9.7496
12.0513
7.56263
4.13097
3.77416
4.97826
4.78748
1.34594
0
1.92257
4.24576
6.55509
5.24087
6.74141
8.15167
8.58498
12.8147
8.0426
5.60317
3.82239
4.91061
5.0982
2.68861
0
0.363639
4.37998
5.73295
5.87647
6.22116
8.02834
7.92337
12.8246
8.57907
7.32441
3.88129
5.10383
5.13689
3.94776
0
0.0266443
4.45547
5.7276
6.57165
6.43145
8.32432
8.0247
12.9308
9.68063
8.7903
3.99324
5.01995
5.24062
5.28546
0.00592412
0
3.92503
5.71598
6.86254
6.70558
9.14857
8.00738
12.9518
11.124
9.12775
4.18392
4.68165
5.34687
5.64937
0.0224068
0
3.38964
5.69078
7.35943
6.79723
9.9104
8.1931
13.0029
12.49
9.55488
4.60225
4.53518
5.25244
5.36827
0.0413413
0
3.1487
5.80144
7.89318
6.69671
9.84394
8.2715
13.1288
13.7618
9.89777
5.64077
4.73098
4.95526
5.09229
0.0610411
0
3.26803
5.44314
6.78939
6.51952
9.09864
7.92179
13.256
14.4173
10.3283
7.30268
4.75955
4.63953
4.89738
0.535495
0
3.41477
4.63542
6.46535
6.36525
8.08335
7.62478
13.1658
14.1775
10.938
9.16105
4.02188
4.02547
4.5773
1.46234
0
2.0444
4.27516
6.3901
6.38081
6.73554
7.22452
12.5639
14.1334
11.8543
11.0329
3.72892
3.35994
4.17667
2.57559
0
0.716152
3.89421
6.30494
6.52465
6.46307
6.95656
11.4671
14.059
12.8347
11.5512
3.70936
2.9351
4.17089
3.59067
0
0.166527
3.65029
6.12099
7.13318
6.54599
6.72133
9.82556
13.8803
13.808
11.8564
4.28179
2.74332
4.60424
3.81855
0.00592412
0
3.26989
6.19188
7.53926
6.69275
6.48657
8.00893
14.0857
14.1681
12.1993
5.80299
2.63134
4.08101
3.88752
0.00925467
0
2.76809
6.06689
7.71066
6.67471
7.12877
6.60786
14.1494
13.9129
12.5243
8.14599
2.67888
3.40508
4.02008
0.01216
0
2.26423
5.08394
6.94203
6.63929
7.48196
5.96377
13.8939
13.5712
12.7432
10.3077
2.62694
3.15482
4.1986
0.0252271
0
2.0576
3.94491
6.80337
6.29032
6.51341
5.83862
13.7809
13.3851
12.8889
12.3394
2.56081
2.70719
4.43222
0.462166
0
1.35709
2.96464
6.9099
6.34834
6.17533
5.88504
13.6533
13.0419
12.657
12.9747
2.80291
2.58539
4.69233
1.32425
0
0.7442
2.62814
6.12076
6.69347
6.29419
5.99287
13.1019
12.9769
12.2649
13.1613
3.76292
2.46792
4.37622
2.39496
0
0.294094
2.35012
5.97107
7.37594
6.43305
6.20475
12.4003
13.1333
11.8448
12.9477
5.39609
2.35425
3.74182
3.0144
0
0.073272
2.08345
5.74146
7.79219
6.572
6.5276
10.9857
12.6447
11.4444
12.3469
7.618
2.41215
3.28889
3.91566
0
0
1.88329
5.15326
7.77118
6.72919
6.78476
9.19409
11.4095
10.9047
11.399
10.2716
2.48841
3.05635
4.955
0.00950977
0
1.5544
4.83799
8.04968
6.84755
7.05768
8.21549
10.49
10.3508
10.534
12.3372
2.73124
2.74559
5.05187
0.0188211
0
1.0262
5.18735
7.48962
7.09001
7.15938
7.92582
9.79219
9.86434
9.77812
13.6671
3.60702
2.68951
5.00465
0.0356723
0
0.574923
4.92038
7.06976
7.06499
7.23475
7.73235
9.10802
9.96418
9.38318
13.8133
4.54065
2.58915
5.05673
0.423588
0
0.256211
4.41725
6.67431
7.02256
7.47113
8.07802
8.4776
10.3427
9.12916
13.3728
5.3376
2.70749
4.22099
1.06305
0
0.0461883
3.77015
6.13907
7.11349
7.8273
8.46698
8.15466
11.4128
9.07966
12.6159
7.01543
2.85547
3.45584
2.16772
0
0.00987826
2.88038
5.98662
7.32255
7.4466
8.29606
7.74641
11.4277
8.96883
12.0681
9.29181
3.06341
3.07076
3.14158
0
0
1.57614
5.52125
7.6505
7.47503
8.01831
7.05544
9.48035
8.45494
10.6804
10.8837
3.39565
3.11505
3.87087
0
0
0.562876
4.55833
7.53447
7.41826
8.24043
6.48293
8.15686
8.1972
8.87471
12.3218
4.06054
3.28356
3.80365
0.00296206
0
0.113933
3.88483
6.72197
7.28796
8.39878
6.10025
6.84759
8.17859
8.24069
13.6371
5.00402
3.4397
3.436
0.0064485
0
0.016015
3.29598
6.35475
7.18181
8.07386
6.47536
6.04576
8.18563
8.3179
13.7216
5.48303
3.72093
3.32027
0.0323417
0
0.00327385
2.44823
6.75106
7.12099
7.92735
7.28873
6.43681
8.82808
8.28518
13.5781
6.2474
4.01212
3.29201
0.342082
0
0
1.9476
6.55061
7.05974
7.53349
8.38196
7.10598
10.5932
8.57295
13.5483
7.54498
4.32648
3.40984
0.902025
0
0
1.37644
5.4343
6.99192
7.16175
9.09665
7.76429
12.3456
9.05203
13.4445
8.94618
4.57484
3.63601
1.68054
0
0
0.59903
4.54882
7.30335
7.08228
8.37668
8.36955
13.4415
9.42967
12.9433
10.4198
4.68412
4.028
2.33011
0
0
0.0859423
3.64896
7.24941
7.17025
7.93157
8.74941
13.4713
9.84579
12.2658
12.0681
5.40352
4.20027
2.80738
0.00296206
0
0
2.44045
7.18013
7.29072
7.846
8.94644
12.2817
10.2992
11.2301
13.5203
6.01747
4.49327
3.12382
0.00613671
0
0
1.52047
7.31382
7.14731
7.81004
8.99858
11.2606
10.2874
10.5577
14.1451
6.15142
4.15316
3.30878
0.018977
0
0
1.07442
7.39031
6.98451
7.86268
9.01674
10.1175
10.4954
10.4754
13.9304
6.72855
3.97972
3.26667
0.0284443
0
0
0.63785
6.76673
6.92605
7.87097
8.53889
9.42101
11.3635
10.7837
12.6164
7.71464
3.85395
3.25768
0.228787
0
0
0.273133
6.4473
6.84505
7.79666
8.20984
9.35155
12.4196
10.675
11.291
8.75912
4.16634
3.44969
0.577005
0
0
0.00987826
6.39782
6.96251
7.14072
8.11304
9.62055
13.8271
10.093
9.99016
10.3327
4.8901
3.63704
1.13448
0
0
0.00950977
5.56156
7.13445
7.19434
8.06576
9.2806
14.324
9.54435
9.23437
12.4058
5.19059
3.35774
1.70119
0
0
0.00327385
4.7049
7.29476
7.15092
7.98468
8.56915
13.3713
9.747
8.69349
14.0018
5.44764
3.19792
2.35939
0
0
0
3.68276
7.1461
7.08943
7.89825
7.86259
12.5406
10.5068
8.23559
14.8157
6.04393
3.21177
3.08843
0
0
0
2.33249
6.84546
7.09636
7.84353
7.85924
12.0563
11.1154
7.94589
15.1779
6.72474
3.12037
3.06852
0.00327385
0
0
0.715855
7.06309
7.00442
7.92055
7.98344
11.7057
12.0898
7.70158
14.5336
7.4913
3.13974
2.80942
0.0158024
0
0
0.0130954
6.65049
6.91438
7.67353
8.05483
11.246
13.4483
7.50428
12.7985
8.96603
4.28443
2.5348
0.387052
0
0
0.00919798
5.45637
6.84109
7.26199
8.07877
10.1398
14.551
7.32843
10.9787
11.1271
5.78212
2.16531
1.05754
0
0
0
3.32656
7.07671
7.04721
8.06916
8.92267
13.659
7.40277
9.09063
13.5318
6.14018
1.84807
1.89575
0
0
0
1.41371
7.25977
7.26501
7.8821
8.08695
12.9646
7.64249
7.99223
15.0587
6.43549
1.63156
1.8224
0
0
0
0.17873
7.00297
7.53819
7.756
7.73192
12.5708
8.74035
8.15072
15.6346
6.94706
1.901
1.61193
0
0
0
0.0194447
6.7511
7.01521
7.72528
7.63922
11.6522
10.8396
9.06435
15.9597
7.33503
2.23185
1.39205
0.00327385
0
0
0.0124718
4.95391
6.96544
7.77928
7.61377
10.445
12.484
10.233
15.8052
7.71619
3.19198
1.30882
0.00623592
0
