0
0.3919
3.72633
0.776207
0.856978
2.49111
6.67543
5.34649
5.5353
9.66119
14.1935
15.2303
7.01736
0.0517804
0
0
0.0331649
2.93606
0.763806
0.7813
1.83821
6.33683
5.74396
5.32816
8.66871
13.2897
14.9585
9.25749
0.124041
0
0
0.0283017
2.00011
0.906125
0.795458
1.49755
5.60775
6.03427
5.07208
7.56992
11.8952
14.5473
11.142
0.209851
0
0
0.015603
1.27336
1.3467
0.828933
1.45405
4.70912
5.89052
5.1955
6.83839
10.7823
14.1394
12.2595
0.27487
0
0
0.0283017
0.736545
2.1118
0.846738
1.42613
3.57439
6.16824
5.28123
5.97668
10.0938
13.5413
12.9127
0.349332
0
0
0.015603
0.195261
2.99985
0.865259
1.30776
2.47432
6.52693
5.05304
5.47228
8.95749
13.3231
13.5774
0.942518
0
0
0.171255
0.0251811
3.82512
0.930198
1.18963
1.7937
6.27872
5.31095
5.22687
8.24315
13.1168
14.0946
2.31652
0.00906463
0
0.832837
0.0187236
2.55143
1.00503
1.08844
1.47828
5.32403
5.51185
5.41304
7.57309
12.6224
14.4641
4.25979
0.0330028
0
0.528423
0.0220604
1.41759
1.10686
1.05412
1.4103
4.29278
5.55282
5.5412
6.78688
12.1284
14.655
6.43057
0.0574408
0
0.107938
0.0156031
0.519588
1.35063
1.07483
1.40456
3.14006
5.81854
5.58113
6.21372
11.3305
14.0276
8.67097
0.0940235
0
0
0.0188317
0.0501729
1.8275
1.09858
1.33797
2.14633
6.09924
5.57962
5.70331
9.54093
13.5631
10.5023
0.127134
0
0
0.371866
0.0156031
2.31838
1.1418
1.30967
1.5584
6.0671
5.60718
4.95082
7.56606
13.0366
11.5681
0.142589
0.00282341
0
1.11218
0.0187236
2.65345
1.17128
1.33118
1.29111
5.03893
5.54848
4.62008
5.89502
12.2492
12.1607
0.239044
0.0180347
0
1.80614
0.0156031
1.50184
1.20715
1.65387
1.26341
3.96067
5.54278
4.01453
4.34128
11.4881
12.5793
0.406841
0.0393116
0
1.85894
0.0218442
0.439979
1.26747
1.58709
1.30247
2.85228
5.92098
3.60009
3.51757
10.5413
12.7751
0.958323
0.0516454
0
1.20327
0.107519
0.0187236
1.34036
1.38329
1.31436
1.94373
5.98989
3.74008
3.3877
9.23283
12.7899
2.11369
0.0545634
0
0.50308
0.704812
0.00594402
1.60469
1.40708
1.35896
1.48299
5.27264
4.17635
3.63824
8.02422
12.1135
3.58023
0.0489166
0
0.0952393
1.46935
0.0124824
1.25428
1.48248
1.40449
1.36348
4.26239
4.85567
3.97359
6.98804
11.3076
5.30461
0.0335567
0.00594402
0
2.1868
0.0150086
0.624891
1.52419
1.66419
1.39926
3.3239
5.28257
4.24157
5.78834
10.4224
7.12
0.0247757
0.0090241
0
2.92185
0.0218443
0.0963876
1.54784
2.13585
1.40336
2.35792
5.74602
4.32295
4.94142
9.52391
8.4848
0.0277072
0.00897006
0
3.13455
0.33042
0.0277882
1.57257
3.06703
1.41457
1.69286
5.53554
4.25533
4.47888
8.5509
9.18361
0.0361775
0.00312061
0
2.49695
1.0815
0.015603
1.20555
2.21854
1.40968
1.4179
4.68959
4.18711
4.25597
7.55968
8.50187
0.0611423
0.00282341
0
1.80383
1.84726
0.0187236
0.706352
1.7119
1.57591
1.39663
3.66301
4.27269
4.11227
6.24688
7.21967
0.103237
0
0
1.15772
2.52288
0.00282341
0.223765
1.58638
1.91484
1.40011
2.80177
4.5988
3.93588
4.9861
5.9053
0.222509
0
0
0.484249
3.23479
0.0382443
0.0156031
1.4103
2.26472
1.39678
2.03176
4.97357
3.73122
4.07143
4.6123
0.349913
0
0
0.0952393
3.46358
0.319855
0.0112937
1.11981
2.52873
1.3864
1.58046
5.33358
3.41764
3.47952
3.17509
0.517805
0
0
0
3.34266
0.932642
0.0157111
0.832608
2.95882
1.42818
1.43082
4.34976
3.12801
2.96513
2.27621
0.712025
0.00312061
0
0
3.21498
1.69935
0.0147114
0.458554
3.77083
1.58072
1.40123
3.26083
3.27176
2.67104
2.17787
0.834094
0.00599806
0
0
2.93952
2.44974
0.0094699
0.101048
2.65202
1.80929
1.40614
2.4555
3.5121
2.54725
1.89033
0.832973
0.0263022
0
0
2.35991
3.20411
0.0615746
0.00847022
1.61718
2.0891
1.38036
1.79573
3.88335
2.25764
1.43802
0.634362
0.075516
0
0
1.6777
3.57943
0.22671
0.0157111
0.950866
2.21385
1.40545
1.47218
4.35075
2.02394
1.20395
0.464228
0.123163
0
0
1.08651
3.49942
0.42185
0.0112937
0.599197
2.19691
1.45412
1.41378
3.908
2.10438
1.05883
0.412393
0.189209
0
0
0.478061
3.2161
0.731181
0.0219524
0.255268
2.13893
1.54085
1.44213
2.85368
2.21737
1.01241
0.410704
0.278639
0
0
0.0952393
2.85534
1.29534
0.0172376
0.0091727
2.34352
1.61558
1.43609
2.11034
2.31095
1.16816
0.417567
0.320315
0
0
0
2.35126
1.99838
0.137415
0.0157111
3.081
1.62871
1.46328
1.61371
2.49016
1.35629
0.404193
0.312196
0.00624122
0
0
1.85892
2.63167
0.34455
0.00952393
2.06979
1.60347
1.44849
1.44148
2.75142
1.48553
0.401315
0.301334
0.0275991
0
0
1.38651
3.17624
0.557846
0.0157111
0.914824
1.57654
1.51039
1.44442
2.96956
1.64393
0.372811
0.286947
0.0513482
0
0
0.923389
3.45607
0.742731
0.00634929
0.176969
1.5989
1.54262
1.40472
2.40837
1.79601
0.351156
0.243664
0.0705717
0
0
0.59301
3.44487
0.916499
0.0653031
0.0188317
1.63536
1.53859
1.4418
1.85859
1.88341
0.327664
0.2259
0.100562
0.00564682
0
0.389779
3.41268
1.06787
0.261874
0.0112937
1.71405
1.54808
1.42296
1.51579
1.98995
0.313911
0.253012
0.124352
0.0122933
0
0.172876
3.39037
1.42812
0.50443
0.0219524
1.98118
1.56641
1.50805
1.49064
2.11681
0.389144
0.283502
0.137631
0.0245866
0
0.0253971
3.40622
1.92748
0.731803
0.0204123
1.48082
1.58155
1.5569
1.49061
2.18221
0.502999
0.28438
0.155031
0.0485248
0
0
3.41518
2.49369
0.899086
0.0157111
0.138523
1.64166
1.54763
1.5125
1.90947
0.647668
0.275424
0.16723
0.0701799
0
0
3.44818
3.07439
0.992691
0.169472
0.0144683
1.74115
1.54492
1.51867
1.62494
0.859788
0.2649
0.167959
0.0916864
0
0
3.21038
3.48702
0.964768
0.432441
0.0219523
1.4632
1.57276
1.55204
1.49996
1.1018
0.24488
0.185805
0.109289
0
0
2.62096
3.49088
0.956932
0.716132
0.0266535
1.05702
1.59378
1.64017
1.4942
1.30683
0.228669
0.201867
0.116516
0.0121852
0
1.9083
3.50646
0.955325
0.952164
0.0125905
0.388576
1.60334
1.61525
1.50251
1.50147
0.251972
0.198895
0.119542
0.0416757
0
1.25046
3.53549
1.23952
0.946179
0.0347725
0.00847022
1.54732
1.63664
1.52699
1.68249
0.289676
0.204879
0.119542
0.0756782
0
0.547255
3.51674
1.76413
0.948597
0.338687
0.00312061
1.15136
1.64607
1.50754
1.61129
0.373892
0.207905
0.119542
0.103034
0
0.111113
3.50525
2.28606
0.960458
0.633145
0.00847022
0.726791
1.66961
1.59525
1.51198
0.488139
0.198787
0.122663
0.119542
0
0
3.41502
2.87786
0.968901
0.940032
0.0124824
0.328974
1.69173
1.73156
1.52415
0.6153
0.208054
0.130849
0.119542
0
0
3.31477
3.39402
0.994853
1.11019
0.0112937
0.0409462
1.72166
1.72231
1.52719
0.790959
0.246028
0.125783
0.122568
0.00282341
0
3.04756
3.51153
1.0269
1.04397
0.182252
0.0187237
1.45159
1.75531
1.50038
0.968456
0.307576
0.128809
0.122366
0.0120907
0
2.47447
3.50277
1.05232
1.01976
0.680266
0.0112937
1.01857
1.78352
1.49272
1.11495
0.463498
0.136496
0.122663
0.0335026
0
1.76787
3.51995
1.26372
1.0259
1.21055
0.031206
0.554063
1.8226
1.52985
1.22171
0.605655
0.137577
0.122663
0.0601697
0
1.15471
3.45477
1.7639
1.0492
1.31736
0.0294229
0.174376
1.85343
1.64102
1.25393
0.666351
0.158205
0.122663
0.0790959
0
0.497108
3.31345
2.30389
1.05989
1.28527
0.0816492
0.0249649
1.75394
1.792
1.21173
0.710175
0.182441
0.122663
0.10606
0.00282341
0.107938
3.27442
2.76798
1.06569
1.196
0.424821
0.0231817
1.34839
1.85884
1.25469
0.717929
0.20469
0.122663
0.121177
0.0119421
0.00594402
3.21228
3.27292
1.07868
1.12304
0.975318
0.0124824
0.884496
1.84373
1.40313
0.669053
0.282084
0.122663
0.122366
0.0150627
0.0122393
3.19993
3.38839
1.08369
1.1091
1.58515
0.0169404
0.429361
1.8407
1.53673
0.602696
0.473725
0.122663
0.122663
0.0243299
0.0211148
2.95486
3.36474
1.10288
1.09274
1.66833
0.0187236
0.0945099
1.85913
1.73546
0.538663
0.526167
0.125486
0.122663
0.0395007
0.0210607
2.41204
3.28855
1.23311
1.08934
1.54498
0.159421
0.0169404
1.86252
1.86019
0.519534
0.435412
0.139617
0.122663
0.0608046
0.027356
1.7392
3.25254
1.56687
1.07897
1.41938
0.605073
0.0156031
1.76072
1.85984
0.635712
0.399235
0.159043
0.122663
0.0786096
0.0308278
1.10856
3.17239
2.08426
1.06737
1.37085
1.15525
0.0112937
1.31996
1.87797
0.827191
0.349305
0.194883
0.122663
0.0945639
0.030382
0.477669
3.12361
2.62168
1.08239
1.3638
1.6727
0.0124824
0.819422
1.88987
1.06083
0.324394
0.225319
0.122663
0.118853
0.0208716
0.104114
3.1028
3.04866
1.1036
1.27913
2.27169
0.0112937
0.342537
1.89294
1.39388
0.287704
0.231803
0.128607
0.116516
0.0269642
0.00614665
3.06264
3.29919
1.12884
1.22136
2.72401
0.316059
0.0306928
1.90172
1.70323
0.281571
0.330879
0.146061
0.11345
0.0332595
0.00882147
3.05699
3.27385
1.15231
1.20119
2.25951
0.878552
0.0112937
1.66625
1.88421
0.247717
0.404558
0.153099
0.1071
0.0483762
0.00906463
2.94319
3.17266
1.25103
1.16769
1.94318
1.48418
0.0187236
1.19738
1.93266
0.278315
0.251837
0.16727
0.107249
0.0516454
0.00897006
2.45524
3.11237
1.53511
1.18613
1.77754
2.09426
0.0169404
0.690614
1.97678
0.384821
0.242462
0.185318
0.0984275
0.0728007
0.0120907
1.79944
3.07555
1.94446
1.23857
1.64205
2.7726
0.0124824
0.210756
2.0226
0.61911
0.257984
0.189371
0.103737
0.0847022
0.0178861
1.21762
3.04103
2.41181
1.27688
1.57335
3.06903
0.0550362
0.0112937
1.69314
0.938452
0.267048
0.202664
0.118407
0.0823246
0.0240327
0.57526
3.0107
2.88858
1.32293
1.55644
2.93769
0.464619
0.0219523
1.28225
1.24891
0.279787
0.20669
0.119542
0.0853372
0.0211148
0.148601
2.98864
3.0845
1.3526
1.47661
2.61972
0.944287
0.00847022
0.84886
1.55882
0.270169
0.21366
0.134011
0.088863
0.0363801
0.0242354
2.9716
2.97159
1.38889
1.44612
2.43053
1.54796
0.0094699
0.399479
1.85587
0.267548
0.330433
0.155085
0.0917405
0.0457014
0.030382
2.94003
2.91315
1.41239
1.43392
2.19854
2.22907
0.00847022
0.0504161
2.0606
0.246325
0.46289
0.162164
0.100711
0.0485653
0.0272614
3.07676
2.88633
1.61072
1.43882
2.11373
2.85256
0.167229
0.0094699
1.7646
0.261118
0.258281
0.188831
0.115138
0.048768
0.0151167
3.17383
2.91097
1.92582
1.45411
2.10487
3.05543
0.634672
0.00594402
1.25777
0.341511
0.227386
0.202016
0.119096
0.0457419
0.00605209
3.33644
2.94711
2.25157
1.49039
1.99142
2.99316
1.07795
0.00936182
0.71112
0.571436
0.227899
0.19622
0.119245
0.0427699
0.00564682
2.97544
2.94964
2.67216
1.48941
1.89407
2.8191
1.64538
0.0172376
0.229871
0.946612
0.209851
0.193248
0.122217
0.0456473
0.00564682
2.17271
2.96789
2.90953
1.4881
1.82547
2.71878
2.32585
0.0463633
0.0124824
1.36591
0.221847
0.189965
0.122271
0.0673565
0.0119961
0.714187
3.07662
2.86974
1.51194
1.67567
2.68083
2.83617
0.317127
0.0172376
1.92063
0.202853
0.180604
0.130741
0.0854452
0.0185345
0.0176429
3.20527
2.83343
1.52344
1.53985
2.58016
3.15627
0.758402
0.0157111
1.44437
0.200138
0.229142
0.136604
0.0978871
0.0305306
0.0176429
3.52119
2.82198
1.53878
1.50771
2.60526
3.48411
1.17685
0.0172376
0.752715
0.197112
0.391954
0.131592
0.113152
0.0425267
0.0239922
5.67228
2.84998
1.79413
1.50674
2.64534
3.64723
1.69681
0.0094699
0.157922
0.224116
0.211769
0.131349
0.116165
0.0581298
0.0302334
8.40253
2.84216
2.13405
1.48731
2.62587
3.64965
2.26193
0.0966442
0.00847022
0.41215
0.213755
0.131241
0.119042
0.0733005
0.0362855
9.90671
2.97971
2.4177
1.46178
2.54485
3.57396
2.6024
0.411717
0.0126986
0.889238
0.244069
0.125094
0.113193
0.0916864
0.0362855
6.41115
3.13974
2.66777
1.42088
2.42104
3.31772
2.85741
0.800983
0.0119421
1.42551
0.274505
0.122568
0.109964
0.109775
0.0362855
2.77184
4.70304
2.71131
1.39103
2.13883
3.17539
3.20426
1.18166
0.0158192
0.627607
0.311372
0.122514
0.113004
0.11915
0.0391089
0.690857
7.26323
2.66759
1.40691
1.87411
3.15192
3.46389
1.63549
0.0119421
0.0376905
0.340822
0.125689
0.11037
0.113139
0.0580892
0.0422295
9.83691
2.67667
1.44556
1.68145
3.06029
3.84476
2.08625
0.199827
0.0158192
0.365044
0.166257
0.113193
0.11657
0.0794472
0.0422295
12.6181
2.8421
1.59587
1.44911
2.97471
4.37094
2.30098
0.520196
0.0175889
0.389374
0.333
0.113004
0.116368
0.10017
0.0485248
14.9001
3.72625
1.81557
1.41417
2.90799
4.86753
2.50902
0.897371
0.0158192
0.505714
0.421498
0.11607
0.116273
0.100805
0.0574003
11.8955
5.89461
2.02964
1.39786
2.68268
4.57122
2.79409
1.25648
0.0175889
0.305428
0.43856
0.131147
0.115976
0.0979817
0.0605209
8.34039
8.61489
2.25579
1.42856
2.42713
4.26918
3.01788
1.65188
0.0859046
0.0220604
0.414041
0.128864
0.125189
0.0795958
0.061372
4.98394
11.1318
2.49145
1.46028
2.20019
3.79293
3.35446
1.90562
0.376716
0.0238301
0.316965
0.122663
0.128215
0.0702745
0.0641954
2.26602
13.813
2.7314
1.44407
1.89527
3.45269
3.89265
2.01351
0.715916
0.0157111
0.220415
0.13832
0.131336
0.0613044
0.0483762
0.686737
15.956
3.80728
1.42613
1.6424
3.21798
4.4662
2.12715
1.06342
0.0206555
0.149235
0.150275
0.122122
0.0726116
0.0483762
0.0275181
15.6698
5.85834
1.43505
1.4943
2.9119
5.29878
2.31496
1.36722
0.0157111
0.040703
0.187979
0.113098
0.0822706
0.0455393
0.0149141
15.5067
8.20209
1.48583
1.43202
2.71317
6.25933
2.50981
1.60936
0.224765
0.0206555
0.297782
0.113098
0.076178
0.0386091
0.011888
13.6575
10.6865
1.64582
1.43239
2.58436
5.70922
2.86308
1.65057
0.590551
0.0153058
0.118367
0.109978
0.055455
0.0241813
0.00564682
10.6685
12.7896
1.86554
1.41411
2.34045
5.24261
3.32329
1.66723
0.965038
0.00564682
0.0403518
0.106857
0.0491057
0.0364746
0
8.0238
14.4785
2.04914
1.42885
2.10918
4.74593
3.76595
1.68961
1.31994
0.00282341
0.0126445
0.109978
0.0397439
0.0425267
0
5.58224
15.1861
2.44683
1.45907
1.92754
4.03523
4.39314
1.80487
1.6116
0.0466606
0.00282341
0.122217
0.031071
0.0367719
0
2.19984
13.2668
3.83959
1.52552
1.67005
3.48876
5.06954
1.91928
1.63317
0.433737
0.00312061
0.128215
0.0307738
0.0244785
0
0.425402
10.2253
5.97125
1.56221
1.54274
3.09672
5.68772
2.1541
1.64468
0.835606
0
0.128215
0.0367178
0.0218578
0
0
7.25358
8.23755
1.56781
1.53932
2.70865
6.54775
2.52626
1.64433
1.22272
0.00624122
0.129944
0.0571436
0.0122933
0.00624122
0
4.58412
10.4544
1.54158
1.53504
2.50544
7.07351
2.90469
1.64448
1.59606
0.0124824
0.0221144
0.0789473
0.00605209
0.00624122
0
2.56051
12.7917
1.92205
1.45653
2.37177
6.31642
3.43514
1.73476
1.6572
0.234708
0.0188317
0.0947125
0.00605209
0
0
2.05532
14.1549
3.54296
1.42208
2.10179
5.58159
4.01518
1.81037
1.66638
0.776774
0.0124824
0.073206
0.0119961
0
0
1.53331
14.2446
5.55659
1.40242
1.84589
4.8556
4.51355
1.912
1.68139
1.25338
0.00936182
0.0459446
0.0211148
0
0
0.896195
14.3811
7.75171
1.40938
1.7234
3.97636
5.13045
2.09997
1.70266
1.69331
0.00634929
0.0156571
0.0304361
0
0
0.182022
12.7235
9.68933
1.4428
1.58696
3.33335
5.76476
2.28376
1.72059
1.74341
0.106222
0.0125905
0.0305306
0
0
0.0603183
10.0297
11.4939
1.82888
1.46802
2.92655
6.26065
2.58027
1.76089
1.75743
0.596197
0.00624122
0.0367719
0
0
0
8.5289
11.7485
3.45624
1.51617
2.52065
6.96521
3.00331
1.82038
1.7878
1.27406
0.00634929
0.0423241
0
0
0
6.89774
11.243
4.99203
1.53312
2.25015
6.58906
3.41869
1.86665
1.82468
1.84484
0.00634929
0.0277072
0
0
0
5.69749
10.0115
5.73585
1.61749
2.05471
5.74166
4.0191
2.01112
1.85545
1.98164
0.00624122
0.00882147
0
0
0
5.46075
8.97451
6.45586
1.66031
1.83128
4.9428
4.6816
2.09708
1.868
1.96428
0.276721
0.0091727
0
0
0
4.89346
7.51968
5.43005
1.9317
1.71027
4.21163
5.25609
2.23146
1.88009
1.92361
1.03473
0
0
0
0
3.25394
6.17462
4.63294
2.52261
1.78835
3.42272
5.93147
2.44076
1.89536
1.90431
2.00092
0.00312061
0
0
0
1.68937
4.83812
4.40237
3.14904
1.85686
2.88897
6.58039
2.61641
1.91662
1.8948
2.42003
0.00624122
0
0
0
0.674929
3.94789
3.86037
3.65746
2.02219
2.5815
6.61411
2.90346
1.95536
1.90392
2.24924
0.00624122
0
0
0
0.237923
2.95651
3.34
4.23172
2.154
2.31498
6.00541
3.33743
2.02711
1.91335
2.16489
0.0502404
0
0
0
0
2.53064
2.9819
4.36086
2.39372
2.36588
5.42271
3.74985
2.09232
1.92212
2.06837
0.149451
0
0
0
0
2.49418
2.804
4.3578
2.70826
2.62176
4.73194
4.35971
2.23881
1.93148
2.00286
0.472793
0
0
0
0
2.91715
2.86831
4.36737
3.11194
2.88077
4.36989
5.0236
2.32895
1.9343
1.99568
1.12531
0
0
0
0
3.40491
3.22596
4.49984
3.45886
3.14915
4.30285
5.45293
2.45788
1.95592
1.96337
2.02172
0.0304361
0
0
0
3.9487
3.41453
4.64732
3.84513
3.40788
4.21674
5.86452
2.64622
1.97611
1.94337
2.75802
0.0667621
0
0
0
4.06457
3.62261
4.91328
3.98627
3.57472
4.17201
6.18864
2.80933
1.99012
1.97133
2.63949
0.10398
0
0
0
4.0076
3.98987
5.03138
4.03387
3.65911
4.11544
6.38194
3.05148
2.07414
1.94641
2.46539
0.137793
0
0
0
2.74305
4.04671
5.04928
4.3454
3.68041
3.92113
6.58107
3.44912
2.14283
1.94746
2.34289
0.175943
0.00936182
0
0
0.742867
3.67235
5.16018
4.88776
3.64093
3.70295
6.53581
3.85153
2.21428
1.93085
2.19183
0.223887
0.0483086
0
0
0
3.59509
5.30522
5.40439
3.73164
3.64579
5.91209
4.52392
2.36461
1.93793
2.05183
0.497852
0.0995217
0
0
0
4.37898
5.43559
5.69274
4.13686
3.67189
4.96424
4.95908
2.43089
1.93813
1.99234
1.09519
0.149276
0
0
0
6.04771
5.65062
5.83933
4.74319
3.74628
4.28693
5.24154
2.55851
1.94368
1.9312
1.91984
0.222293
0
0
0
6.03608
5.91904
5.98433
5.48939
3.93605
4.04448
5.28596
2.96228
1.96282
1.91657
2.81775
0.279544
0.00312061
0
0
5.27007
6.08506
6.2637
6.09096
4.1901
4.19475
5.30724
3.13081
2.0034
1.92583
2.57634
0.299903
0.0423241
0
0
4.24381
6.20407
6.27576
6.20459
4.70424
4.46339
5.27673
3.22341
2.09018
1.93183
2.3312
0.30609
0.0815817
0
0
2.42459
6.46093
6.20392
6.05155
5.39097
4.85648
5.1049
3.82258
2.16282
1.93842
2.18592
0.319815
0.125189
0
0
0.62858
6.81291
6.30834
5.83296
6.05468
5.01495
5.13027
4.35792
2.26326
1.9353
2.07491
0.346928
0.188831
0
0
0
7.58055
6.48758
5.55786
6.14514
5.28038
5.17941
4.30591
2.84189
1.93877
1.99042
0.575839
0.249203
0.00282341
0
0
8.99546
6.65836
5.28392
5.62816
5.67747
5.56714
4.64735
3.34899
1.94695
1.98841
1.12404
0.268967
0.0146169
0
0
10.8197
6.8832
4.87586
4.97391
6.23465
5.93153
5.01891
3.88024
1.98052
1.97509
1.90531
0.293553
0.0428239
0
0
12.779
7.03103
4.46173
4.41128
6.74916
6.16425
5.13307
4.81791
2.03578
2.01133
2.71231
0.299849
0.0881336
0
0
9.99899
7.32696
4.42844
4.00261
6.41002
6.40216
5.34795
5.44939
2.13031
2.03538
2.49102
0.306036
0.133132
0
0
6.38428
7.46875
4.99647
3.73421
6.08121
6.47578
5.69132
5.70237
2.45673
2.04517
2.30987
0.329433
0.174119
0.00906463
0
2.87639
7.91867
5.67593
3.72001
6.00598
6.48031
6.26722
5.96659
3.09947
2.04989
2.21463
0.359234
0.225562
0.0329082
0
0.733343
8.86554
6.59214
3.9242
6.2057
6.58192
6.47158
6.0312
3.76426
2.06549
2.14939
0.371366
0.253661
0.0550091
0
0
10.3691
7.45198
4.36553
6.76664
6.77243
6.58495
6.23757
4.30595
2.14153
2.14862
0.53492
0.262874
0.091092
0
0
12.37
7.89249
4.76982
7.01891
6.99723
6.65704
6.3657
4.92158
2.23492
2.18731
0.957067
0.283786
0.135996
0
0
14.2425
8.13969
5.1562
6.77226
7.40428
6.77389
6.47217
5.83855
2.3785
2.199
1.56051
0.322301
0.171336
0.0242354
0
13.2036
8.1727
5.42649
6.34444
8.46325
6.96514
6.46271
6.37538
2.64446
2.21371
2.38312
0.339592
0.198787
0.0482276
0
9.70315
8.33105
5.56916
5.95273
9.50825
7.51005
6.63274
6.49028
3.15112
2.22903
2.51168
0.375297
0.233748
0.0703285
0
6.32335
9.22987
5.80544
5.67836
10.1933
8.17132
6.85956
6.43917
3.54863
2.31846
2.40627
0.417026
0.247757
0.100467
0
2.83856
10.6122
6.0722
5.79889
10.7952
8.83602
7.05482
6.03892
3.77683
2.40668
2.48206
0.420633
0.253999
0.127378
0.00936182
0.650343
12.1401
6.75431
5.93507
10.8258
9.86893
7.25664
5.92903
4.07677
2.4246
2.52129
0.421525
0.259051
0.134754
0.0333
0.0154139
13.9819
7.50926
5.9937
10.6484
10.8323
7.47249
5.98811
4.25217
2.5014
2.54458
0.436534
0.253553
0.155382
0.0572922
0.01844
15.2473
7.6844
6.14826
10.1603
10.7867
7.91867
6.27038
4.50087
2.70428
2.61722
0.442883
0.270953
0.179577
0.0793931
0.034043
12.1445
7.90808
6.30112
8.99538
10.5727
8.51853
6.67228
4.99675
3.36022
2.68867
0.510185
0.297579
0.18675
0.109532
0.0457419
8.77029
8.84524
6.41103
7.87043
10.5659
9.0123
7.12664
5.72476
4.25075
2.77119
0.787973
0.326313
0.213512
0.122663
0.0487679
5.32878
9.96217
6.49702
7.14007
10.689
9.55688
7.43142
6.63725
5.04993
2.93478
1.25535
0.387239
0.217726
0.122663
0.0550091
2.18244
11.5308
6.49026
6.54304
10.7155
9.96987
7.67623
7.33578
5.13912
3.1293
1.96954
0.425699
0.214795
0.122663
0.0578325
0.543742
13.4969
6.48538
6.4552
10.6878
10.1761
8.24606
7.76561
5.18422
3.43629
2.75589
0.458189
0.211026
0.133673
0.0515913
0.153491
11.237
6.71029
6.48842
10.5663
10.5197
8.91077
8.12009
5.29131
4.0892
3.25463
0.521587
0.219402
0.13193
0.0815816
0.0457419
8.44961
7.50217
6.5671
10.4447
10.5015
9.21942
8.50748
5.46975
4.82635
3.3119
0.580487
0.220793
0.13778
0.105668
0.0457419
5.66374
8.77476
6.60475
10.0012
10.0559
9.19758
8.86666
5.85201
5.41585
3.35971
0.598508
0.256592
0.146506
0.11607
0.0457419
3.37057
10.0782
6.53197
8.92466
9.62397
8.59657
9.21932
6.69712
5.35783
3.47189
0.694126
0.31275
0.143724
0.122663
0.0457419
2.55913
11.7952
6.51253
8.09056
9.29852
7.59266
9.67821
7.21108
5.21462
3.61266
0.962336
0.369083
0.158638
0.125783
0.0457419
1.86449
10.5708
6.57832
7.55637
9.14739
6.82084
9.03815
8.33402
5.05066
3.73364
1.35186
0.478115
0.184616
0.125135
0.0457419
1.20296
7.87708
6.67734
6.93717
9.27099
6.32061
7.74574
8.58847
4.49431
3.858
1.9403
0.601993
0.197841
0.12831
0.0485653
0.530976
5.09231
6.98277
6.72279
9.5645
5.59668
6.79101
9.54865
3.92655
4.38187
2.61312
0.671079
0.225008
0.12831
0.0454447
0.144466
3.46134
8.13425
6.71007
9.96708
5.22768
5.77678
9.78473
3.89998
5.32254
3.1633
0.737733
0.263725
0.12831
0.0730573
0.0454447
3.26656
9.72668
6.75723
10.3725
5.14242
4.85634
10.3634
4.4384
6.35255
3.57718
0.788095
0.29331
0.134956
0.100022
0.0455933
3.16337
8.8354
6.74085
10.1907
6.00806
4.60463
10.4069
4.89065
7.06749
3.89945
0.78284
0.342132
0.144169
0.113152
0.0452961
2.87358
6.43534
6.76496
8.76643
7.64156
4.76852
10.1727
5.41813
6.51906
4.27382
0.815343
0.401613
0.143575
0.118745
0.04227
2.30533
4.18992
6.90357
7.78882
9.33941
4.93673
9.42224
6.67809
6.12558
4.73602
0.973968
0.463944
0.164838
0.109978
0.0362315
1.65569
3.34552
7.07997
7.19056
10.7205
5.0136
8.63657
8.21448
6.2368
5.66265
1.29188
0.543148
0.199881
0.0916864
0.036272
1.10097
3.1938
7.84924
7.05895
11.3388
5.16705
8.04389
9.66267
6.42787
6.78835
1.79489
0.626877
0.222928
0.073949
0.036272
0.499513
3.06818
7.50687
7.21131
11.2845
5.46549
7.40826
10.7046
6.66674
7.8874
2.42763
0.674294
0.261685
0.0616557
0.0332054
0.135497
3.00958
5.05799
7.25142
11.1832
5.53587
6.34829
10.4507
7.13163
7.80722
3.26282
0.738382
0.315762
0.0678969
0.0483221
0.0273019
2.95418
3.47217
7.41019
10.0727
5.86209
5.71508
10.3683
7.2637
7.80519
4.2934
0.788609
0.34505
0.0856343
0.0554009
0.0272074
2.9178
3.1423
7.46899
9.07623
6.80988
6.40149
10.2985
7.16656
7.6379
5.70633
0.821733
0.381579
0.127134
0.0488625
0.0241813
2.75122
2.95962
7.49292
7.95116
7.70814
6.95648
10.1224
7.32762
7.20009
7.11977
0.94934
0.437844
0.167662
0.0365692
0.0241813
2.25017
2.8663
5.99104
7.80424
9.50231
7.31079
9.83593
7.88636
7.06002
8.25144
1.33066
0.485112
0.225211
0.0272074
0.0241813
1.63766
2.77365
3.84258
8.03285
10.5964
7.47949
9.53373
8.62703
6.97438
9.07747
2.09343
0.557927
0.270074
0.0244785
0.0216551
1.09185
2.71494
2.80689
7.89403
10.603
7.62866
9.12324
9.14847
7.07339
9.63279
3.07249
0.641494
0.281111
0.0335026
0.0241813
0.480777
2.66731
2.72599
7.04789
10.5845
7.95299
8.50585
9.59665
7.2598
9.53827
4.38613
0.713687
0.307927
0.0723143
0.0179401
0.119934
2.61824
2.65716
6.23584
9.72019
8.07815
8.80591
7.87058
7.58734
9.36827
5.83102
0.815586
0.352196
0.110221
0.0179401
0.011888
2.57343
2.52873
4.56453
8.68692
8.18088
9.04806
7.04175
7.88952
8.78819
7.09295
0.948219
0.378255
0.167824
0.0207635
0.011888
2.55409
2.44614
2.67763
7.73445
8.56114
9.60207
6.34924
8.0478
8.42976
8.03465
1.36048
0.438628
0.209607
0.0247352
0.00564682
2.5938
2.42594
2.32602
6.29177
8.92442
9.54983
5.60929
8.26855
8.17641
9.04493
2.16997
0.510645
0.22952
0.0364746
0
2.17283
2.42183
2.3313
5.11911
9.19003
9.05605
5.10079
8.45195
8.3837
9.77142
3.16307
0.56179
0.241705
0.0602642
0
1.61231
2.49793
2.34078
4.316
9.74284
8.98488
4.97572
9.01978
8.49421
10.3531
4.37664
0.628552
0.241705
0.0886063
0
1.09174
2.54736
2.34304
3.18493
9.06167
8.66363
5.04758
9.62541
8.79698
11.0272
5.78373
0.703258
0.235464
0.127715
0
0.481019
2.57842
2.33597
2.29086
7.21751
8.58351
5.00265
7.55001
8.9649
11.2064
7.1363
0.854493
0.255687
0.16727
0
0.0952393
2.61559
2.34943
2.30401
5.49585
8.60369
4.95338
6.24154
9.12664
10.5741
8.40268
1.38132
0.297579
0.189925
0.011888
0.00282341
2.65099
2.42483
2.24518
4.32427
8.51706
4.9732
5.50697
9.24171
10.577
9.61024
2.3133
0.31764
0.210742
0.0329082
0.00282341
2.74674
2.51965
2.26599
3.44064
8.54951
5.42444
5.10991
9.65454
11.355
10.6802
3.44519
0.381187
0.222495
0.0552658
0.00906463
2.55857
2.54046
2.2947
2.63025
8.58535
6.44827
5.47487
10.1872
11.4924
11.7104
4.66752
0.45573
0.217375
0.0851885
0.0152653
1.99931
2.58397
2.34029
2.45467
8.26664
7.88762
5.89655
10.4182
11.7558
12.457
6.03442
0.504498
0.216686
0.109491
0.0211148
1.3953
2.74147
2.37374
2.4891
6.6784
8.98389
6.35899
10.2697
12.2046
12.9337
7.44946
0.53692
0.230858
0.119596
0.027356
0.868175
2.81409
2.41651
2.51926
5.47449
9.33918
6.87142
10.436
11.9022
12.8583
8.77315
0.883876
0.247514
0.125094
0.033354
0.363246
2.93151
2.45373
2.4567
4.54739
9.18965
7.50494
10.4993
10.8277
12.7503
9.82759
1.8369
0.280531
0.130795
0.0301253
0.109951
3.05458
2.48125
2.47528
3.59359
8.78124
8.12902
9.98693
10.4941
12.3391
11.0373
3.04434
0.313344
0.122312
0.0604128
0.02741
2.92275
2.5481
2.5208
3.22156
9.02454
7.73324
9.59657
10.4479
11.9531
12.0919
4.38544
0.341727
0.127769
0.0875797
0.024384
2.90068
2.66111
2.59403
3.19371
9.52573
7.71888
9.16762
10.3846
11.2154
12.79
6.09516
0.393264
0.130498
0.100859
0.0306252
2.66862
2.74154
2.65106
3.11353
8.16209
7.93488
9.29116
9.98709
10.3948
13.2899
7.9277
0.427348
0.12831
0.116516
0.036272
2.15861
2.82362
2.7013
2.93761
6.70212
8.31621
9.52456
9.57581
9.55918
13.7585
9.42821
0.642899
0.140211
0.119542
0.036272
1.63439
2.86623
2.7636
2.8559
5.53408
8.77289
9.65889
9.30578
8.70771
13.5648
10.9053
1.35559
0.163758
0.122663
0.036272
1.12022
2.90326
2.78016
2.78415
4.60228
9.18561
9.77595
9.81349
8.12393
12.3494
12.331
2.47516
0.183427
0.122663
0.0390954
0.483789
2.89999
2.80915
2.72463
3.81967
9.60718
9.86001
10.9947
7.947
11.3312
13.3184
3.96332
0.231411
0.122663
0.036272
0.128945
2.91308
2.83289
2.6554
3.63491
8.78666
9.93375
11.5854
8.21959
10.1108
13.8863
5.82319
0.293756
0.122663
0.0665594
0.0394466
2.92517
2.88762
2.59801
3.58416
7.245
10.0469
10.8507
8.6823
9.28465
14.2179
7.78146
0.367881
0.122663
0.0877823
0.04227
2.92824
2.91101
2.54941
3.51554
6.0904
10.129
10.1701
8.96236
8.90008
14.4167
9.54848
0.445909
0.133673
0.0977385
0.04227
2.77412
2.8974
2.48962
3.29007
5.35523
10.089
10.0277
9.9159
8.92503
14.6122
11.2283
1.00692
0.134754
0.103831
0.0331514
2.274
2.89206
2.4189
3.08866
4.50917
9.97067
9.98342
11.1883
9.15232
14.6041
12.5595
2.11931
0.155382
0.110518
0.0241813
1.65865
2.92849
2.33989
2.88936
4.21609
9.66194
9.89811
12.5252
9.36319
13.4953
13.6769
3.56068
0.170256
0.107303
0.0241813
1.09179
2.96343
2.27671
2.58573
4.09029
8.32669
9.62662
12.2158
9.95342
12.3208
14.5919
5.481
0.183076
0.11553
0.0241813
0.474534
2.98481
2.34202
2.35313
3.96013
7.02391
9.01746
10.6565
10.6926
11.4773
15.2271
7.73274
0.201084
0.127175
0.0241813
0.116651
3.04058
2.38425
2.18938
3.64921
6.31844
8.46149
9.24881
10.8235
10.9166
15.6148
9.66627
0.198247
0.140752
0.0364746
0.0241813
3.04758
2.51613
2.02858
3.37424
5.4683
8.28246
8.49283
10.3583
10.4467
15.9334
11.221
0.451894
0.155625
0.0481736
0.0241813
3.00437
2.7244
1.91489
3.14626
4.93492
8.39668
8.14519
9.46741
9.70377
16.2005
12.6801
1.24427
0.158894
0.0518886
0.0241813
2.76946
2.83178
1.80171
2.82769
4.71394
8.45073
7.74858
9.33634
9.01968
15.9301
13.8289
2.56541
0.152802
0.0611558
0.0241813
2.23788
2.92185
1.67478
2.54054
4.51571
7.70819
7.33248
8.95883
9.16759
15.468
14.7015
4.447
0.141292
0.0817843
0.0241813
1.60691
2.9888
1.54108
2.29582
4.12687
7.09848
7.71094
8.62578
8.97603
14.4053
15.5467
6.65997
0.140752
0.0887685
0.0241813
1.052
3.04121
1.40703
2.01126
3.81013
6.36052
8.65403
9.05186
9.05317
13.2247
16.0647
8.86651
0.141441
0.103683
0.0241813
0.46501
3.04724
1.28538
1.72251
3.56594
5.79795
9.65474
9.61731
9.27719
12.0613
15.9939
10.8935
0.229912
0.121177
0.0241813
0.119826
3.02779
1.18206
1.45242
3.20577
5.64827
8.63872
10.3561
9.34224
10.7029
15.9292
12.5521
0.7254
0.119691
0.0395952
0.0241813
3.03235
1.10817
1.13918
2.88005
5.46766
7.53627
10.8173
9.10887
9.56695
15.9413
13.7176
1.67185
0.119394
0.0662623
0.0270047
2.97825
1.06051
1.02636
2.57955
5.04394
6.91974
10.8289
8.96429
8.76506
15.7054
14.7504
3.12332
0.122068
0.0766238
0.0301254
2.754
1.27764
0.963619
2.19258
4.62294
6.27615
10.5682
9.4991
8.43694
15.1597
15.6214
5.05928
0.119245
0.076313
0.033246
2.19867
1.6411
0.903342
1.82102
4.25317
5.73359
9.92113
9.75353
8.18771
14.4269
16.1236
7.317
0.11657
0.0796363
0.036272
1.57562
1.99969
0.811993
1.45665
3.75616
5.71356
8.67355
10.247
7.90808
13.1279
16.3403
9.48325
0.137334
0.082865
0.04227
1.05124
2.37588
0.763171
1.07288
3.27064
5.70823
7.55501
11.0982
7.77508
11.7623
16.1613
11.3237
0.229723
0.0827704
0.0394466
0.470901
2.64973
0.748379
0.831014
2.83802
5.64314
6.87509
11.3736
7.70496
10.6184
16.0279
12.8025
0.735842
0.0882281
0.0269642
0.110207
2.69261
0.731722
0.719266
2.31592
5.31792
6.1379
10.8097
7.50951
9.28581
15.8786
13.9848
1.72722
0.100616
0.0269102
0.0147114
2.70307
0.886118
0.694058
1.88901
5.05182
5.71822
10.0729
7.34367
7.98135
15.7583
14.8307
3.10672
0.100954
0.0269102
0.011888
2.78639
1.33128
0.667094
1.54852
4.53754
5.76111
8.8598
7.556
7.79156
15.1041
15.4473
4.85609
0.0981843
0.0153058
0.00564682
