0
0.365656
3.4768
0.724229
0.799592
2.32429
6.22842
4.98847
5.16463
9.01424
13.2431
14.2104
6.54745
0.048313
0
0
0.030944
2.73945
0.712659
0.728981
1.71512
5.9125
5.35932
4.97136
8.08822
12.3998
13.9569
8.63758
0.115734
0
0
0.0264065
1.86617
0.845447
0.742191
1.39727
5.23223
5.63019
4.73244
7.06301
11.0986
13.5732
10.3959
0.195798
0
0
0.0145582
1.18809
1.25652
0.773425
1.35669
4.39378
5.49607
4.84759
6.38046
10.0603
13.1925
11.4385
0.256464
0
0
0.0264065
0.687224
1.97039
0.790038
1.33063
3.33504
5.75519
4.92758
5.57646
9.41786
12.6346
12.048
0.32594
0
0
0.0145582
0.182186
2.79897
0.807318
1.22019
2.30863
6.08987
4.71467
5.10583
8.35767
12.431
12.6682
0.879404
0
0
0.159787
0.0234948
3.56898
0.867908
1.10996
1.67359
5.85827
4.95531
4.87686
7.69115
12.2384
13.1507
2.1614
0.00845762
0
0.777067
0.0174698
2.38057
0.937725
1.01556
1.37929
4.96751
5.14275
5.05056
7.06597
11.7772
13.4955
3.97454
0.0307928
0
0.493037
0.0205832
1.32267
1.03274
0.98353
1.31586
4.00532
5.18098
5.17014
6.3324
11.3162
13.6736
5.99996
0.0535944
0
0.10071
0.0145582
0.484794
1.26019
1.00285
1.3105
2.92979
5.42891
5.2074
5.79763
10.5717
13.0883
8.09033
0.0877274
0
0
0.0175707
0.0468132
1.70513
1.02501
1.24838
2.0026
5.69081
5.20599
5.32139
8.90203
12.6548
9.79902
0.118621
0
0
0.346964
0.0145582
2.16313
1.06534
1.22197
1.45404
5.66082
5.2317
4.6193
7.0594
12.1636
10.7934
0.133041
0.00263434
0
1.0377
0.0174698
2.47576
1.09285
1.24204
1.20465
4.70151
5.17693
4.3107
5.50027
11.429
11.3463
0.223037
0.016827
0
1.6852
0.0145582
1.40127
1.12631
1.54312
1.17881
3.69545
5.17162
3.7457
4.05057
10.7188
11.737
0.379597
0.0366791
0
1.73446
0.0203815
0.410516
1.18259
1.48082
1.21525
2.66128
5.52449
3.35901
3.28202
9.8354
11.9196
0.89415
0.048187
0
1.1227
0.100319
0.0174698
1.25061
1.29066
1.22634
1.81357
5.58879
3.48963
3.16084
8.61456
11.9335
1.97215
0.0509096
0
0.469392
0.657615
0.00554598
1.49724
1.31286
1.26796
1.38368
4.91956
3.89668
3.39461
7.48689
11.3023
3.34048
0.0456409
0
0.0888617
1.37095
0.0116466
1.17029
1.3832
1.31044
1.27217
3.97696
4.53051
3.7075
6.5201
10.5504
4.9494
0.0313096
0.00554598
0
2.04037
0.0140036
0.583046
1.42213
1.55275
1.30556
3.10131
4.92883
3.95754
5.40073
9.7245
6.64322
0.0231167
0.00841981
0
2.72619
0.0203815
0.0899331
1.44419
1.99282
1.30938
2.20003
5.36125
4.03347
4.61053
8.88615
7.91662
0.0258518
0.00836939
0
2.92465
0.308294
0.0259274
1.46727
2.86165
1.31984
1.5795
5.16486
3.97038
4.17896
7.9783
8.56864
0.0337549
0.00291164
0
2.32974
1.00908
0.0145582
1.12483
2.06997
1.31528
1.32296
4.37555
3.90673
3.97097
7.05345
7.93256
0.057048
0.00263434
0
1.68304
1.72356
0.0174698
0.659052
1.59727
1.47038
1.3031
3.41773
3.98658
3.8369
5.82856
6.73621
0.0963236
0
0
1.08019
2.35394
0.00263434
0.20878
1.48015
1.78661
1.30636
2.61415
4.29085
3.67232
4.65221
5.50986
0.207609
0
0
0.451821
3.01817
0.0356833
0.0145582
1.31586
2.11307
1.30324
1.8957
4.64052
3.48136
3.79879
4.30344
0.326482
0
0
0.0888617
3.23164
0.298436
0.0105374
1.04483
2.3594
1.29356
1.47463
4.97642
3.18879
3.24652
2.96247
0.483131
0
0
0
3.11882
0.870189
0.014659
0.776853
2.76069
1.33255
1.33501
4.05849
2.91855
2.76658
2.12378
0.664346
0.00291164
0
0
2.99969
1.58556
0.0137263
0.427847
3.51832
1.47486
1.3074
3.04248
3.05267
2.49217
2.03204
0.77824
0.0055964
0
0
2.74268
2.2857
0.00883576
0.0942817
2.47443
1.68813
1.31198
2.29107
3.27692
2.37668
1.76375
0.777194
0.0245409
0
0
2.20188
2.98955
0.0574514
0.00790302
1.50888
1.94921
1.28793
1.67548
3.6233
2.10646
1.34172
0.591882
0.0704591
0
0
1.56535
3.33974
0.211529
0.014659
0.887192
2.0656
1.31133
1.3736
4.05941
1.88841
1.12333
0.433141
0.114915
0
0
1.01375
3.26508
0.393601
0.0105374
0.559072
2.04979
1.35675
1.31911
3.64631
1.96346
0.987928
0.384778
0.176539
0
0
0.446048
3.00074
0.682218
0.0204823
0.238175
1.99569
1.43767
1.34556
2.66259
2.06889
0.944619
0.383202
0.25998
0
0
0.0888617
2.66414
1.2086
0.0160833
0.00855847
2.18659
1.5074
1.33992
1.96903
2.1562
1.08994
0.389605
0.298865
0
0
0
2.19381
1.86456
0.128213
0.014659
2.87468
1.51965
1.36529
1.50565
2.32341
1.26547
0.377126
0.29129
0.00582328
0
0
1.73444
2.45545
0.321478
0.00888618
1.93119
1.49609
1.35149
1.34495
2.56717
1.38605
0.374442
0.281156
0.025751
0
0
1.29366
2.96355
0.52049
0.014659
0.853565
1.47097
1.40925
1.3477
2.77071
1.53384
0.347846
0.267732
0.0479097
0
0
0.861555
3.22464
0.692995
0.00592412
0.165119
1.49183
1.43932
1.31065
2.24709
1.67574
0.327641
0.227347
0.0658459
0
0
0.5533
3.21419
0.855127
0.0609302
0.0175707
1.52585
1.43556
1.34525
1.73413
1.75729
0.305722
0.210773
0.0938279
0.00526869
0
0.363678
3.18415
0.996361
0.244338
0.0105374
1.59927
1.44441
1.32767
1.41429
1.85669
0.292891
0.23607
0.116024
0.0114701
0
0.1613
3.16334
1.33248
0.470652
0.0204823
1.84851
1.46152
1.40707
1.39082
1.97506
0.363085
0.264518
0.128415
0.0229402
0
0.0236964
3.17813
1.79841
0.682798
0.0190454
1.38166
1.47565
1.45264
1.39079
2.03608
0.469316
0.265337
0.144649
0.0452754
0
0
3.18648
2.3267
0.83888
0.014659
0.129247
1.53172
1.444
1.41121
1.78161
0.604298
0.25698
0.156031
0.0654804
0
0
3.21727
2.86852
0.926216
0.158124
0.0134994
1.62456
1.44146
1.41697
1.51613
0.802214
0.247162
0.156712
0.0855468
0
0
2.9954
3.25351
0.900163
0.403483
0.0204823
1.36522
1.46744
1.44811
1.39952
1.02802
0.228482
0.173362
0.10197
0
0
2.44545
3.25712
0.892852
0.668177
0.0248687
0.986239
1.48705
1.53034
1.39415
1.21932
0.213356
0.188349
0.108714
0.0113693
0
1.78051
3.27165
0.891353
0.888403
0.0117474
0.362556
1.49598
1.50708
1.4019
1.40093
0.235099
0.185576
0.111537
0.0388849
0
1.16672
3.29874
1.15651
0.882819
0.032444
0.00790302
1.44371
1.52705
1.42474
1.56983
0.270278
0.19116
0.111537
0.0706105
0
0.510608
3.28124
1.646
0.885075
0.316007
0.00291164
1.07426
1.53585
1.40659
1.50339
0.348855
0.193983
0.111537
0.0961346
0
0.103672
3.27053
2.13297
0.896142
0.590747
0.00790302
0.678122
1.5578
1.48843
1.41073
0.455451
0.185475
0.114449
0.111537
0
0
3.18634
2.68515
0.90402
0.877084
0.0116466
0.306945
1.57845
1.61561
1.42209
0.574097
0.194122
0.122087
0.111537
0
0
3.0928
3.16674
0.928233
1.03585
0.0105374
0.0382043
1.60637
1.60697
1.42493
0.737994
0.229553
0.11736
0.114361
0.00263434
0
2.84349
3.27639
0.958131
0.974063
0.170048
0.0174699
1.35439
1.63777
1.39991
0.903604
0.286979
0.120184
0.114172
0.011281
0
2.30877
3.26821
0.981853
0.951476
0.634713
0.0105374
0.950365
1.66408
1.39276
1.04029
0.43246
0.127356
0.114449
0.0312592
0
1.64949
3.28424
1.1791
0.957198
1.12949
0.0291163
0.516961
1.70055
1.42741
1.1399
0.565098
0.128364
0.114449
0.0561405
0
1.07738
3.22342
1.64578
0.978941
1.22914
0.0274526
0.162699
1.72931
1.53113
1.16996
0.62173
0.147611
0.114449
0.0737994
0
0.46382
3.09157
2.14961
0.988911
1.1992
0.0761817
0.0232932
1.63649
1.672
1.13059
0.662619
0.170224
0.114449
0.0989579
0.00263434
0.10071
3.05515
2.58262
0.994331
1.11591
0.396374
0.0216293
1.25809
1.73437
1.17067
0.669854
0.190984
0.114449
0.113062
0.0111424
0.00554598
2.99717
3.05376
1.00644
1.04784
0.910007
0.0116466
0.825267
1.72026
1.30917
0.624251
0.263195
0.114449
0.114172
0.014054
0.0114197
2.98565
3.16149
1.01112
1.03483
1.479
0.015806
0.400609
1.71744
1.43382
0.562337
0.442002
0.114449
0.114449
0.0227007
0.0197008
2.75699
3.13943
1.02903
1.01957
1.55662
0.0174698
0.0881811
1.73463
1.61925
0.502592
0.490933
0.117083
0.114449
0.0368556
0.0196504
2.25052
3.06834
1.15054
1.01639
1.44153
0.148746
0.015806
1.73779
1.73563
0.484744
0.406256
0.130268
0.114449
0.0567329
0.0255241
1.62274
3.03474
1.46195
1.00672
1.32433
0.564555
0.0145582
1.64282
1.7353
0.593143
0.372501
0.148393
0.114449
0.0733456
0.0287635
1.03433
2.95995
1.94469
0.995894
1.27905
1.07789
0.0105374
1.23157
1.75221
0.771799
0.325915
0.181832
0.114449
0.0882315
0.0283475
0.445682
2.91444
2.44612
1.00991
1.27247
1.56069
0.0116466
0.764551
1.76332
0.989794
0.302672
0.21023
0.114449
0.110894
0.019474
0.0971426
2.89503
2.84451
1.0297
1.19347
2.11957
0.0105374
0.3196
1.76618
1.30054
0.268438
0.216281
0.119995
0.108714
0.0251586
0.00573505
2.85756
3.07826
1.05325
1.13957
2.5416
0.294895
0.0286375
1.77437
1.58918
0.262716
0.308722
0.13628
0.105853
0.0310323
0.00823075
2.85229
3.05462
1.07515
1.12075
2.1082
0.819721
0.0105374
1.55468
1.75804
0.231129
0.377467
0.142847
0.0999285
0.0451367
0.00845762
2.74611
2.9602
1.16725
1.0895
1.81306
1.38479
0.0174698
1.1172
1.80324
0.259678
0.234973
0.156069
0.100067
0.048187
0.00836939
2.29083
2.90395
1.43231
1.1067
1.65851
1.95402
0.015806
0.644368
1.8444
0.359052
0.226226
0.172909
0.0918364
0.0679257
0.011281
1.67895
2.8696
1.81426
1.15563
1.53209
2.58693
0.0116466
0.196643
1.88716
0.577652
0.240708
0.17669
0.09679
0.0790303
0.0166884
1.13608
2.83739
2.25031
1.19138
1.468
2.86352
0.0513508
0.0105374
1.57976
0.87561
0.249166
0.189093
0.110478
0.0768119
0.0224234
0.536738
2.80909
2.69515
1.23435
1.45221
2.74098
0.433506
0.0204823
1.19638
1.16527
0.261052
0.192849
0.111537
0.0796227
0.0197008
0.13865
2.78851
2.87795
1.26203
1.37773
2.44429
0.881054
0.00790302
0.792017
1.45443
0.252077
0.199353
0.125037
0.0829124
0.0339439
0.0226125
2.77261
2.7726
1.29588
1.34929
2.26778
1.4443
0.00883576
0.372728
1.73159
0.249632
0.308306
0.1447
0.0855972
0.0426411
0.0283475
2.74316
2.71807
1.31781
1.3379
2.05132
2.0798
0.00790302
0.04704
1.92261
0.22983
0.431893
0.151305
0.0939666
0.0453132
0.0254359
2.87073
2.69305
1.50286
1.34247
1.97219
2.66154
0.156031
0.00883576
1.64644
0.243632
0.240985
0.176186
0.107428
0.0455023
0.0141044
2.9613
2.71604
1.79686
1.35674
1.96392
2.85082
0.592172
0.00554598
1.17354
0.318642
0.212159
0.188488
0.111121
0.0426789
0.00564682
3.11302
2.74976
2.10079
1.39059
1.85807
2.79273
1.00576
0.00873491
0.663501
0.533171
0.212638
0.183081
0.11126
0.0399059
0.00526869
2.77619
2.75212
2.49322
1.38967
1.76724
2.63032
1.5352
0.0160833
0.214478
0.883223
0.195798
0.180308
0.114033
0.0425906
0.00526869
2.02722
2.76915
2.71469
1.38845
1.70323
2.53672
2.1701
0.0432587
0.0116466
1.27444
0.206991
0.177245
0.114083
0.0628461
0.0111928
0.666363
2.8706
2.67757
1.4107
1.56346
2.50131
2.64625
0.295891
0.0160833
1.79202
0.189269
0.16851
0.121986
0.0797235
0.0172934
0.0164615
2.99063
2.64369
1.42142
1.43674
2.40738
2.94492
0.707617
0.014659
1.34765
0.186736
0.213798
0.127457
0.0913322
0.0284862
0.0164615
3.2854
2.63301
1.43574
1.40675
2.4308
3.2508
1.09804
0.0160833
0.70231
0.183912
0.365707
0.12278
0.105575
0.039679
0.0223856
5.29244
2.65913
1.67399
1.40584
2.4682
3.403
1.58319
0.00883576
0.147347
0.209109
0.197588
0.122554
0.108386
0.0542372
0.0282089
7.83986
2.65184
1.99115
1.38772
2.45004
3.40526
2.11046
0.0901726
0.00790302
0.384551
0.199441
0.122453
0.111071
0.068392
0.0338557
9.24332
2.78017
2.2558
1.3639
2.37444
3.33464
2.42813
0.384147
0.0118483
0.829691
0.227726
0.116718
0.105613
0.0855468
0.0338557
5.98183
2.92949
2.48913
1.32573
2.25892
3.09555
2.66607
0.747346
0.0111424
1.33005
0.256123
0.114361
0.102601
0.102424
0.0338557
2.58623
4.3881
2.52975
1.29789
1.99561
2.96275
2.98969
1.10253
0.0147599
0.58558
0.290521
0.11431
0.105437
0.111172
0.03649
0.644594
6.77686
2.48896
1.3127
1.74861
2.94086
3.23193
1.52598
0.0111424
0.0351666
0.317999
0.117272
0.102979
0.105563
0.0541994
0.0394017
9.17819
2.49743
1.34876
1.56886
2.85536
3.5873
1.94655
0.186446
0.0147599
0.340599
0.155124
0.105613
0.108764
0.0741271
0.0394017
11.7732
2.65179
1.48901
1.35207
2.77551
4.07825
2.1469
0.485362
0.0164111
0.3633
0.310701
0.105437
0.108575
0.0934624
0.0452754
13.9023
3.47673
1.69399
1.31948
2.71326
4.54158
2.34101
0.837279
0.0147599
0.471849
0.393273
0.108298
0.108487
0.0940548
0.0535565
11.099
5.49989
1.89373
1.30425
2.50304
4.26511
2.60699
1.17234
0.0164111
0.284975
0.409193
0.122365
0.10821
0.0914204
0.0564682
7.78188
8.03801
2.10474
1.3329
2.2646
3.9833
2.81579
1.54127
0.0801521
0.0205832
0.386315
0.120234
0.116806
0.0742657
0.0572623
4.65019
10.3864
2.32461
1.3625
2.05286
3.53894
3.12984
1.77802
0.351489
0.0222344
0.295739
0.114449
0.119629
0.0655686
0.0598966
2.11428
12.888
2.54849
1.34737
1.76836
3.22148
3.63199
1.87868
0.667975
0.014659
0.205655
0.129058
0.122541
0.0571992
0.0451367
0.64075
14.8875
3.55233
1.33063
1.53242
3.00249
4.16712
1.9847
0.992214
0.0192723
0.139242
0.140212
0.113945
0.0677492
0.0451367
0.0256754
14.6205
5.46604
1.33895
1.39423
2.71691
4.94395
2.15995
1.27566
0.014659
0.0379773
0.175392
0.105525
0.0767614
0.0424898
0.0139154
14.4683
7.65285
1.38633
1.33613
2.53149
5.84018
2.34174
1.50159
0.209714
0.0192723
0.277841
0.105525
0.0710768
0.0360237
0.011092
12.743
9.97091
1.53561
1.33647
2.4113
5.32691
2.67136
1.54004
0.551005
0.0142809
0.110441
0.102613
0.0517415
0.0225621
0.00526869
9.95406
11.9332
1.74062
1.31941
2.18373
4.89154
3.10075
1.55558
0.900415
0.00526869
0.0376497
0.0997016
0.0458174
0.0340322
0
7.4865
13.5089
1.91193
1.33317
1.96794
4.42812
3.51377
1.57647
1.23155
0.00263434
0.0117978
0.102613
0.0370825
0.039679
0
5.20843
14.1692
2.28298
1.36136
1.79846
3.76501
4.09896
1.68401
1.50368
0.043536
0.00263434
0.114033
0.0289904
0.0343095
0
2.05253
12.3784
3.58248
1.42336
1.55822
3.25514
4.73007
1.79076
1.52381
0.404692
0.00291164
0.119629
0.0287131
0.0228394
0
0.396916
9.54062
5.57139
1.4576
1.43943
2.88936
5.30685
2.00985
1.53455
0.779651
0
0.119629
0.034259
0.0203941
0
0
6.76785
7.68594
1.46283
1.43624
2.52727
6.10929
2.35709
1.53422
1.14085
0.00582328
0.121243
0.0533171
0.0114701
0.00582328
0
4.27715
9.7543
1.43835
1.43225
2.33767
6.59984
2.71018
1.53436
1.48918
0.0116466
0.0206335
0.0736607
0.00564682
0.00582328
0
2.38904
11.9351
1.79334
1.35899
2.21295
5.89345
3.20511
1.6186
1.54623
0.218991
0.0175707
0.0883702
0.00564682
0
0
1.91769
13.2071
3.30571
1.32685
1.96105
5.20783
3.74631
1.68914
1.55479
0.724758
0.0116466
0.0683038
0.0111928
0
0
1.43064
13.2907
5.1845
1.30851
1.72228
4.53045
4.2113
1.78397
1.56879
1.16945
0.00873491
0.0428679
0.0197008
0
0
0.836183
13.4181
7.23263
1.315
1.60799
3.71008
4.7869
1.95935
1.58865
1.57992
0.00592412
0.0146086
0.028398
0
0
0.169833
11.8715
9.04049
1.34619
1.48069
3.11014
5.37873
2.13083
1.60537
1.62666
0.0991091
0.0117474
0.0284862
0
0
0.0562791
9.3581
10.7243
1.70641
1.36972
2.73058
5.84142
2.40749
1.64297
1.63974
0.556274
0.00582328
0.0343095
0
0
0
7.95778
10.9617
3.2248
1.41464
2.35186
6.49879
2.8022
1.69848
1.66808
1.18874
0.00592412
0.0394899
0
0
0
6.43585
10.4901
4.65774
1.43046
2.09947
6.14783
3.18976
1.74165
1.70249
1.72131
0.00592412
0.0258518
0
0
0
5.31596
9.34108
5.35176
1.50917
1.91712
5.35718
3.74997
1.87645
1.7312
1.84894
0.00582328
0.00823075
0
0
0
5.09508
8.37354
6.02355
1.54913
1.70865
4.61181
4.3681
1.95665
1.74291
1.83275
0.258191
0.00855847
0
0
0
4.56578
7.01613
5.06643
1.80234
1.59574
3.9296
4.90412
2.08204
1.75419
1.79479
0.965442
0
0
0
0
3.03604
5.76114
4.3227
2.35369
1.6686
3.19353
5.53427
2.27732
1.76844
1.77679
1.86693
0.00291164
0
0
0
1.57624
4.51414
4.10757
2.93817
1.73251
2.69551
6.13974
2.4412
1.78828
1.76792
2.25797
0.00582328
0
0
0
0.629733
3.68353
3.60186
3.41254
1.88678
2.40863
6.1712
2.70903
1.82443
1.77643
2.09863
0.00582328
0
0
0
0.221991
2.75853
3.11634
3.94835
2.00976
2.15996
5.60327
3.11394
1.89137
1.78523
2.01992
0.0468761
0
0
0
0
2.36118
2.78222
4.06884
2.23343
2.20745
5.05959
3.49875
1.95221
1.79341
1.92986
0.139444
0
0
0
0
2.32716
2.61623
4.06599
2.5269
2.44619
4.41507
4.06776
2.08889
1.80214
1.86874
0.441133
0
0
0
0
2.7218
2.67624
4.07491
2.90355
2.68786
4.07727
4.6872
2.17299
1.80477
1.86204
1.04996
0
0
0
0
3.1769
3.00994
4.19851
3.22724
2.93827
4.01471
5.08778
2.29329
1.82494
1.8319
1.88634
0.0283979
0
0
0
3.68428
3.18588
4.33611
3.58765
3.17967
3.93437
5.47181
2.46902
1.84379
1.81323
2.57333
0.0622915
0
0
0
3.79239
3.38003
4.58427
3.71934
3.33534
3.89264
5.77423
2.62121
1.85686
1.83932
2.46274
0.0970169
0
0
0
3.73924
3.72269
4.69446
3.76374
3.41408
3.83985
5.95458
2.84714
1.93524
1.81607
2.30029
0.128566
0
0
0
2.55937
3.77573
4.71116
4.05441
3.43396
3.65856
6.14037
3.21816
1.99934
1.81705
2.186
0.164161
0.00873492
0
0
0.693122
3.42643
4.81463
4.56046
3.39712
3.45498
6.09815
3.59362
2.066
1.80155
2.04505
0.208894
0.0450737
0
0
0
3.35435
4.94996
5.04249
3.48175
3.40165
5.5162
4.22098
2.20627
1.80815
1.91443
0.464514
0.0928573
0
0
0
4.08575
5.0716
5.31154
3.85984
3.42601
4.63182
4.627
2.2681
1.80834
1.85892
1.02185
0.13928
0
0
0
5.64273
5.27224
5.44831
4.42557
3.49542
3.99986
4.89055
2.38718
1.81352
1.80188
1.79128
0.207407
0
0
0
5.63188
5.52268
5.58359
5.1218
3.67247
3.77365
4.93199
2.76392
1.83138
1.78823
2.62906
0.260825
0.00291164
0
0
4.91717
5.67758
5.84426
5.68308
3.90951
3.91385
4.95184
2.92116
1.86925
1.79687
2.40382
0.27982
0.0394899
0
0
3.95963
5.78862
5.85551
5.78911
4.38923
4.1645
4.92338
3.00756
1.95022
1.80247
2.17509
0.285593
0.0761187
0
0
2.26223
6.02828
5.78848
5.64631
5.02997
4.53127
4.76305
3.56661
2.01799
1.80862
2.03955
0.298399
0.116806
0
0
0.586488
6.35669
5.88591
5.44236
5.64924
4.67913
4.78672
4.0661
2.11171
1.80571
1.93596
0.323696
0.176186
0
0
0
7.07293
6.05315
5.18568
5.73364
4.92679
4.83258
4.01757
2.65158
1.80895
1.85713
0.537279
0.232515
0.00263434
0
0
8.39309
6.2125
4.93009
5.25128
5.29728
5.19434
4.33615
3.12473
1.81657
1.85526
1.04877
0.250956
0.0136381
0
0
10.0952
6.42227
4.54936
4.64084
5.81716
5.53434
4.68282
3.6204
1.8479
1.84283
1.77773
0.273896
0.0399563
0
0
11.9232
6.5602
4.16295
4.11589
6.29721
5.75147
4.78934
4.49528
1.89946
1.87665
2.53068
0.27977
0.0822318
0
0
9.32942
6.83632
4.1319
3.73458
5.98078
5.97345
4.98983
5.08448
1.98765
1.89908
2.32421
0.285542
0.124217
0
0
5.95676
6.96861
4.66189
3.48415
5.67399
6.04213
5.31021
5.32052
2.29222
1.90822
2.15519
0.307373
0.162459
0.00845762
0
2.68378
7.38841
5.29584
3.4709
5.6038
6.04637
5.84754
5.56704
2.89191
1.91262
2.06633
0.335179
0.210457
0.0307046
0
0.684236
8.27187
6.15071
3.66142
5.79014
6.14117
6.03822
5.62733
3.51219
1.92718
2.00546
0.346498
0.236675
0.0513255
0
0
9.67471
6.95297
4.0732
6.31352
6.31893
6.144
5.81988
4.01761
1.99813
2.00474
0.4991
0.245271
0.0849922
0
0
11.5416
7.36398
4.45041
6.5489
6.52867
6.21126
5.93943
4.59201
2.08526
2.04084
0.892978
0.264783
0.12689
0
0
13.2888
7.59463
4.81093
6.31876
6.90847
6.32029
6.03877
5.44758
2.21922
2.05175
1.45601
0.300718
0.159863
0.0226125
0
12.3195
7.62542
5.06312
5.91959
7.89652
6.49873
6.02994
5.94845
2.46738
2.06547
2.22353
0.316852
0.185475
0.0449981
0
9.05339
7.77317
5.19623
5.55411
8.87154
7.00715
6.18858
6.05567
2.94011
2.07977
2.34349
0.350165
0.218096
0.065619
0
5.89992
8.6118
5.41668
5.29811
9.51068
7.62414
6.40021
6.00798
3.311
2.16321
2.24514
0.389101
0.231167
0.0937397
0
2.64848
9.90153
5.66559
5.41057
10.0723
8.24433
6.5824
5.63453
3.52392
2.24552
2.31585
0.392466
0.23699
0.118848
0.00873492
0.606794
11.3272
6.30201
5.53764
10.1009
9.20807
6.77071
5.532
3.80377
2.26224
2.35245
0.393298
0.241704
0.12573
0.0310701
0.0143817
13.0456
7.00642
5.59234
9.93531
10.1069
6.97211
5.58712
3.96743
2.3339
2.37418
0.407302
0.236574
0.144977
0.0534557
0.0172051
14.2263
7.16982
5.73655
9.47988
10.0644
7.38841
5.85049
4.19948
2.52319
2.44196
0.413226
0.252809
0.167552
0.0740767
0.0317633
11.3313
7.37853
5.87917
8.39301
9.86475
7.9481
6.22548
4.66215
3.13521
2.50862
0.476021
0.277652
0.174245
0.102197
0.0426788
8.183
8.25293
5.98172
7.3434
9.85832
8.40881
6.64942
5.34141
3.96611
2.58562
0.735208
0.304462
0.199214
0.114449
0.0455022
4.97195
9.29507
6.06196
6.66195
9.97324
8.91692
6.93379
6.19279
4.71177
2.73825
1.17129
0.361308
0.203147
0.114449
0.0513255
2.0363
10.7587
6.05565
6.10489
9.99799
9.30225
7.1622
6.84455
4.79498
2.91975
1.83765
0.397193
0.200411
0.114449
0.0539599
0.507331
12.5931
6.0511
6.02294
9.97209
9.49469
7.69388
7.2456
4.83707
3.20618
2.57134
0.427507
0.196895
0.124722
0.0481366
0.143213
10.4845
6.26095
6.05393
9.85876
9.81528
8.31407
7.57634
4.93698
3.81537
3.03669
0.48666
0.20471
0.123096
0.0761186
0.0426788
7.88379
6.9998
6.12734
9.74527
9.79829
8.60205
7.93779
5.10348
4.50316
3.09012
0.541615
0.206008
0.128553
0.0985924
0.0426788
5.28448
8.18717
6.16247
9.33149
9.38253
8.58168
8.27292
5.46013
5.05318
3.13473
0.55843
0.23941
0.136696
0.108298
0.0426788
3.14486
9.40335
6.09457
8.32703
8.97951
8.02091
8.60196
6.24866
4.99905
3.2394
0.647645
0.291807
0.134099
0.114449
0.0426788
2.38776
11.0053
6.07643
7.54879
8.67585
7.08422
9.03012
6.7282
4.86542
3.37075
0.897894
0.344367
0.148015
0.117361
0.0426788
1.73963
9.86291
6.13781
7.05037
8.53485
6.36409
8.43292
7.77595
4.71245
3.48362
1.26133
0.446098
0.172253
0.116755
0.0426788
1.1224
7.3496
6.2302
6.47263
8.65017
5.89736
7.22706
8.01335
4.19335
3.59966
1.81037
0.561682
0.184593
0.119718
0.0453132
0.49542
4.75131
6.51518
6.27261
8.92403
5.22191
6.33626
8.90924
3.66361
4.08845
2.43814
0.626141
0.209941
0.119718
0.0424015
0.134792
3.22955
7.58955
6.26074
9.29964
4.87762
5.38995
9.12951
3.63882
4.96612
2.95147
0.688332
0.246065
0.119718
0.0681651
0.0424015
3.04782
9.07534
6.30474
9.67788
4.79807
4.53114
9.66939
4.14118
5.92716
3.33764
0.735322
0.273669
0.125919
0.0933237
0.0425402
2.95154
8.24375
6.28946
9.50829
5.60574
4.29628
9.71004
4.56316
6.59422
3.63833
0.730418
0.319222
0.134515
0.105575
0.0422629
2.68116
6.00441
6.31196
8.17939
7.12985
4.4492
9.49152
5.05531
6.08252
3.98762
0.760745
0.374719
0.133961
0.110794
0.0394395
2.15096
3.90935
6.44128
7.26726
8.71401
4.60615
8.79129
6.2309
5.71539
4.41888
0.908747
0.432876
0.1538
0.102613
0.0338053
1.54482
3.12149
6.60587
6.70905
10.0026
4.67787
8.05824
7.66441
5.81916
5.28345
1.20537
0.506777
0.186496
0.0855468
0.0338431
1.02724
2.97993
7.32362
6.58626
10.5795
4.82105
7.50524
9.01562
5.99744
6.33378
1.6747
0.584899
0.208
0.0689971
0.0338431
0.466064
2.86272
7.00419
6.72841
10.5288
5.09951
6.91217
9.98778
6.22031
7.35923
2.26507
0.629141
0.244162
0.057527
0.0309819
0.126423
2.80804
4.71929
6.76583
10.4343
5.16517
5.92318
9.75091
6.65407
7.28442
3.04433
0.688937
0.294618
0.0633502
0.0450863
0.0254737
2.75635
3.23966
6.91398
9.39821
5.46955
5.33237
9.67403
6.77729
7.28253
4.0059
0.735801
0.321944
0.0798999
0.0516911
0.0253855
2.72241
2.93188
6.96884
8.46845
6.35387
5.97282
9.60887
6.68666
7.12643
5.32422
0.766707
0.356027
0.118621
0.0455905
0.0225621
2.56698
2.76143
6.99116
7.41872
7.19198
6.49065
9.44458
6.83693
6.71795
6.643
0.885769
0.408525
0.156434
0.0341204
0.0225621
2.09949
2.67436
5.58986
7.28164
8.86599
6.82123
9.17727
7.35826
6.58725
7.69889
1.24156
0.452628
0.21013
0.0253855
0.0225621
1.52799
2.58792
3.58526
7.49494
9.88686
6.97864
8.89531
8.04934
6.50735
8.46961
1.95324
0.520566
0.251989
0.0228394
0.020205
1.01873
2.53314
2.61893
7.36542
9.89296
7.11781
8.51231
8.53586
6.59973
8.98774
2.86674
0.598537
0.262287
0.0312592
0.0225621
0.448582
2.4887
2.54345
6.57593
9.8757
7.42042
7.93626
8.95402
6.77366
8.89955
4.09242
0.665896
0.287307
0.0674719
0.0167388
0.111903
2.44292
2.47923
5.81827
9.06929
7.5372
8.21624
7.34354
7.07926
8.74094
5.44056
0.760972
0.328612
0.10284
0.0167388
0.011092
2.40111
2.3594
4.25888
8.10521
7.63306
8.44217
6.57021
7.36121
8.1997
6.61798
0.884723
0.352926
0.156586
0.0193731
0.011092
2.38306
2.28234
2.49833
7.21652
7.98785
8.95908
5.92407
7.50889
7.86527
7.49662
1.26937
0.409256
0.195571
0.0230788
0.00526869
2.42011
2.26349
2.17026
5.87045
8.32681
8.91034
5.23367
7.71485
7.62889
8.43925
2.02466
0.47645
0.21415
0.0340322
0
2.02733
2.25966
2.17518
4.77631
8.57463
8.44962
4.75922
7.88598
7.82229
9.11709
2.95125
0.524171
0.22552
0.0562287
0
1.50435
2.33066
2.18403
4.02699
9.09042
8.38322
4.64253
8.41579
7.92541
9.65977
4.08357
0.586462
0.22552
0.0826729
0
1.01863
2.37678
2.18614
2.97165
8.45486
8.08348
4.70957
8.98086
8.2079
10.2887
5.39643
0.656165
0.219697
0.119163
0
0.448808
2.40576
2.17955
2.13746
6.7342
8.00872
4.66765
7.04443
8.36458
10.456
6.65843
0.797273
0.238565
0.156069
0
0.0888617
2.44044
2.1921
2.14972
5.12783
8.02756
4.62168
5.82358
8.51549
9.86601
7.84
1.28882
0.277652
0.177207
0.011092
0.00263434
2.47347
2.26246
2.09483
4.0347
7.94672
4.64017
5.1382
8.62285
9.86872
8.96671
2.15839
0.29637
0.19663
0.0307046
0.00263434
2.56281
2.35093
2.11425
3.21024
7.977
5.0612
4.76773
9.00803
10.5947
9.96501
3.21449
0.355661
0.207596
0.051565
0.00845762
2.38724
2.37034
2.14104
2.45412
8.01044
6.01647
5.10825
9.50507
10.7228
10.9262
4.35497
0.425213
0.202819
0.079484
0.0142431
1.86543
2.41094
2.18358
2.2903
7.71308
7.35943
5.50169
9.72053
10.9686
11.6228
5.63033
0.470715
0.202176
0.10216
0.0197008
1.30187
2.55789
2.21479
2.32242
6.23119
8.3823
5.93317
9.58203
11.3873
12.0676
6.95061
0.500966
0.215399
0.111588
0.0255241
0.810039
2.62564
2.25469
2.35056
5.1079
8.71379
6.41128
9.73714
11.1052
11.9973
8.18567
0.824688
0.23094
0.116718
0.0311205
0.338922
2.7352
2.28942
2.29219
4.24288
8.57428
7.00238
9.79621
10.1026
11.8965
9.1695
1.7139
0.261745
0.122037
0.028108
0.102588
2.85003
2.31509
2.30952
3.35295
8.19322
7.58467
9.31817
9.79141
11.5129
10.2982
2.84048
0.292362
0.114121
0.0563673
0.0255745
2.72703
2.37747
2.352
3.00583
8.42022
7.2154
8.95395
9.7483
11.1527
11.2822
4.09178
0.318844
0.119213
0.081715
0.0227511
2.70644
2.48291
2.42033
2.97984
8.88785
7.202
8.55372
9.68925
10.4644
11.9336
5.687
0.36693
0.12176
0.0941052
0.0285744
2.48992
2.55796
2.47353
2.90504
7.61553
7.40353
8.66899
9.31832
9.69869
12.4
7.39683
0.398731
0.119718
0.108714
0.0338431
2.01406
2.63454
2.52041
2.7409
6.25332
7.75932
8.88676
8.93458
8.91906
12.8372
8.79686
0.599848
0.130822
0.111537
0.0338431
1.52494
2.6743
2.57854
2.66466
5.1635
8.18543
9.0121
8.68263
8.12461
12.6565
10.1751
1.26481
0.152792
0.114449
0.0338431
1.0452
2.70885
2.594
2.59771
4.29409
8.57051
9.12131
9.15634
7.57992
11.5225
11.5053
2.30941
0.171144
0.114449
0.0364774
0.451392
2.70579
2.62104
2.54218
3.56389
8.96384
9.19975
10.2585
7.41484
10.5725
12.4265
3.69792
0.215915
0.114449
0.0338431
0.12031
2.71801
2.64319
2.47758
3.39151
8.19827
9.26855
10.8096
7.66917
9.43376
12.9564
5.43325
0.274085
0.114449
0.0621024
0.0368051
2.72929
2.69425
2.42404
3.34415
6.75985
9.37413
10.1241
8.1009
8.66291
13.2658
7.26038
0.343246
0.114449
0.0819041
0.0394395
2.73215
2.71608
2.3787
3.28012
5.68256
9.45073
9.48911
8.36221
8.3041
13.4513
8.90908
0.41605
0.124722
0.0911936
0.0394395
2.58836
2.70338
2.32291
3.06975
4.99662
9.41341
9.35622
9.2519
8.32738
13.6337
10.4764
0.939489
0.12573
0.0968782
0.0309315
2.12173
2.6984
2.25692
2.88183
4.20722
9.30299
9.31489
10.4391
8.53945
13.6262
11.7185
1.97739
0.144977
0.103117
0.0225621
1.54758
2.73239
2.1832
2.69588
3.93376
9.01494
9.23529
11.6864
8.73619
12.5916
12.761
3.32224
0.158855
0.100118
0.0225621
1.01868
2.76499
2.12425
2.41258
3.81639
7.7691
8.98198
11.3977
9.2869
11.4957
13.6147
5.11398
0.170816
0.107794
0.0225621
0.442757
2.78494
2.18519
2.19555
3.69495
6.55356
8.41362
9.94291
9.97658
10.7087
14.2075
7.21493
0.187618
0.118659
0.0225621
0.10884
2.83697
2.22459
2.04277
3.40484
5.89533
7.89488
8.62947
10.0987
10.1856
14.5691
9.01898
0.184971
0.131326
0.0340322
0.0225621
2.8435
2.34764
1.89274
3.14829
5.10213
7.72783
7.92412
9.66464
9.74719
14.8664
10.4696
0.421634
0.145204
0.0449477
0.0225621
2.80319
2.54196
1.78666
2.93558
4.60446
7.8344
7.59976
8.83344
9.05397
15.1156
11.831
1.16095
0.148254
0.0484139
0.0225621
2.58401
2.64215
1.68106
2.63834
4.39828
7.88484
7.22971
8.71115
8.41568
14.8634
12.9029
2.39362
0.14257
0.0570606
0.0225621
2.08802
2.72619
1.56263
2.37041
4.21332
7.19202
6.84147
8.35891
8.55369
14.4322
13.717
4.14921
0.131831
0.0763077
0.0225621
1.49931
2.78866
1.43788
2.14208
3.85052
6.62314
7.19459
8.04816
8.37496
13.4407
14.5056
6.214
0.131326
0.0828242
0.0225621
0.98155
2.83756
1.31281
1.87658
3.55499
5.9346
8.07452
8.44571
8.44693
12.3391
14.9889
8.27278
0.131969
0.0967396
0.0225621
0.433872
2.84318
1.19931
1.60716
3.32715
5.40969
9.00822
8.9733
8.65595
11.2536
14.9229
10.164
0.214516
0.113062
0.0225621
0.111802
2.82503
1.10291
1.35516
2.9911
5.27005
8.06024
9.66259
8.71665
9.9862
14.8625
11.7115
0.676824
0.111676
0.0369438
0.0225621
2.82929
1.03396
1.0629
2.68719
5.10152
7.03161
10.0929
8.4989
8.92631
14.8738
12.799
1.5599
0.111399
0.0618251
0.0251964
2.77881
0.989491
0.957627
2.40682
4.70618
6.45637
10.1038
8.36401
8.17811
14.6537
13.7627
2.91418
0.113894
0.0714928
0.028108
2.56958
1.19208
0.899092
2.04576
4.31337
5.85588
9.86047
8.86301
7.87197
14.1445
14.5753
4.72049
0.11126
0.0712028
0.0310197
2.05143
1.53121
0.842851
1.69907
3.96836
5.34965
9.25677
9.1004
7.63943
13.4608
15.0439
6.82703
0.108764
0.0743035
0.0338431
1.47011
1.86578
0.757619
1.35911
3.50463
5.33096
8.09274
9.56084
7.37853
12.2488
15.2461
8.84821
0.128137
0.077316
0.0394395
0.980845
2.21678
0.712066
1.00104
3.05163
5.32598
7.0491
10.3551
7.25444
10.9747
15.0791
10.5654
0.21434
0.0772278
0.0368051
0.439368
2.4723
0.698264
0.775366
2.64798
5.26526
6.41471
10.612
7.189
9.90734
14.9547
11.9452
0.686567
0.08232
0.0251586
0.102827
2.5123
0.682723
0.671101
2.16084
4.96181
5.72688
10.0858
7.00664
8.66399
14.8153
13.0483
1.61156
0.0938783
0.0251082
0.0137263
2.52206
0.82678
0.647581
1.76251
4.71353
5.33531
9.39842
6.85191
7.44689
14.703
13.8375
2.89868
0.0941935
0.0251082
0.011092
2.5998
1.24214
0.622423
1.44483
4.23369
5.37533
8.26651
7.05003
7.26981
14.0927
14.4129
4.5309
0.0916096
0.0142809
0.00526869
