10.9416
12.1558
13.9588
10.1636
10.4533
14.1675
11.2454
10.4401
6.90673
4.69114
7.37347
4.23209
1.72729
1.99614
16.0474
11.4017
11.8842
13.7152
10.4215
9.63875
13.009
11.2295
11.0988
7.49124
4.66323
6.09979
4.98917
1.76054
1.76457
14.8366
12.1537
11.5215
13.4314
11.2516
9.3339
10.7813
11.2954
11.235
8.33513
4.68551
5.23101
6.13009
1.87089
1.78701
11.4409
12.1438
11.3032
12.9014
13.388
9.91624
9.84163
11.2856
11.2418
8.946
4.91085
4.80103
7.55657
2.02062
1.78262
8.04927
12.1441
11.7578
12.6149
16.0602
9.93655
10.6171
11.3501
11.2363
9.65789
4.81744
4.73903
8.96767
2.47067
1.78391
5.19177
12.1794
12.0567
12.4617
15.1097
9.80924
11.7824
11.6237
11.2235
10.6112
5.24524
4.40702
9.51049
2.937
1.76356
3.54624
12.1989
13.4341
12.9261
14.3368
9.80158
12.116
12.4374
11.2139
11.0739
6.55036
4.19483
9.30094
3.11867
1.74845
3.02724
12.215
14.2156
13.5662
13.9373
9.89086
11.8887
13.9839
11.2392
11.0917
7.66147
4.13515
8.96586
3.2322
1.75154
2.79138
12.2151
12.6123
14.149
14.0216
10.1949
11.2271
15.2408
11.2423
11.1593
8.62067
4.35978
7.74383
3.65191
1.74365
2.51166
12.7091
12.199
14.2195
14.647
10.4853
10.4133
13.57
11.267
11.1561
10.0003
4.59217
6.07346
4.64142
1.7498
2.21145
14.4191
12.1936
14.7242
14.8733
11.245
10.6424
11.6014
11.2875
11.1664
11.073
4.70599
4.8546
5.77531
1.85729
2.00852
16.2856
12.2091
15.9159
15.1397
13.4385
10.7751
10.7303
11.2849
11.1816
11.0886
5.22472
4.6222
7.00601
1.92996
1.9751
13.7005
12.206
17.0346
16.0241
16.5188
10.9774
10.4543
11.3395
11.2009
11.1137
6.18468
4.42165
7.18428
2.18479
2.08097
10.4761
12.1869
17.1231
16.4466
17.8681
11.1803
10.2898
11.5875
11.1974
11.1298
7.88633
4.34336
5.61082
2.5059
2.22527
7.23689
12.1447
15.4876
16.6462
17.1777
11.3443
10.2119
12.2681
11.198
11.1746
9.8291
4.44011
4.41754
3.01311
2.47305
5.04777
12.0887
13.8081
16.8837
16.473
11.5005
10.2673
13.6148
11.2078
11.1874
11.1006
4.95988
4.57494
4.85853
2.62267
4.07484
12.0275
12.3526
17.2073
16.6205
11.675
10.5495
12.4716
11.2004
11.1841
11.0757
6.14235
4.82186
7.03415
3.07417
3.87283
12.4703
11.9477
17.5629
16.6476
12.1693
10.9011
11.09
11.2373
11.1783
11.0828
7.74412
5.14779
6.82528
4.06621
4.29071
14.0931
11.8347
18.2673
16.8187
13.7433
11.7086
11.3471
11.3091
11.1816
11.0825
9.66065
5.93228
7.2322
5.68808
5.47615
15.9618
11.7253
18.9886
16.5956
16.2282
11.7448
11.8258
11.3026
11.1848
11.1136
10.8805
7.12713
8.00242
7.6185
7.51877
17.6875
11.6411
18.1666
16.8038
16.4871
11.4012
11.7503
11.4018
11.1848
11.111
11.0855
8.57044
9.18326
10.3176
10.241
19.1335
11.5941
16.7837
16.9947
16.1337
11.0268
11.1902
11.5003
11.1848
11.1521
11.0871
10.0776
10.423
13.3954
12.6797
19.1689
11.5855
15.2555
17.2122
16.0495
11.1788
10.8306
11.6032
11.2067
11.1842
11.069
10.9724
11.2402
15.2456
15.2088
19.1578
11.5635
13.6616
18.1396
15.8226
11.4572
10.9313
12.193
11.2157
11.1779
11.0951
11.0121
11.3381
16.9001
17.4226
19.2579
11.529
12.155
18.9137
15.7644
11.8061
11.214
11.5633
11.212
11.1847
11.1109
11.0267
11.2604
16.9992
18.2724
19.6597
11.5633
11.4892
18.9124
15.9884
13.5328
11.3912
11.3091
11.2567
11.1847
11.1116
11.0493
11.1625
15.2549
18.9373
19.9413
12.6711
11.458
19.1117
16.4604
15.8371
11.4938
11.2721
11.3185
11.1815
11.1271
11.0922
11.1434
13.6522
19.2808
19.9245
14.2284
11.3648
19.2663
17.3118
15.4678
11.6585
11.3118
11.296
11.1909
11.1428
11.1097
11.1616
12.0809
19.0902
19.9118
15.8578
11.2151
18.1498
18.3516
14.9857
11.7868
11.3257
11.386
11.1913
11.156
11.136
11.14
11.2443
18.4853
19.747
17.4571
11.1065
16.3259
18.4538
14.7269
11.9413
11.3354
11.6465
11.1945
11.1718
11.1467
11.143
11.1998
17.1124
19.5896
18.6816
11
14.5343
18.6081
14.3359
12.1402
11.5982
12.5856
11.1975
11.1847
11.1209
11.1331
11.1745
15.6012
19.4016
19.3459
10.9776
12.7621
18.699
14.3677
12.4872
11.9418
11.9488
11.2195
11.1847
11.1113
11.1048
11.1593
14.1721
18.7523
19.6371
10.9859
11.5018
18.6761
14.9718
12.7942
12.2099
12.1336
11.2166
11.1942
11.1324
11.0754
11.1518
12.6875
17.6538
19.6311
11.0273
11.0762
18.6578
16.4692
13.3952
12.0986
12.1748
11.228
11.1971
11.1199
11.0501
11.1429
11.596
16.1555
19.2236
11.1365
11.0711
18.8668
17.608
12.9387
11.6341
12.3384
11.2964
11.1974
11.1493
11.0346
11.1045
11.1776
14.5005
18.6022
11.2008
11.0568
17.5971
18.1629
12.5129
10.7461
11.9447
11.3143
11.1912
11.1781
11.0215
11.0884
11.1211
12.9776
16.9599
11.1197
10.9539
15.0619
18.427
12.1367
10.0869
11.758
11.776
11.1847
11.1781
11.0248
11.0373
11.1208
11.8143
15.0846
11.1896
10.6586
12.9002
18.6353
12.7441
9.86497
11.23
12.9663
11.1812
11.1816
11.0435
11.0243
11.0899
11.1494
13.4715
11.2187
10.3166
11.2186
18.7289
14.6012
9.15132
10.3635
14.5433
11.1719
11.1814
11.0499
11.0214
11.0646
11.0321
12.0137
11.0521
10.0169
9.89159
18.7439
15.8945
9.41038
9.38424
14.5311
11.191
11.175
11.1104
11.0181
11.1145
11.0628
11.1661
11.0638
10.4794
9.58964
18.7642
16.8805
10.3479
9.05031
14.5888
11.2039
11.1749
11.1743
11.0185
11.1107
11.0143
11.0164
11.0281
11.0226
9.31694
18.8124
17.3518
10.951
9.48111
14.2714
11.2705
11.1781
11.1711
11.0312
11.0794
10.9889
11.0312
10.8943
10.97
9.11764
17.1239
17.192
11.7383
9.56184
13.1206
11.3276
11.1719
11.1847
11.041
11.0658
10.9989
10.997
10.8757
10.9482
9.04695
14.1023
16.9754
12.6562
10.0548
12.3953
11.3406
11.1751
11.1847
11.0308
11.0535
11.0508
11.0021
10.9078
10.9018
8.90291
11.5616
17.3103
14.0024
10.7543
11.8288
11.7022
11.179
11.1817
11.0561
11.034
11.1165
10.9706
10.9405
10.8601
8.80344
9.68284
17.7132
15.4238
11.0366
11.1555
12.4972
11.1816
11.1817
11.0847
11.0272
11.1044
10.9316
10.9675
10.8554
8.63535
8.70414
18.3564
16.4322
11.0086
10.8482
11.4033
11.1879
11.1847
11.0754
11.0178
11.0566
10.908
10.9192
10.8082
9.42679
8.5375
19.0402
16.3271
11.4562
10.1492
11.2188
11.23
11.1847
11.1011
11.0116
11.048
10.9241
10.9056
10.7747
10.5375
8.51308
18.8212
16.2352
11.6769
10.1159
11.3469
11.2328
11.1847
11.1135
10.9989
11.0278
10.924
10.9188
10.7715
10.8286
8.48097
17.329
16.2182
12.3151
10.1067
11.0824
11.2982
11.1942
11.1044
10.9926
11.024
11.0144
10.9277
10.7684
10.8242
8.42307
14.635
16.2966
13.3252
10.6965
10.4884
11.4038
11.2003
11.1301
10.986
11.025
11.1036
10.9338
10.7647
10.772
8.48175
12.0354
16.5488
14.5601
11.4248
10.9644
11.7056
11.2387
11.1522
10.9766
11.0024
11.1095
10.9376
10.8264
10.7522
8.63212
10.1567
16.8006
15.9744
11.4118
10.9461
12.8606
11.2615
11.1555
10.9671
10.9831
11.1307
10.9403
10.8091
10.743
8.60757
9.00994
17.2881
17.2405
11.423
10.7981
12.4081
11.2664
11.1813
10.9572
10.9766
11.0863
10.9506
10.9038
10.7327
9.05706
8.52384
17.6454
17.694
11.5254
10.4867
11.2474
11.2624
11.1912
10.954
10.9543
11.0377
10.954
10.957
10.7202
10.3113
8.53464
17.218
17.7504
11.797
10.9125
10.9464
11.2649
11.1912
10.9953
10.9511
11.0345
10.9888
10.96
10.7269
10.8136
8.66769
16.6565
17.3155
12.73
11.3361
11.0324
11.2617
11.2037
11.0012
10.9573
11.0183
10.9981
10.9605
10.7288
10.7499
8.87838
15.1441
16.8316
13.8061
11.3844
10.8371
11.267
11.2191
11.0623
10.954
10.9959
11.0682
10.9806
10.7029
10.7337
9.09387
12.3822
16.5406
14.8118
11.4606
10.5131
11.3889
11.2127
11.1297
10.9474
10.9959
11.1214
10.9827
10.739
10.6875
9.1139
10.5133
16.7624
15.981
11.4914
10.3271
11.4414
11.2456
11.1327
10.9474
10.9737
11.0666
10.977
10.8148
10.6979
9.12567
9.481
17.2187
17.0643
11.487
10.6209
10.4832
10.8984
11.1715
10.9474
10.9511
11.0541
10.9832
10.8151
10.7209
9.40504
9.29282
17.7337
17.7285
11.6371
10.5965
10.5381
10.3741
11.1847
10.9474
10.9511
11.015
10.9762
10.9491
10.736
10.5894
9.47369
17.7675
17.592
12.2956
10.5884
10.6928
9.91362
11.1847
10.9664
10.9474
10.9831
10.9828
10.9663
10.7334
10.8269
9.46249
17.6026
17.4221
13.3694
10.6548
10.5273
9.39856
11.1847
11.011
10.9474
10.9703
10.9925
10.9571
10.73
10.7559
9.56616
15.1226
17.078
14.6595
11.0287
10.4307
8.59274
11.1912
11.011
10.9349
10.935
10.9793
10.9506
10.7389
10.7269
9.47506
12.2717
15.9717
15.7884
11.2352
10.6554
7.88003
11.1817
11.0749
10.9251
10.9189
11.0176
10.9441
10.7453
10.7202
8.79342
10.4222
14.4295
16.7414
11.3278
10.6793
7.57549
10.8866
11.136
10.9185
10.9093
11.0475
10.9345
10.8156
10.7012
7.7577
8.43623
12.8973
17.334
11.3916
10.5447
7.1105
10.5433
11.136
10.9378
10.9058
10.9866
10.9349
10.9051
10.6887
7.41138
7.03989
11.7199
17.5425
11.4443
10.629
7.07708
10.5158
11.1626
10.9474
10.9092
10.9767
10.9382
10.9116
10.6854
8.63545
6.94356
10.5992
17.6937
12.16
10.5945
7.0458
10.4841
11.1501
10.9474
10.9154
10.945
10.941
10.9415
10.679
9.57701
7.46269
9.13902
16.2735
13.3661
10.6383
7.32879
10.499
10.9534
10.9664
10.9157
10.9255
10.9442
10.9378
10.6822
9.65883
8.24512
9.4486
13.2579
14.6795
10.8416
7.30591
10.4796
10.6473
11.0143
10.9219
10.922
10.9605
10.938
10.6944
10.2443
8.66851
9.99695
11.4036
16.1896
11.0651
7.18156
10.6521
10.6297
11.0143
10.9378
10.9218
10.9568
10.9378
10.7737
10.6915
8.45398
9.84712
10.8452
17.6186
10.9366
7.1067
10.2287
10.6472
11.0845
10.9445
10.9316
10.9731
10.938
10.7736
10.7013
8.35021
9.67305
10.265
18.473
10.769
6.96363
9.08947
10.6825
11.1086
10.9445
10.935
10.9921
10.9312
10.857
10.7101
8.24797
9.67459
9.5774
18.1333
10.8195
6.92949
7.87648
10.7135
10.9359
10.9445
10.9411
10.9793
10.9378
10.8996
10.7201
8.28401
9.27575
9.19255
15.7993
11.501
7.30241
6.88662
10.7909
10.7789
10.9507
10.9445
10.9798
10.9445
10.8996
10.7392
8.49251
9.07857
9.20242
12.6638
12.8512
7.86118
6.50268
10.8205
10.8264
10.9507
10.9445
10.9573
10.9445
10.8866
10.7524
9.04114
8.88621
9.42641
10.7949
14.3248
8.41177
6.35494
10.95
10.816
10.9731
10.9445
10.9445
10.9445
10.8807
10.7742
10.5494
9.30663
9.10476
10.1091
15.8246
8.66117
6.0516
10.9675
10.814
11.0015
10.9445
10.9445
10.9445
10.8804
10.809
10.7462
8.83398
8.65416
9.22446
17.0894
8.40197
5.59743
10.3059
10.8728
10.883
10.9445
10.9445
10.9445
10.896
10.8705
10.7585
8.26589
8.66252
8.63916
15.9522
8.09895
5.0601
9.15887
10.9186
10.8792
10.9445
10.9445
10.9445
10.925
10.8743
10.7553
7.79871
9.02303
8.87667
13.0978
8.39887
4.57233
7.87119
10.9849
10.87
10.9445
10.9445
10.9445
10.925
10.8743
10.7586
7.37615
7.51008
8.50203
11.111
8.98942
4.2283
6.63682
11.1119
10.8601
10.9445
10.9445
10.9445
10.9411
10.8738
10.7648
8.01001
7.35631
8.1672
10.5153
9.98785
3.89635
5.94596
11.1505
10.8474
10.9445
10.9445
10.9445
10.9445
10.8706
10.768
9.2223
7.90112
8.48814
10.0779
11.9843
3.80282
6.04973
11.0915
10.8191
10.9038
10.9445
10.9445
10.9445
10.8707
10.8129
9.88894
8.99009
9.10961
9.3149
14.2072
3.75848
5.97568
11.0541
10.8202
10.815
10.9445
10.9445
10.9445
10.8677
10.8225
10.4341
9.56392
10.2604
9.46042
11.8231
3.38396
5.54041
10.8776
10.8148
10.7927
10.9445
10.9445
10.9445
10.8644
10.8703
10.8065
9.92184
10.9881
9.05058
10.0638
2.98764
4.89539
10.3376
10.9964
10.7702
10.9321
10.9445
10.9411
10.8644
10.8677
10.81
10.2929
11.8839
8.76752
9.13839
2.58042
3.95903
9.1789
11.0673
10.7505
10.8051
10.9445
10.9445
10.8549
10.8644
10.8262
10.3998
13.1248
9.01723
8.9192
2.35963
2.68511
8.14542
11.0832
10.7587
10.7419
10.9379
10.9445
10.8452
10.8515
10.8386
10.5416
15.3292
10.7291
9.47081
2.45111
2.10823
7.60247
11.0684
10.7504
10.7283
10.9317
10.9445
10.8389
10.8292
10.8481
10.5551
15.3602
12.5616
10.6375
4.1
1.86482
6.42841
11.0659
10.8563
10.7327
10.9253
10.9445
10.848
10.8162
10.8578
10.6234
13.9705
13.2754
12.1231
6.9366
1.75745
5.08654
11.0786
10.8778
10.7314
10.8484
10.9349
10.8415
10.8034
10.8738
10.7954
12.6971
13.4221
13.3895
10.1867
1.90628
4.23804
10.7488
10.9696
10.7566
10.7133
10.9126
10.8735
10.8035
10.8612
10.8614
11.7154
13.8324
13.6259
13.359
1.76828
3.19137
9.77468
11.0074
10.757
10.7309
10.9063
10.9057
10.8003
10.8644
10.8516
11.2024
14.2123
13.8031
15.8776
1.54167
1.86498
8.17347
11.0231
10.8452
10.7039
10.8997
10.9057
10.81
10.8581
10.8453
11.0014
14.5725
13.9282
16.9925
2.10689
1.43021
6.22873
11.0817
10.9441
10.7277
10.8899
10.9057
10.8226
10.8485
10.8354
10.8904
15.0819
14.1151
16.6697
4.22466
1.28385
4.38259
11.0257
11.0051
10.6721
10.8261
10.8965
10.8325
10.8582
10.8423
10.8518
15.3988
14.3467
15.6659
6.35512
1.22645
2.88782
10.9312
11.0141
10.7079
10.4111
10.8932
10.8454
10.855
10.8514
10.8453
15.7393
14.6723
14.3335
7.5913
1.34649
1.88835
10.7771
11.0398
10.7457
10.4239
10.893
10.8706
10.8549
10.8827
10.8582
16.2113
14.9455
12.931
8.7468
1.48664
1.61336
9.83689
11.0799
10.7681
10.4456
10.8772
10.8708
10.8579
10.8711
10.8615
15.5856
15.2383
11.6659
9.15236
1.53633
1.56825
7.96547
11.1477
11.0072
10.4718
10.871
10.8672
10.8611
10.8611
10.8704
13.9173
15.4759
10.5413
8.11874
1.6041
1.52309
6.18109
11.121
11.0593
10.5143
10.4734
10.8611
10.8611
10.8644
10.8767
12.2894
15.7379
9.52082
7.29653
2.1609
1.5619
4.45895
11.0419
11.0748
10.5643
10.5098
10.8612
10.8612
10.8611
10.8961
11.3218
15.8309
8.87599
6.68426
3.19473
1.56976
2.64941
11.0464
11.0903
10.5999
10.4734
10.8644
10.8706
10.8578
10.9028
10.9215
15.9667
8.36089
6.34871
4.36293
1.61903
1.67368
10.2698
11.0938
11.0788
10.0812
10.8644
10.8739
10.8578
10.9311
10.9158
16.118
7.76329
6.03823
5.41654
1.63072
1.5919
8.70773
11.0901
11.0787
10.0977
10.4734
10.8776
10.8578
10.916
10.9276
16.2489
7.47584
5.66582
6.28352
1.97326
1.36469
7.2973
11.1232
11.0777
10.1544
10.1128
10.8644
10.8578
10.9127
10.9213
16.4264
7.36737
5.40586
6.12126
2.70612
1.19499
6.03136
11.1063
11.0685
10.203
10.1279
10.8644
10.8611
10.8747
10.9219
15.4608
7.16338
5.23949
5.92208
3.59575
1.33071
4.52839
10.5745
11.0502
10.2641
10.1844
10.8644
10.8644
10.8677
10.9146
13.8668
7.16458
5.01223
5.61473
4.68245
1.82816
3.55633
10.097
11.0345
10.6905
10.2331
10.5111
10.8644
10.8736
10.8958
12.2558
7.37743
4.95415
5.40888
5.703
2.51527
3.54569
9.48548
11.023
11.0899
10.2958
10.3574
10.8677
10.8704
10.8892
11.2692
7.45828
4.97144
5.30362
6.18053
3.16079
3.76478
8.9351
10.5699
11.0504
10.466
10.3894
10.8739
10.8702
10.8887
10.8798
7.63449
5.07548
5.17341
6.25302
3.82575
3.90272
8.53796
9.611
11.0631
10.5342
10.0812
10.8837
10.8669
10.8835
10.8826
7.95764
5.17775
5.17647
6.2071
4.42628
4.34011
7.81693
8.66744
11.0535
10.7039
10.11
10.8904
10.874
10.8794
10.8666
8.10775
5.30135
5.22795
5.96431
5.1804
4.78021
7.15129
7.95687
11.0329
11.0759
10.04
10.4879
10.8804
10.8826
10.87
8.31745
5.47104
5.30231
5.77994
5.75646
5.06871
6.82772
7.07833
10.5328
11.0707
10.0667
10.0953
10.8834
10.8925
10.876
8.68624
5.46243
5.31094
5.65913
5.87301
5.22911
7.15728
6.67507
9.59564
11.0601
10.1392
10.0556
10.8927
10.8995
10.8794
9.06834
5.52741
5.33076
5.54738
6.05548
5.40003
7.47754
6.55684
8.5829
11.0535
10.2039
10.0792
10.8965
10.9058
10.8794
9.6884
5.64367
5.37673
5.5083
6.27599
5.50583
7.19885
6.39518
7.56188
11.041
10.7576
10.0658
10.5808
10.8996
10.8891
10.6659
5.63677
5.41951
5.52661
6.23658
5.69484
6.90815
6.34204
6.7851
11.0269
11.0473
10.0696
10.1243
10.906
10.9306
11.4266
5.74803
5.44247
5.54707
6.21025
5.87803
6.36598
6.31532
6.25204
10.7236
11.063
10.136
10.0914
10.9115
10.947
11.2751
6.05716
5.51569
5.57655
6.22501
5.99135
6.11424
6.85762
6.18394
9.80212
11.0725
10.2006
10.0766
10.8984
10.9469
10.9048
6.18448
5.60366
5.65663
6.06998
6.08321
6.06386
7.01379
6.21629
8.67277
11.0726
10.3509
10.0914
10.8862
10.94
10.9082
6.49548
5.65356
5.63913
6.01064
6.25879
6.10206
7.1014
6.27043
7.6369
11.0791
10.7624
10.0766
10.548
10.9341
10.911
6.93371
5.66866
5.63948
5.98568
6.32088
6.15506
6.75589
6.22665
6.99735
11.0083
11.0962
10.1233
10.0881
10.8771
10.8989
7.19013
5.77704
5.65243
5.91479
6.5416
6.17752
6.33936
6.1486
6.43505
10.8947
11.0919
10.172
10.07
10.884
10.9152
7.34559
5.9914
5.65737
5.91496
6.83768
6.21394
6.19314
6.21375
6.12853
10.4535
11.0884
10.2329
10.0709
10.87
10.8833
7.51596
6.07905
5.6639
5.91074
6.88719
6.26654
6.1193
6.16478
6.17451
9.32816
11.0887
10.6855
10.0603
10.8739
10.9184
7.61803
6.26406
5.67975
5.8907
7.0582
6.36586
6.11732
5.82264
6.10448
7.82354
11.1076
11.1007
10.0396
10.4727
10.9119
7.54299
6.53209
5.72755
5.86945
7.03804
6.42661
6.07416
5.46459
5.56191
6.49704
11.095
11.1296
10.0445
10.0918
10.9082
7.66823
6.67334
5.76911
5.83769
6.92639
6.57608
6.10204
5.25288
5.06436
5.22822
11.1231
11.1424
10.079
10.0587
10.8926
8.17458
6.86026
5.92949
5.82691
6.84248
6.8372
6.15122
5.28986
4.57917
4.31558
11.1381
11.1456
10.124
10.0507
10.8769
9.03007
7.12421
6.04514
5.82327
6.83727
6.94762
6.31052
5.39385
4.33214
3.49724
11.1862
11.1712
10.6288
10.0582
10.8736
9.87823
7.14641
6.30014
5.83699
6.56562
7.1179
6.47276
5.21196
4.17426
2.78455
10.9345
11.165
11.0815
10.0504
10.5865
10.5705
7.25374
6.62098
5.89251
6.42549
7.29965
6.51909
5.59191
3.98812
2.27197
9.25004
11.1876
11.1138
10.0654
10.0775
10.8769
7.26106
6.74473
5.95621
6.29046
7.40325
6.66364
6.19868
3.70183
1.98696
7.18404
11.2323
11.1458
10.0756
10.044
10.8546
7.09435
6.7479
5.96867
6.01791
7.56714
6.80381
6.35457
3.74563
1.81021
4.96981
11.3243
11.1484
10.543
10.0497
10.855
7.5333
6.72304
5.96513
5.95394
7.76299
6.88041
6.55233
4.22439
1.73078
2.87541
11.4003
11.1867
10.9793
10.0468
10.845
8.18156
6.68873
6.07167
5.93393
7.85593
7.09887
6.62814
4.72186
1.68816
1.79567
11.6766
11.2448
10.9826
10.0309
10.5736
8.49265
6.69345
6.22493
5.94652
8.13192
7.32434
6.71004
5.56248
1.93455
1.68163
11.9705
11.2644
11.0269
10.0149
10.166
9.04566
6.73191
6.30302
5.90626
8.1662
7.39589
6.7743
6.37003
2.32081
1.61628
11.3235
11.3288
11.0713
10.047
10.1609
9.92352
6.75344
6.54231
5.81773
7.63518
7.60569
6.83534
6.63888
3.09581
1.55368
8.40991
11.4231
11.0753
10.0185
10.1296
10.2044
6.87568
6.70307
5.69973
7.18047
7.76177
6.90225
6.88883
4.0766
1.55463
5.61995
11.5458
11.1072
10.4504
10.0902
10.3912
7.1119
6.66903
5.57966
6.8081
7.74995
7.03198
6.91747
4.90238
1.61974
3.02076
12.0698
11.1356
10.8702
10.4819
10.4967
7.11771
6.78482
5.53965
6.24037
7.90687
7.20877
6.94811
5.82334
1.69431
1.74567
12.5436
11.1201
10.9436
10.4932
10.4963
7.15502
6.81471
5.49934
5.83017
8.04137
7.30117
6.97973
6.65738
2.2183
1.71802
13.4145
11.2179
10.9398
10.4455
10.4293
7.34783
6.79998
5.52427
5.65568
7.93886
7.54274
7.06984
6.98612
3.12717
1.81826
11.6768
11.2982
11.0294
10.8233
10.4385
7.29123
6.9159
5.73218
5.51175
7.97763
7.81755
7.18382
7.30112
4.11195
1.92332
8.69862
11.4784
11.1163
10.4232
10.3991
7.75729
6.89978
5.88067
5.46782
8.17002
7.77219
7.31911
7.37495
5.01383
1.93887
5.70286
12.3049
11.1288
10.8414
10.3876
8.50218
6.80898
6.26066
5.42291
8.0285
7.79747
7.52839
7.4698
5.999
1.83985
2.94698
13.0577
11.1739
10.905
10.3962
9.10945
6.8192
6.76985
5.36336
7.32915
7.78025
7.66571
7.60068
6.82913
1.94918
1.85595
13.6405
11.2131
10.9145
10.3968
9.86968
6.84285
6.97895
5.37367
6.58345
7.81238
7.95792
7.68965
7.15815
2.97887
2.01737
14.6508
11.2124
10.991
10.3845
10.1345
6.80283
6.9766
5.37661
5.7709
7.87801
7.92852
7.733
7.67567
4.07251
2.15016
12.447
11.2374
11.0722
10.7843
10.3779
6.77339
6.92736
5.38998
5.44181
7.96359
7.75687
7.75979
8.24045
5.03931
2.14007
9.24121
11.4312
11.0852
10.7873
10.3845
6.8892
6.84441
5.69092
5.39707
8.00344
7.47293
7.7952
7.96317
6.01397
2.2123
6.20259
12.0422
11.132
10.8126
10.3937
7.14271
6.98788
6.29348
5.39659
8.03682
7.1339
7.72104
7.91445
6.71021
2.30042
3.40402
12.9695
11.1779
10.8097
10.3845
7.79121
7.08277
6.7688
5.44707
8.14206
6.73983
7.4232
7.91683
6.9471
2.50852
2.45131
13.7143
11.1743
10.8792
10.7813
9.08058
7.11925
7.30109
5.54075
7.58993
6.47457
7.13775
7.94912
7.3281
3.55456
2.45149
14.3816
11.1777
10.9909
10.7813
9.78398
7.19318
7.3587
5.66122
6.7087
6.17636
6.83796
7.95907
7.92497
4.52924
2.59666
15.3947
11.3111
10.9814
10.7813
10.2481
7.28169
7.3088
5.67292
6.08744
6.02772
6.61851
7.96652
8.24102
5.67098
2.72444
14.4876
11.8457
11.0515
10.7813
10.3845
7.40413
7.21308
5.87928
5.70619
5.82056
6.19524
7.94794
8.83537
6.51621
2.90962
11.4952
12.8813
11.1177
10.7813
10.7843
7.52095
7.10829
6.12486
5.78476
5.60935
5.75851
7.47189
9.01504
6.66337
2.97746
8.44605
13.7701
11.0941
10.7875
10.7813
7.76078
7.09623
6.68549
5.8528
5.4993
5.28182
6.75111
8.39836
6.68789
3.0313
5.42597
14.5062
11.0965
10.8349
10.7813
7.9988
7.0854
7.07301
5.92675
5.41045
4.91153
5.4866
8.2551
6.7869
3.85843
3.34153
15.2885
11.192
10.8381
10.7813
8.43874
7.21947
7.04385
6.02477
5.78835
4.64415
4.74672
8.23561
6.66322
4.95398
3.08298
15.8154
11.4597
10.9048
10.7813
9.15539
7.24955
7.00151
6.15883
6.22705
4.7406
4.50951
8.1779
6.89701
5.84915
3.26868
16.184
12.5093
10.9856
10.7879
9.78537
7.47461
6.95484
6.31964
6.57255
5.41745
4.59792
8.24436
7.42784
5.82813
3.46826
13.4268
13.5817
10.9759
10.7973
10.282
7.42267
6.95204
6.4812
6.55319
5.61656
4.81704
8.22875
7.72026
5.6741
3.52238
10.2196
14.4935
11.0081
10.8001
10.6638
7.33654
6.95561
6.83136
6.65454
5.96906
5.25924
7.58147
8.41954
5.52498
3.6881
7.24718
15.4101
11.0992
10.8164
10.7871
7.36987
6.96258
6.99212
6.82045
6.3054
5.8205
7.62905
8.89626
5.3991
3.96837
4.82752
15.9825
11.2104
10.8291
10.7968
7.59235
6.92375
6.97536
6.9391
6.63442
6.49096
7.80554
8.41534
5.29663
4.24943
4.19049
16.2602
12.109
10.861
10.8033
8.32607
6.91899
6.86848
7.04729
6.94528
6.89419
7.82166
8.19277
5.21981
5.33841
4.45546
16.826
13.3671
10.873
10.8127
8.96366
6.6657
6.80759
7.13408
7.41476
7.09151
7.75287
8.17002
5.19416
5.62715
4.77485
15.0054
14.4814
10.9246
10.8449
9.79639
6.42102
6.65137
6.9777
7.64679
7.27313
7.63624
8.10914
5.1424
5.42084
4.93892
12.0536
15.6198
10.9917
10.8449
10.6045
6.31738
6.50716
6.77648
7.48586
7.51973
7.61499
7.96529
5.55769
5.55012
5.05006
9.30538
16.6693
11.0232
10.8608
10.7739
6.34962
6.10087
6.56451
7.40965
7.53711
7.68507
7.64998
6.14676
5.56326
5.21763
6.82168
17.0723
11.5736
10.8799
10.7675
7.09946
5.95619
6.3288
7.34395
7.62613
7.52116
7.28786
7.11185
5.47913
5.37775
5.56279
17.3208
12.7696
10.8831
10.7671
8.59312
5.70419
6.10987
7.16798
7.99012
7.43592
6.95663
7.38855
5.60912
5.63926
5.59789
17.6857
14.0581
10.9153
10.7963
9.4147
5.61608
5.89705
6.9482
8.13642
7.2754
6.70712
6.71094
5.24462
5.57598
5.72422
16.4335
15.4431
10.9822
10.7963
9.63114
5.4692
5.58773
6.65709
8.19501
7.14675
6.58626
6.50264
4.81292
5.55531
5.73561
13.8361
16.8178
11.0176
10.8187
9.65515
5.79012
5.40532
6.30726
7.87134
7.06593
7.01708
6.35852
4.43159
5.49686
5.81166
11.3123
17.5679
11.1935
10.8444
9.59204
6.47483
5.33463
5.87916
7.32527
7.09822
7.72104
6.25577
4.22849
4.76143
5.99721
8.79832
17.64
11.7121
10.8444
9.77576
7.75413
5.1072
5.40095
7.02852
7.19392
7.54188
6.20539
4.15824
4.28151
6.19018
6.7307
17.7344
12.8051
10.8823
10.3686
9.91802
4.9213
4.91197
6.77797
7.39586
7.454
6.09758
4.19946
4.11345
5.6836
6.33265
17.8112
14.2552
10.9396
10.7705
11.1074
4.91818
4.67233
6.13112
8.17766
7.51708
5.94667
5.15645
4.08601
5.16515
6.51388
17.9916
15.6796
10.9425
10.7738
11.0246
5.9644
4.53884
5.44734
8.48199
7.49493
5.78285
6.35704
4.30124
5.03719
6.73531
16.0632
16.9871
11.0204
10.8059
10.7735
7.64665
4.34332
4.81674
7.4345
7.66877
5.69651
6.73138
4.71702
4.91749
6.82823
13.6882
18.0282
11.152
10.8156
10.78
9.87996
4.1073
4.11488
6.53542
8.01423
5.84978
6.26865
5.23162
4.72573
7.01346
11.3989
18.2168
11.4304
10.8476
10.7957
12.4742
4.54962
4.01519
5.68945
8.36677
6.9512
5.64035
5.56445
4.50356
7.26189
9.27911
18.2821
12.5419
10.8665
10.809
14.8156
5.85374
3.93495
4.45404
8.56321
7.07121
5.74785
5.57699
4.306
6.2733
7.98396
18.3151
13.8908
10.8635
10.8247
15.1288
7.99295
3.58547
3.53591
7.49813
6.53742
5.96187
5.48987
4.17147
5.33057
7.81975
18.3788
15.2988
10.9021
10.8345
13.515
10.4803
3.92877
3.38206
6.03745
6.04055
6.233
6.16397
4.08822
4.34265
8.06022
18.0215
16.8289
10.956
10.8538
12.0648
13.0755
5.41078
3.50535
4.99383
5.59084
6.55233
6.90562
3.99804
4.02056
8.26742
16.0372
17.9586
10.9594
10.8664
11.1875
15.2504
7.24222
4.0658
4.69685
5.33582
6.8239
7.19717
4.29592
3.90564
8.37048
14.0477
18.431
11.3921
10.8798
10.8793
16.8196
9.4268
5.29776
5.23023
5.33566
7.03143
7.84037
4.94009
3.80274
8.45807
11.913
18.5413
12.6062
10.8837
10.8858
17.8116
12.0305
7.05501
6.8748
5.91193
6.78076
8.43894
5.37532
3.68511
8.03967
9.79445
18.5716
14.0462
10.8892
10.8988
18.1819
14.1113
8.9006
8.60898
6.87475
6.75697
7.57777
5.78249
3.62505
6.76735
8.82451
18.5162
15.5109
10.8721
10.8704
16.8921
15.5588
10.6908
10.0857
7.94505
6.98224
7.31518
6.25968
3.59517
5.45611
8.63505
18.4363
17.037
10.8332
10.8486
15.3082
16.9125
12.3301
11.1928
8.66183
7.72165
7.2623
6.59354
3.55556
4.52258
8.46124
17.9159
18.2801
10.8518
10.789
13.6531
18.1161
13.6161
11.6962
9.17014
8.30356
7.24766
7.30089
3.51985
3.68676
8.45319
15.9096
18.5586
11.1412
10.7868
12.2063
18.8242
14.9774
12.0559
9.84329
8.66297
7.32534
8.30724
3.52322
3.49336
8.4688
13.7584
18.4132
12.2118
10.863
11.2973
18.8397
16.4139
12.6308
10.7661
8.85573
7.40013
9.01377
4.0396
3.50308
8.54456
11.7216
18.487
13.895
10.8757
10.9279
18.7391
17.6476
13.6438
11.7143
8.93575
7.53305
8.84804
4.93126
3.58191
8.46106
9.96648
18.558
15.4557
10.851
10.9279
18.3722
18.5504
14.9894
12.9942
9.00303
7.69461
8.55635
5.5419
3.71887
7.96919
8.97124
18.6264
16.9547
10.8419
10.8935
17.094
19.1211
16.3906
14.4291
9.08361
7.92878
8.09976
6.57532
3.89875
6.80972
8.84176
18.6867
18.3204
10.8381
10.8545
15.6351
18.9079
17.7136
15.7673
9.5233
8.19209
8.15707
8.07294
4.14317
5.89314
8.88737
17.9392
18.9011
10.905
10.883
14.064
18.7558
18.7736
17.0543
10.8721
8.80103
8.2899
9.28183
4.43589
5.25468
9.01336
16.1068
19.0063
11.8112
10.9153
12.4643
18.7129
19.1625
18.2187
12.8323
9.03899
8.36494
10.423
4.77196
4.69586
9.01485
14.1882
19.2599
13.4131
10.9228
11.3937
18.6023
19.0283
19.1303
15.0127
8.92121
8.35547
10.9026
5.27785
4.94038
8.9441
12.1714
19.1869
15.0208
10.9196
11.0533
18.068
18.9695
19.3676
17.139
8.85807
8.29466
9.92012
6.53096
5.21776
8.90356
10.4827
19.1098
16.6584
10.9216
10.9634
16.7862
18.8426
19.1743
18.8892
8.98255
8.17908
8.99434
7.82752
5.5115
8.89023
9.54031
19.1029
18.1377
10.9457
10.9428
15.2231
18.7209
19.0476
19.3879
9.81431
8.01116
8.36317
8.59236
5.93883
8.87811
9.09271
18.7836
18.9381
11.0261
10.8274
13.8254
18.6693
18.8985
19.284
10.7945
7.85236
7.79852
9.35947
6.45858
8.69581
8.94542
16.9626
19.2118
11.5513
10.7649
12.4844
18.6021
18.838
19.1695
11.5593
7.74704
7.61594
9.3166
7.02038
8.19148
8.94829
14.7352
19.4129
12.8176
10.844
11.4271
18.5762
18.7878
19.1334
12.591
7.98837
7.53767
8.97359
7.5617
8.10085
9.01567
12.939
19.2145
14.5529
10.9039
11.1765
18.571
18.7325
19.1526
13.9595
8.44296
7.56678
8.8444
7.94399
7.95323
9.07094
11.0776
18.2909
16.2396
10.9366
11.2501
18.3166
18.6899
19.1712
14.9692
9.01748
7.68239
8.90561
7.98808
8.09789
9.13852
9.48028
15.8116
17.8247
10.9425
11.1062
18.1312
18.6835
19.0834
15.7534
10.2694
7.89964
8.65003
7.5117
7.95004
9.2321
8.93782
12.5582
19.1465
10.9571
10.9728
18.1068
18.6451
19.0152
16.5922
12.1004
8.12255
8.62556
6.89508
7.38324
9.32898
8.0672
9.50285
18.6355
11.0162
11.0368
17.828
18.5878
19.0269
17.1931
14.0304
8.28295
8.6689
6.30828
6.67617
9.44625
6.60366
6.87098
15.8828
11.6619
11.0612
16.9323
18.5269
18.9552
17.8959
12.9392
8.39567
8.46451
5.85207
6.09062
9.59573
5.75008
5.2295
12.4935
13.1584
11.0682
15.813
18.2832
18.8509
17.9715
11.7809
8.62241
8.54357
5.61988
5.58925
9.49064
6.67831
4.20281
9.11037
14.843
11.0521
14.4263
17.3885
18.6575
17.5135
11.0573
9.17154
8.63189
5.55482
5.50861
8.61047
7.88068
3.46398
5.78523
16.6223
11.0315
12.8932
16.5099
18.5334
16.7364
10.7886
9.83728
8.78559
5.91339
5.49466
7.24316
9.16929
2.7675
3.11706
18.413
10.9837
11.6949
15.499
18.5494
15.9128
10.6908
10.4084
8.92835
6.78469
5.4636
6.23861
10.0582
2.57886
2.23837
15.1151
10.9332
11.0901
14.6807
18.4773
15.2973
10.8639
11.1816
9.09694
7.54445
5.28723
5.63545
10.118
2.89848
2.12114
11.5984
11.0374
10.9071
14.2569
18.3952
14.8202
11.0951
12.1811
9.29908
8.81232
5.07466
5.06603
10.1559
3.30586
1.92674
7.99399
11.5399
10.9102
14.287
18.1972
13.4557
10.7003
11.8018
9.57345
9.54815
4.78107
4.70371
9.75055
4.06872
1.83154
4.51851
12.9805
10.8952
14.0983
17.742
11.6617
10.0813
11.5305
10.0648
9.68404
4.57265
4.29426
8.08884
5.27944
1.84122
2.34966
14.7769
10.8871
13.6919
17.2941
10.3419
9.80822
11.1698
10.4839
9.80718
4.85447
3.98889
6.45444
6.62931
1.84805
1.93479
16.5171
10.8794
12.9813
16.8434
9.62152
9.56809
10.8199
11.0569
9.98867
5.24178
3.88346
5.24348
7.76852
1.99929
1.95531
14.3796
10.9263
12.1365
16.3899
9.8359
9.04152
10.268
11.3973
10.092
6.33068
3.82839
4.32641
8.92291
2.32789
2.09298
11.0985
10.954
11.4875
15.9745
11.5701
8.96788
9.85412
11.4918
10.1394
7.91111
3.91359
4.17487
9.71468
2.61263
2.16928
7.78065
10.9926
11.0801
15.6173
14.2442
9.00744
9.7699
11.8623
10.3067
9.05986
4.14025
4.08985
9.77869
2.94869
2.14615
4.6229
11.6014
11.0233
15.227
15.5132
9.03741
9.75059
12.6539
10.5797
9.89689
4.43983
4.0523
9.88621
3.50205
2.05079
2.89179
12.8801
11.0399
14.8237
15.1302
9.03734
9.86975
14.0457
11.0778
10.1815
4.6923
4.01882
8.44007
4.11477
1.90231
2.40643
14.6709
11.0665
