4.56163
16.0023
14.3578
8.92292
3.65121
20.1834
14.7293
3.94461
8.68298
13.5633
18.7196
3.64388
43.4819
11.3168
4.66922
3.55781
12.2672
22.0406
3.75131
17.8916
13.5437
19.6861
2.79107
13.5939
16.493
2.86776
4.97224
15.5972
18.5071
3.75179
37.5374
18.2796
17.5864
6.05337
20.519
16.7223
5.33056
26.0202
21.9916
18.4283
8.92242
19.2148
20.075
9.42909
11.1226
16.2608
16.894
12.8293
36.312
8.69061
21.2808
14.473
4.96967
4.62118
15.9751
24.9689
3.57785
12.3058
13.8251
15.5837
4.00145
35.5307
13.1731
3.65173
5.78705
12.3515
22.1471
3.58876
34.1089
11.9666
9.70024
2.75018
13.3867
21.9401
3.00526
10.1862
13.7244
19.9331
2.54531
20.6304
16.2932
9.61485
2.90211
18.0938
17.5225
5.36176
39.1981
20.7263
16.6849
5.23237
21.7948
18.349
8.30747
16.3127
19.1732
20.0913
9.97982
23.6018
15.9358
19.6312
13.0028
8.63071
10.762
13.9967
46.5524
4.61032
17.7185
14.7012
7.31931
3.68
18.0148
13.9368
4.24596
9.27126
12.2677
19.2495
3.70854
46.3384
13.4941
3.5848
3.99915
12.3139
23.1503
2.56275
23.1459
13.2541
18.3517
2.34272
14.2448
19.9413
2.3257
6.66407
15.9771
18.4687
3.26743
30.8972
18.2727
17.2542
5.75627
21.1868
17.1277
5.48361
28.2221
21.8154
18.8786
8.49436
19.6047
20.494
10.0448
11.1016
15.6311
17.4653
12.1122
31.9057
8.21621
22.9052
12.7495
4.48802
5.3281
13.7332
31.6038
3.82657
13.3578
15.3196
13.9698
4.03945
29.3584
12.3337
3.58887
6.08829
11.649
21.5541
3.47977
39.4763
12.9545
7.71197
3.12691
13.3747
23.4289
2.28575
13.564
14.0554
19.9771
2.45519
18.2645
15.5588
5.30835
4.10974
18.6395
17.0475
6.76733
44.815
20.6896
17.4099
6.4261
21.8046
