4.72745
16.4961
14.4939
8.96379
3.54008
20.9907
15.5673
4.07136
9.10768
13.6861
18.7742
3.73558
44.2852
11.4678
4.81341
3.65469
12.9585
22.547
3.97302
18.0517
13.7378
20.3932
2.85696
13.89
16.529
2.95509
5.08161
15.8199
19.1113
3.83309
39.5672
18.6833
18.1124
6.26668
20.8069
17.5374
5.30086
26.3856
22.3526
19.0805
9.23351
19.8761
20.6711
9.50204
11.4083
17.6732
17.6545
11.7453
37.9574
9.72711
21.7247
14.7719
5.2858
4.84457
16.1969
25.1028
3.44696
12.6486
14.5512
15.5748
4.12715
37.0997
13.8676
3.7484
5.99847
12.5167
22.335
3.58541
34.6177
12.3332
9.90538
2.9006
13.8867
22.9985
2.98744
10.1793
13.9366
21.2473
2.52705
21.7444
16.6085
9.9782
2.86352
18.3935
18.321
5.52273
39.8437
21.0313
17.2969
5.3723
22.3782
18.7864
8.70217
16.7461
19.7341
20.5606
10.0487
24.4426
17.2441
17.6257
11.8373
9.83367
11.1614
14.2742
47.1219
4.92174
18.2033
14.9924
7.30739
3.57797
19.4526
14.3372
4.34758
9.53019
12.8352
19.3643
3.73737
47.0982
14.0374
3.58336
4.04864
12.6936
23.4448
2.5482
23.1061
13.7468
18.7809
2.52702
14.4549
20.2833
2.31497
6.5338
16.3459
18.8873
3.15178
32.681
18.6331
17.9063
5.65857
21.8268
17.4504
5.53216
28.7639
22.4504
19.2153
8.95928
20.3341
21.0407
10.1082
11.3379
16.7635
18.2719
12.1053
33.234
9.38975
23.333
13.0668
4.72792
5.52021
14.0357
32.0465
3.75039
14.0514
15.4772
14.0736
4.17182
30.9826
12.5579
3.69588
6.58652
12.1954
21.876
3.58021
40.1339
13.2691
7.93931
3.14804
13.752
24.4385
2.3781
13.5984
14.4886
20.6678
2.57852
18.8453
15.8708
5.40944
4.07399
18.833
17.6616
6.69929
45.3672
21.254
17.8287
6.32048
22.3863
