5.37728
18.4604
16.5118
10.3701
4.17801
23.5455
17.2795
4.60342
9.96474
15.6837
21.588
4.17722
50.2037
13.1455
5.45799
4.09727
14.5003
25.4756
4.368
20.663
15.7312
23.0117
3.15964
15.9822
19.1619
3.32325
5.79651
18.2771
21.3364
4.32256
44.4526
21.4407
20.147
7.1116
23.8675
19.4746
6.37843
29.8485
25.5023
21.385
10.4867
22.5263
23.2972
10.8092
12.8957
19.2503
19.6858
14.2034
42.5406
10.4642
24.4721
16.7394
5.88644
5.45588
18.372
28.4766
4.09576
13.9714
16.126
18.0561
4.62787
41.6634
15.5023
4.13311
6.52963
14.2813
25.7057
4.00451
39.2457
13.9501
11.4157
3.12767
15.6684
25.8468
3.37583
11.5809
16.039
23.6274
2.92875
24.4042
19.1059
11.3212
3.24169
21.168
20.4779
6.14744
44.9988
24.1722
19.3032
6.37805
25.3859
21.1733
9.86751
18.8474
22.4249
23.3061
11.5196
27.6991
19.0109
21.5462
14.4955
10.6299
12.5174
16.1693
53.4677
5.52226
20.5915
17.0473
8.44851
4.21589
21.4219
16.0873
4.96925
10.7297
14.3939
22.2439
4.29691
53.5388
15.9372
4.10629
4.59514
14.3474
26.6247
2.87974
26.4802
15.5867
21.447
2.77366
16.6776
23.1602
2.64783
7.56703
18.7464
21.3151
3.62654
36.7245
21.3044
20.0499
6.5001
24.7308
19.72
6.5109
32.464
25.3503
21.7248
9.93063
22.9897
23.7426
11.4842
12.7227
18.5257
20.4892
13.8634
37.3824
10.0356
26.307
14.7579
5.32799
6.21823
15.9542
36.1953
4.43328
15.5382
17.5275
16.1802
4.76068
34.7713
14.2283
4.18352
7.17969
13.7019
25.0773
4.05735
45.4748
14.9888
9.09153
3.57846
15.6116
27.4599
2.63333
15.5449
16.5012
23.336
2.92659
21.3624
18.2459
6.20151
4.6551
21.7272
19.8624
7.67725
51.2531
24.1375
20.1557
7.35551
25.2903
