4.46005
7.43082
7.06219
3.64719
4.16338
4.43179
5.41326
5.49885
6.75105
4.57546
7.64341
9.37248
4.41384
3.51755
3.63616
4.41554
7.59625
7.20627
3.62342
3.94453
4.35602
5.19194
5.48392
6.04155
4.64668
6.51025
9.32222
4.7523
3.56819
3.56272
4.57222
7.57809
7.22098
3.70952
3.62033
4.33347
4.87411
5.46724
5.53766
4.91111
5.64793
9.39464
5.33155
3.38432
3.44641
4.55001
7.68198
7.206
3.74196
3.60789
4.31009
4.61926
5.77567
5.50113
5.17232
5.50016
9.33399
5.95477
3.21435
3.25778
4.68391
7.63794
7.2122
4.25993
3.60695
4.30313
4.58234
5.99141
5.41382
5.51053
5.61088
8.98967
6.93475
3.06673
3.02568
4.74193
6.93174
7.23634
5.00564
3.58271
4.28468
4.45296
5.36973
5.4599
6.20273
5.88967
8.48399
7.77783
2.89091
2.87488
4.78155
5.88856
7.24839
5.70174
3.58795
4.28431
4.37465
5.22658
5.43137
5.54839
6.18485
8.14585
8.01702
2.97426
2.80772
4.8156
5.09522
7.23113
6.43768
3.57214
4.16537
4.37362
4.95212
5.53815
5.42547
6.32526
7.52069
8.026
3.36261
2.64464
3.93051
4.86819
7.2342
6.92445
3.58058
4.04712
4.33763
4.72001
5.83488
5.51646
6.37751
6.95936
7.93794
3.86248
2.74131
3.04069
4.83571
7.32112
7.1053
3.54985
3.79433
4.29823
4.65573
5.47994
5.44953
6.13863
6.61727
7.6957
4.39005
3.09764
2.755
4.76613
7.50518
7.2054
3.68244
3.52925
4.29665
4.50758
5.08751
5.36335
5.5149
6.32851
7.57723
4.97462
3.47603
2.97114
4.68155
7.65909
7.20606
3.7644
3.5012
4.24284
4.4649
5.01517
5.39856
5.17313
5.99284
7.46108
5.26331
4.10959
3.44824
4.55468
7.84072
7.20553
4.31972
3.47353
4.22372
4.46278
4.82653
5.46436
4.9913
5.53601
6.68334
5.50265
4.91143
4.03078
4.39348
7.84049
7.185
5.11707
3.45531
4.2241
4.40187
4.71578
5.55276
4.79283
5.10272
6.10964
5.62349
5.49196
4.55741
4.17713
6.45608
7.48219
5.83458
3.44872
4.18742
4.35234
4.70053
5.2206
4.6424
4.76753
5.8115
5.55969
5.54423
5.11611
3.95536
5.2104
7.5869
6.55233
3.44268
4.04466
4.32701
4.61989
5.07758
4.57715
4.55287
5.33081
5.48299
5.3114
5.55737
3.73434
4.12405
7.71328
6.96832
3.44269
3.89186
4.29332
4.55189
5.00115
4.70261
4.41258
5.20958
5.34148
5.10232
5.89533
3.67836
3.52637
7.85307
7.0937
3.4369
3.67326
4.2678
4.55179
4.81119
4.77304
4.35325
5.18668
4.96148
4.81112
6.14239
4.46266
3.32424
8.01956
7.19431
3.57708
3.43675
4.25495
4.46947
4.72873
5.20274
4.30701
5.26582
4.71181
4.65165
6.27848
4.76059
3.14878
8.09826
7.32456
3.73595
3.40518
4.21656
4.37023
4.69542
5.11408
4.4304
4.93548
4.60808
4.53878
6.28889
4.71884
2.94395
8.17994
7.4405
4.35019
3.37172
4.15016
4.37634
4.65795
4.98195
4.54335
4.74
4.63868
4.58223
6.03316
5.05324
2.79245
8.73434
7.55236
5.10907
3.36876
4.11893
4.31369
4.61844
4.9292
4.59012
4.63383
4.7394
4.75767
5.71936
5.57904
2.69534
7.19093
7.70477
5.79797
3.38067
4.06122
4.2734
4.60972
4.85125
4.71492
4.59275
5.08341
4.8686
5.3108
5.86438
2.66299
5.39968
7.80434
6.55821
3.40503
3.87451
4.26969
4.53101
4.77527
4.97082
4.5676
4.92771
4.73826
4.88552
5.95357
2.66765
3.71637
7.83128
7.29536
3.41172
3.73037
4.227
4.48002
4.76837
5.04606
4.55543
4.73668
4.7347
4.66411
5.65166
2.70462
3.04558
7.87008
7.60133
3.42096
3.57389
4.16613
4.4704
4.69184
4.9992
4.69558
4.71197
4.85369
4.72978
5.35733
3.49527
2.71959
8.28162
7.77607
3.54262
3.42116
4.14802
4.40553
4.61343
5.02006
4.92181
4.84767
5.27673
4.88928
5.0104
4.0035
2.72286
8.73276
7.84106
3.74681
3.42142
4.03794
4.36164
4.58877
4.93376
5.07169
4.85781
5.29599
5.10519
4.76767
4.12998
2.72603
9.12005
7.87382
4.98631
3.44575
3.93741
4.34533
4.53228
4.88137
5.05626
4.87609
4.92286
4.98753
4.59633
4.48572
2.72861
7.82447
7.90092
6.01629
3.44797
3.93151
4.25488
4.4886
4.87547
5.0931
4.83392
4.80538
4.80926
4.5748
4.87371
2.62794
5.74692
7.91736
7.01899
3.46697
3.8637
4.16956
4.47625
4.76308
5.13136
4.89334
4.63939
4.91655
4.60411
5.07478
2.58847
3.87186
8.17213
7.78534
3.28506
3.74397
4.148
4.4729
4.66237
5.14727
5.29225
4.56849
4.91805
4.65681
5.40739
2.70948
3.08406
8.52036
7.90808
4.13966
3.64342
4.04071
4.41838
4.65646
5.0713
5.25728
4.56477
4.6014
4.62862
5.29768
2.85134
2.80151
8.81346
7.89722
4.51258
3.53769
3.93594
4.40885
4.56372
4.9975
5.23277
4.68325
4.63228
4.49959
5.05787
3.99692
2.90522
8.78447
7.89537
5.37392
3.83196
3.92547
4.32497
4.51961
4.97679
5.24531
4.90599
4.65412
4.19129
4.81062
4.85722
3.01497
8.67062
7.90039
6.26065
3.77263
3.84095
4.20286
4.53389
4.87049
5.23054
5.25089
4.54238
3.93805
4.65721
5.22287
3.15761
8.82034
7.91892
7.18818
3.95385
3.84309
4.14479
4.51443
4.76372
5.21801
5.30022
4.64403
4.05755
4.47534
5.76644
3.27798
7.93342
7.93718
7.50787
4.01126
3.82892
4.03126
4.45439
4.74826
5.14127
5.27307
4.88648
4.2221
4.34103
6.02126
3.38167
6.19054
7.74235
7.80462
4.88455
3.82591
3.91358
4.44752
4.66454
5.07789
5.28673
5.1855
4.64283
4.35729
5.86196
3.49114
4.9026
7.54748
7.42794
5.73568
3.81348
3.85544
4.31879
4.59282
5.07453
5.28204
5.44049
5.04012
4.71887
6.17778
3.57688
3.95399
7.93248
7.27692
6.5543
3.82773
3.82988
4.15092
4.59
4.95854
5.21805
5.39846
5.28504
5.16361
6.15938
3.95923
3.62212
8.22076
7.35298
7.30172
3.82534
3.82639
4.10841
4.53747
4.83621
5.19023
5.35892
5.6018
5.55041
6.02939
5.3272
3.67816
8.77755
7.5697
7.94578
4.89029
3.82988
3.97321
4.45264
4.82026
5.14098
5.34822
5.52499
5.74077
5.86453
6.16413
3.74493
9.48628
7.87258
7.92924
5.77245
3.82639
3.85544
4.40034
4.71609
5.08929
5.3401
5.43526
5.81129
5.79216
6.16783
3.84882
8.89425
8.0777
7.94634
6.60322
3.82988
3.85748
4.25211
4.6388
5.06506
5.35793
5.41963
5.62875
5.7467
6.1448
3.97393
7.48016
8.5117
7.94881
7.36273
3.83759
3.82639
4.08679
4.6133
5.00171
5.34633
5.35673
5.47625
5.79301
6.05028
4.08011
6.20569
8.86205
7.93449
7.99361
4.18037
3.82373
4.02937
4.5121
4.89713
5.28426
5.35306
5.46081
5.84314
5.9513
4.11803
5.25462
9.51326
7.92988
7.99955
4.69926
3.8141
3.89093
4.37651
4.85441
5.21744
5.34971
5.4375
5.80605
5.91315
4.14953
4.58939
9.9378
7.939
8.01179
5.56266
3.82085
3.83328
4.32376
4.74001
5.21432
5.35144
5.42531
5.82904
5.79689
4.35776
4.177
9.84073
7.93995
8.00507
6.41787
3.8223
3.8081
4.14675
4.65011
5.15725
5.34977
5.4281
5.74463
5.74243
5.64806
4.04782
9.90666
8.07797
7.94959
7.1973
3.96291
3.81133
4.00155
4.62251
5.08015
5.34907
5.42098
5.69614
5.73164
6.24405
3.99773
10.0136
8.16783
7.97418
7.78876
4.25251
3.81946
3.9513
4.53292
5.06792
5.29401
5.42111
5.66582
5.71156
6.17028
4.15072
9.98291
8.78643
7.98126
8.00589
5.11444
3.81846
3.84675
4.39962
5.02777
5.24292
5.41762
5.56706
5.72161
6.15802
4.14132
8.77899
9.41389
7.99628
8.01725
5.98789
3.81332
3.79679
4.34736
4.92771
5.24556
5.41431
5.5009
5.72704
6.02085
4.10411
7.14646
9.70505
8.02901
8.06533
6.86561
3.83424
3.79547
4.18487
4.90214
5.21751
5.38328
5.47641
5.74655
5.84447
4.21157
5.79281
9.82063
8.03763
8.08363
7.64329
3.81633
3.78139
4.01052
4.83374
5.17502
5.3745
5.4356
5.67595
5.80432
4.22734
4.7022
9.74
8.0595
8.12852
8.06386
4.54999
3.77452
3.94342
4.71965
5.19698
5.33868
5.4209
5.62662
5.70226
4.3432
4.23418
9.73366
8.0735
8.07586
8.09383
5.43527
3.77094
3.84038
4.67963
5.14148
5.29169
5.40529
5.51946
5.68422
5.59973
4.24061
9.77684
8.32461
8.0819
8.12435
6.30848
3.7914
3.78364
4.49527
5.0556
5.30134
5.39949
5.42183
5.67817
6.16455
4.30358
10.192
8.52315
8.08439
8.15182
7.15266
3.77063
3.7587
4.24469
5.07096
5.29452
5.3911
5.40334
5.67893
6.13122
4.3376
10.3971
9.04479
8.08073
8.17656
8.10261
4.319
3.76579
4.11833
4.94676
5.29413
5.39907
5.39998
5.61093
6.10673
4.34072
9.35254
9.42725
8.0871
8.22602
8.17257
5.26202
3.70763
3.8832
4.78673
5.31306
5.40775
5.40583
5.58933
5.92851
4.34687
7.59883
9.30864
8.10816
8.20138
8.19162
6.14681
3.67672
3.71573
4.7412
5.30854
5.41092
5.40676
5.51164
5.74134
4.24669
6.06915
9.23604
8.11911
8.15323
8.18845
7.01098
3.74281
3.63633
4.48854
5.27405
5.39857
5.43353
5.46081
5.72856
4.19003
4.65503
9.50144
8.12189
8.14989
8.19465
7.86257
4.21466
3.5941
4.19787
5.28045
5.3961
5.40548
5.4583
5.57835
4.34617
4.11443
9.73372
8.32529
8.13605
8.19989
8.16035
4.71832
3.55201
4.0762
5.17802
5.39883
5.39922
5.44492
5.52249
5.615
4.05121
10.1565
8.63946
8.12919
8.19142
8.16664
5.6729
3.53375
3.85352
4.95782
5.38224
5.39318
5.45909
5.48849
6.07652
4.12358
10.7675
8.71565
8.1168
8.20481
8.18835
6.56845
3.52983
3.60931
4.83412
5.35761
5.38698
5.4465
5.44611
5.97078
4.0889
9.71664
8.78918
8.10249
8.10678
8.19151
7.43341
3.53399
3.5996
4.55971
5.32342
5.38133
5.47392
5.41588
5.95129
4.02001
7.87712
9.09099
8.0857
8.09718
8.18945
7.78178
3.57425
3.53304
4.18041
5.28958
5.38163
5.43367
5.37598
5.74538
3.84998
6.00402
9.57135
8.09612
8.08269
8.18603
8.20633
3.71932
3.52305
4.03724
5.15273
5.38787
5.41816
5.35496
5.51835
3.78999
4.62507
10.1662
8.24022
8.07361
8.17025
8.20644
4.2891
3.5668
3.79869
4.91457
5.39418
5.38406
5.34193
5.46944
3.8657
4.02838
10.7892
8.27926
8.07975
8.14686
8.18885
5.19396
3.5445
3.61071
4.76955
5.40011
5.36265
5.33866
5.32165
4.32372
3.98669
11.0827
8.68931
8.05255
8.10711
8.18018
6.10677
3.53677
3.53616
4.44656
5.37787
5.34163
5.4355
5.29979
5.55077
3.92109
11.1854
9.11683
8.042
8.09476
8.16798
6.95319
3.52944
3.47863
4.02807
5.35172
5.35328
5.45701
5.29008
5.83541
3.70465
11.2025
9.61326
8.03809
8.0739
8.15548
7.78193
3.99146
3.42093
3.84856
5.20047
5.33825
5.47164
5.28408
5.65323
4.0521
10.1802
10.292
8.07386
8.06383
8.15216
8.06954
4.87012
3.37181
3.57954
4.96377
5.33476
5.40334
5.287
5.61893
4.18778
8.63163
10.899
8.11948
8.06229
8.11925
8.05119
5.79223
3.3464
3.34097
4.78726
5.33475
5.35942
5.29023
5.46079
4.07524
7.08153
11.0802
8.61775
8.06969
8.08891
8.02726
6.71113
3.33316
3.28304
4.42223
5.37158
5.38678
5.29905
5.33175
3.95328
5.65573
11.7043
9.28427
8.05433
8.0859
8.00193
7.50072
3.39596
3.24539
3.89144
5.37722
5.40797
5.30847
5.3564
3.92238
4.37311
11.7039
9.78051
8.04883
8.06111
7.97828
8.03763
4.02273
3.15954
3.58721
5.27541
5.45358
5.40191
5.33028
4.18109
4.07042
11.5695
10.5846
8.05617
8.04649
7.97218
7.97373
4.97446
3.0695
3.2413
5.0396
5.47876
5.50787
5.35194
5.38181
3.8151
10.6032
11.2681
8.05313
8.05149
7.98399
7.99212
5.93188
3.0597
2.99149
4.89149
5.52257
5.48129
5.36393
5.68232
3.52779
10.0435
11.0819
8.18381
8.04874
8.01656
7.99632
6.82747
3.0676
2.91127
4.63537
5.49185
5.4907
5.3616
5.66659
3.1809
8.32546
10.9848
8.52181
8.04282
8.05437
7.9877
7.75823
3.45447
2.8548
4.02162
5.48828
5.48531
5.36765
5.66681
3.34871
6.05193
10.821
8.79758
8.04898
8.05704
7.99073
8.04244
4.5208
2.76863
3.55738
5.32084
5.46433
5.3735
5.62529
3.66063
4.81708
10.8305
9.49223
8.04037
8.06073
8.00287
8.03951
5.55172
2.73336
3.1513
5.11645
5.46425
5.3675
5.48217
3.79659
4.36473
10.7859
10.0774
8.04668
8.03321
8.00567
8.05134
6.53085
2.72819
2.74018
5.06403
5.46491
5.37564
5.49367
3.64649
3.82097
10.7566
10.4566
8.14806
8.01894
8.03336
8.08495
7.441
2.64517
2.73241
4.8936
5.45555
5.36623
5.37374
4.00171
3.54652
10.0762
10.5752
8.392
8.00764
8.07559
8.07277
8.06913
3.29432
2.69905
4.68629
5.55447
5.3603
5.36666
5.1778
3.64191
9.97033
10.4045
8.60716
8.01888
8.0906
8.12129
8.0783
4.46786
2.69061
4.52792
5.38857
5.34782
5.36085
5.7187
3.73668
9.94323
10.4603
9.25102
8.03551
8.09393
8.15485
8.08707
5.59684
2.86061
4.21224
5.23978
5.33517
5.34312
5.73656
3.78103
9.15377
10.7503
9.75728
8.0414
8.05478
8.19203
8.09337
6.63093
3.10892
3.72098
5.24272
5.34394
5.3277
5.73377
3.76497
7.77554
10.5458
10.1805
8.04519
8.04413
8.22538
8.1152
7.65288
3.40941
3.40865
5.15158
5.34656
5.3059
5.59272
3.8175
6.41132
9.95107
10.4893
8.08581
8.03396
8.23723
8.12482
8.09929
4.2451
3.81519
5.00269
5.34924
5.29093
5.39653
3.84844
5.24647
10.0611
10.434
8.34541
8.04598
8.23821
8.15389
8.12382
5.20586
4.04679
5.01413
5.48511
5.28196
5.3777
3.82939
4.22727
10.2662
10.4484
8.69138
8.0794
8.25045
8.22151
8.12124
6.27927
4.7098
4.96115
5.4346
5.30085
5.26267
4.06398
3.94125
10.46
10.9998
9.15265
8.10804
8.20213
8.25248
8.11842
7.30844
4.62249
4.86053
5.40958
5.34332
5.23869
5.26114
3.97467
10.666
10.7849
9.69096
8.18862
8.18268
8.31507
8.13973
8.12377
5.29235
5.02111
5.25301
5.3236
5.2087
5.67657
3.88936
10.8353
10.7849
10.361
8.28697
8.24035
8.33708
8.14811
8.12377
5.94916
4.90242
5.11876
5.33639
5.1931
5.58132
3.80104
10.0175
10.735
10.486
8.5722
8.2648
8.34459
8.18104
8.13006
6.63555
5.01426
5.09745
5.35259
5.15581
5.58762
3.74439
8.15245
10.7593
10.5737
9.1846
8.3025
8.3533
8.26392
8.13636
7.39802
4.92401
5.04916
5.35892
5.13174
5.4425
3.91073
6.49808
10.71
10.959
9.70725
8.31752
8.33603
8.29744
8.13859
8.13195
5.6234
5.03272
5.34305
5.11389
5.24352
3.92724
5.41411
10.7861
11.1736
10.4412
8.37504
8.34159
8.38318
8.14841
8.14142
5.91998
4.9302
5.35344
5.11424
5.24958
3.93368
4.37092
11.0032
11.3146
10.7067
8.46113
8.33882
8.3813
8.15747
8.16386
6.48709
5.05505
5.2079
5.11826
5.11424
4.06897
4.00378
11.1732
11.3014
10.8255
8.88264
8.33253
8.36955
8.1875
8.16971
7.13203
4.93279
5.17603
5.2032
5.10169
5.25082
4.02598
10.9752
11.2516
10.9842
9.42464
8.34466
8.37545
8.25199
8.17566
7.69241
5.16126
5.11243
5.20008
5.09778
5.67598
3.96033
10.2273
11.2945
11.068
9.83437
8.38644
8.35353
8.26964
8.18483
7.6987
5.19588
4.96283
5.2708
5.08543
5.5782
3.79679
9.01672
11.323
10.9764
10.302
8.60678
8.36053
8.31885
8.19112
8.06692
5.60534
5.11111
5.2601
5.0959
5.56948
3.64903
7.15014
11.4128
10.8458
10.4583
8.81772
8.35037
8.34912
8.20009
8.16313
6.16828
5.03574
5.16889
5.10418
5.39682
3.54559
5.25754
11.6663
10.9022
10.4619
9.34836
8.33243
8.34368
8.21818
8.2005
6.77654
5.08175
5.16505
5.08594
5.20066
3.61807
4.18586
11.2446
10.7588
10.5338
9.91432
8.35071
8.32951
8.2673
8.20029
7.31337
5.00917
5.08506
5.08669
5.19704
3.69985
3.94426
10.0736
10.6947
10.4724
10.2418
8.52042
8.32286
8.27588
8.19385
7.93568
5.66831
5.12386
5.10653
5.09222
4.02061
3.77599
9.59291
10.9027
10.4165
10.4614
8.8153
8.3078
8.319
8.18765
7.95145
6.34798
5.02788
5.20861
5.07632
5.19962
3.79482
9.35403
11.0315
10.5863
10.438
9.05555
8.31443
8.31616
8.18503
8.0586
6.84208
5.18355
5.20634
5.06484
5.5999
3.82942
9.17856
10.4451
10.6691
10.3641
9.5563
8.38341
8.31899
8.188
8.1202
7.42397
5.08228
5.21579
5.07469
5.48097
3.85137
9.02957
9.19427
10.6203
10.3193
10.0948
8.43648
8.29817
8.20668
8.11678
7.9159
5.7331
5.20345
5.0821
5.45911
3.85837
9.08993
8.84644
10.7098
10.1305
10.0532
8.72272
8.3009
8.20624
8.14171
7.92508
6.37366
5.09717
5.06328
5.28926
3.84185
8.85853
8.59205
10.9284
9.89279
9.82232
9.05861
8.28982
8.2395
8.14815
7.91882
6.91881
5.21855
5.04911
5.13256
3.83948
8.30272
8.47299
10.2435
9.92402
9.63808
9.32634
8.28762
8.25818
8.13264
7.91956
7.56588
5.12008
5.04897
5.11969
3.84214
6.68098
8.07497
8.91713
9.95916
9.55535
9.70225
8.42702
8.23349
8.14514
7.97073
7.92814
5.71587
5.09611
5.03597
3.9985
5.3372
7.88618
8.34248
9.89231
9.4338
9.90673
8.57084
8.24023
8.12986
7.97648
7.93438
6.06714
5.16312
5.03905
5.17415
4.26195
7.79935
7.64275
10.1287
9.34314
9.35802
9.06946
8.23062
8.12512
8.04987
7.94034
6.58286
5.20251
5.04267
5.45883
3.85197
8.03863
7.61535
10.1113
9.24628
9.23508
9.42837
8.24266
8.12174
8.1143
7.94673
7.1829
5.19057
5.05749
5.36716
3.84491
8.87349
7.56352
8.70547
9.40641
9.17703
9.42421
8.35813
8.14241
8.12306
7.9557
7.78157
5.44038
5.05432
5.36086
3.84874
9.96611
7.44601
7.87596
9.53789
9.01051
9.49617
8.67761
8.13993
8.18483
7.95893
7.80999
5.24969
5.06379
5.26988
3.84491
9.88184
7.39843
7.21317
9.6076
8.91452
9.30825
9.00706
8.15912
8.18547
7.98104
8.09975
5.76315
5.07583
5.15022
3.83932
8.19239
8.12254
6.9944
9.45593
8.85718
9.0938
9.20136
8.19162
8.17712
8.00513
8.01736
6.32586
5.08817
5.16563
3.83232
6.59394
9.05553
6.6854
8.07461
8.93734
8.96872
8.98195
8.1994
8.17926
8.04694
8.01072
6.79963
5.12095
5.10067
3.81796
5.25423
10.3744
6.50123
6.88635
9.05333
8.94192
8.85525
8.4239
8.16262
8.06756
8.02034
7.38282
5.11861
5.10973
3.79525
4.20284
10.463
6.54671
6.36279
9.38526
8.93025
8.68787
8.83802
8.15081
8.15038
8.02662
8.01573
5.53515
5.11256
3.95647
3.78673
10.4214
7.56573
6.26656
8.7508
9.28076
8.49272
8.58355
8.13962
8.19092
8.03594
8.0921
5.9057
5.0742
5.08023
3.77691
10.3725
9.01948
6.02342
7.41667
9.33876
8.36673
8.28527
8.1448
8.15492
8.04159
8.0939
6.41959
5.21688
5.47634
3.7624
10.2351
10.3779
6.04486
6.36407
9.64511
8.26826
8.06387
8.18779
8.16752
8.05983
8.06271
7.07041
5.11494
5.4174
3.74331
9.44711
10.8255
6.4697
6.00267
9.49315
8.37061
7.83444
8.40421
8.16047
8.06603
8.04129
7.63822
5.64125
5.42069
3.73152
7.88865
10.6288
7.37675
6.07196
8.5774
8.51221
7.67024
8.12479
8.16148
8.09017
8.0289
7.93902
5.77685
5.32219
3.7155
6.37413
10.2797
8.81179
6.19029
7.23596
8.75909
7.5583
7.71097
8.14253
8.12026
8.01711
8.00759
6.22671
5.40289
3.70411
5.09468
10.249
10.0516
5.96655
6.25162
9.13651
7.4769
7.57143
8.17776
8.10488
8.04432
7.98916
6.85595
5.29643
3.70668
4.11069
10.1363
10.5553
6.34166
6.08198
8.65118
7.48002
7.5822
8.24077
8.11192
8.09041
7.97097
7.26323
5.48225
3.84654
3.68929
10.1048
11.1327
6.93953
5.93005
7.61445
7.49107
7.46824
8.16755
8.10626
8.08129
7.96805
7.49549
5.42667
4.97341
3.67635
10.0682
11.6205
8.2193
5.71304
6.64465
7.40622
7.44968
7.87496
8.10098
8.04486
7.96235
7.81752
5.75116
5.49528
3.65846
10.0499
11.3258
9.25976
5.7104
5.8762
7.67844
7.43163
7.41335
8.11877
8.01811
7.9679
7.89042
6.03123
5.45366
3.64859
9.30733
10.9519
9.87551
6.02141
6.04736
7.92664
7.29338
7.45163
8.14809
8.00283
8.001
7.94645
6.47994
5.51331
3.63714
7.77823
10.6879
10.2498
7.11418
6.67044
7.79005
7.25803
7.20824
7.9519
7.98441
8.08937
7.94645
7.04431
5.48415
3.64288
6.28769
10.2814
10.7416
8.47923
7.31989
7.75176
7.02527
7.19063
7.72321
7.95655
7.99763
7.97102
7.56418
5.67813
3.64368
5.02044
10.1855
11.1566
9.06385
7.84289
7.54956
7.00337
7.06249
7.56179
7.94649
7.98514
7.97711
7.77897
5.82015
3.64636
4.03359
10.1005
11.3024
9.47661
8.24959
7.31395
7.00411
7.06311
7.37123
7.96414
7.94177
7.97711
7.81747
6.24686
3.79812
3.65623
10.1068
11.6412
9.75539
8.48527
7.64615
6.82223
7.01304
7.52547
8.11038
7.92316
7.98935
7.8298
6.73816
4.9185
3.66182
10.1222
11.6323
9.79524
8.58685
8.38616
6.74994
6.8694
7.53758
8.18693
7.93511
8.0409
7.85807
7.11047
5.57222
3.67463
10.0473
10.8999
10.1389
8.76426
8.61784
6.64772
6.77947
7.50096
8.04127
7.97457
8.0469
7.88206
7.54233
5.52429
3.68041
9.32448
10.5177
10.5757
8.81673
8.67069
6.70315
6.62251
7.5236
7.7753
7.99685
8.12302
7.8883
7.8543
5.98214
3.68698
7.78371
10.2291
10.7276
9.19969
8.67953
6.84359
6.63005
7.65973
7.56377
8.04692
8.10924
7.93048
7.87611
6.48478
3.68041
6.29591
10.0276
11.0371
9.66096
8.63652
7.62296
6.75917
7.56592
7.5021
8.29024
8.1095
7.97093
7.87621
6.86757
3.69292
5.05081
9.85219
11.3142
9.79436
8.57375
8.58696
6.9262
7.53765
7.64494
8.45447
8.12485
7.98034
7.88815
7.33145
3.67689
4.05664
9.67093
11.3173
10.0785
8.53374
9.22653
7.21548
7.42803
7.79632
8.28308
8.18638
8.01385
7.90654
7.84141
4.01707
3.53388
9.51067
10.6477
10.3641
8.59016
9.96334
7.6061
7.41658
7.9008
7.97998
8.28424
8.07158
7.91586
7.88235
5.36439
3.61757
9.39018
9.96032
10.4454
8.73193
9.89541
8.01718
7.64584
8.1194
7.9687
8.37453
8.09285
7.95213
7.88865
6.42633
3.54606
9.30384
9.31881
10.7265
8.90062
9.36699
8.6621
7.92009
8.24309
7.96514
8.6046
8.12065
8.0134
7.89424
6.99131
4.03099
9.14739
9.22241
10.9548
9.00964
9.18298
9.1746
8.24324
8.49389
7.97128
8.52438
8.16609
8.03189
7.90019
7.45305
4.07259
7.6213
9.17026
10.9545
9.16416
9.10172
9.43883
8.51472
8.62724
7.99835
8.28389
8.17244
8.07758
7.92186
7.84126
4.0834
5.93446
9.15368
10.8345
9.50295
8.99995
9.71271
9.07188
8.81749
8.02984
8.13029
8.20635
8.13329
7.92483
7.87606
4.05062
4.62509
9.17093
10.5103
9.73312
8.85503
10.0407
9.5223
8.99039
8.07372
8.10415
8.25094
8.13894
7.97613
7.87322
3.94145
4.06328
9.19584
9.90281
10.1159
8.81476
10.0627
9.86601
9.08644
8.18952
8.11885
8.2515
8.13566
8.05548
7.86694
4.7331
3.95548
9.1732
9.5672
10.3797
8.9114
10.0269
10.1396
8.93984
8.32232
8.05875
8.37129
8.1483
8.07084
7.85201
6.27442
3.93538
9.08529
9.27175
10.3321
9.07262
10.0264
10.2554
9.15584
8.46988
8.07371
8.59138
8.15727
8.12917
7.84538
7.34428
3.91462
9.07616
8.89388
10.4762
9.15608
9.73723
10.3387
9.66808
8.31466
8.07418
8.46746
8.16109
8.16085
7.8426
7.82401
3.94029
8.94193
8.72088
10.3764
9.20647
9.61258
10.3664
10.0542
8.57238
7.98295
8.20966
8.1701
8.16991
7.87233
7.81182
3.94272
7.59669
8.60048
9.9981
9.23228
9.53107
10.3118
10.38
8.44164
8.05137
7.8717
8.17874
8.17046
7.96662
7.80646
3.92452
5.87898
8.52746
9.84466
9.3329
9.2952
10.2201
10.4401
8.39854
8.15395
7.73091
8.2079
8.16466
7.97871
7.80588
3.89875
4.55489
8.44111
9.50106
9.25822
9.28979
10.2962
10.1193
8.83641
7.96398
7.73995
8.3829
8.1371
8.07079
7.79432
3.89944
3.99346
8.30538
8.85153
9.40199
9.17212
10.2788
10.0407
9.42722
7.95816
7.55956
8.48711
8.10596
8.15043
7.79086
4.70923
3.89002
8.15173
8.6251
9.63028
9.13958
10.3963
9.96433
9.71693
7.7255
7.51392
8.3724
8.0944
8.17443
7.8203
6.23403
3.87778
8.00395
8.33736
9.44861
9.11412
10.5289
9.85616
10.3006
7.47406
7.44811
7.99956
8.09401
8.20066
7.90559
7.28115
3.85225
8.06915
7.91529
9.26464
9.09268
10.5452
9.6257
11.0129
7.17117
7.37585
7.86488
8.06295
8.10342
7.93638
7.74181
3.77134
7.83914
7.90485
9.09071
9.02642
10.5422
9.30209
11.2976
7.01482
7.05475
7.60176
8.10156
7.99986
8.04863
7.74768
3.68244
6.41134
7.97884
8.88037
8.92186
9.96744
8.94347
10.7662
7.27615
6.5636
7.32986
8.18152
7.92383
8.14107
7.75392
3.60574
4.89759
8.02385
8.86047
8.82451
9.23822
8.63995
10.1564
7.54948
6.25053
7.21006
7.97233
7.95188
8.15951
7.81142
3.56251
3.88086
8.05132
8.75942
8.71418
8.88991
8.39656
9.20101
8.59483
6.0656
7.16881
7.83463
7.95716
8.23251
7.91506
3.73318
3.56752
7.95447
8.62433
8.71478
8.67328
8.22834
8.49249
9.72348
6.07223
7.12282
7.6602
7.98813
8.18383
7.9453
4.70343
3.55416
7.2981
8.2959
8.53124
8.65289
8.13
8.19335
10.5102
6.33656
7.25648
7.46538
7.98528
8.01976
8.05845
6.24284
3.43186
6.54548
7.95875
8.35465
8.58047
8.74076
8.13247
11.2022
6.75136
7.36268
7.36865
7.95392
7.97785
8.15296
7.32321
3.15302
5.90831
7.21271
8.07438
8.60595
9.48757
8.2286
11.3186
7.22845
7.46436
7.34048
7.63917
8.04212
8.16531
7.84554
2.86962
5.20253
6.52104
7.92936
8.5108
10.3713
8.30899
10.8302
7.64364
7.57085
7.21309
7.44404
8.12752
8.22057
7.90276
2.78944
4.21389
6.10227
7.85
8.10583
9.55298
8.25874
10.3202
7.6408
7.64656
7.11466
7.16773
8.06218
8.21929
7.93067
2.84302
3.31291
6.22938
7.71052
7.71497
8.78414
8.2449
9.56158
7.6156
7.24931
7.12309
7.21269
8.10163
8.15638
8.00368
3.09604
2.84895
6.8995
7.80255
7.59395
8.1798
8.25768
8.72629
8.39884
6.88707
7.33527
7.08901
7.88631
8.15894
8.07699
3.62663
2.6966
7.44292
7.60157
7.37619
7.87525
8.34873
8.45394
9.27391
6.62592
7.67479
7.00294
7.55499
8.14285
8.10167
4.80336
2.6405
7.70086
7.8061
7.30441
7.71335
8.58402
8.53371
9.93065
6.52331
7.93553
7.02534
7.44562
8.12333
8.17175
6.37389
2.84319
7.85594
7.85118
7.29363
7.52376
9.33401
8.66602
10.7137
6.51173
8.27214
6.84476
6.93576
8.15815
8.20273
7.49093
3.06251
8.18895
7.93687
7.35021
7.35612
9.90223
8.59848
11.0733
6.34845
7.27118
6.89333
6.88842
8.14492
8.20505
8.0377
3.41295
7.94761
7.84836
7.63763
7.22371
8.7089
8.47959
10.8673
6.17466
6.46408
7.35086
6.85579
7.80344
8.1924
8.08
3.64091
6.35684
7.65449
7.86468
7.09261
7.85983
8.57917
10.6189
6.1984
6.2005
7.7067
6.78655
7.2987
8.13748
8.09829
3.69207
4.83909
7.43532
7.78423
6.91478
6.97286
8.73064
10.4581
6.87819
6.38748
8.06313
6.76504
6.88183
8.13363
8.14444
3.62091
3.78318
7.26178
7.53589
6.94054
6.77511
8.84041
10.1378
8.15974
6.73531
8.86099
6.57132
6.56753
8.04957
8.17051
3.81798
3.48653
7.18961
7.17366
7.41486
6.4984
8.74873
9.67695
9.64095
7.06092
8.94773
6.60071
6.35006
7.94974
8.11286
4.8429
3.34633
6.9991
7.19052
7.80533
6.39514
8.88192
9.00786
10.5972
6.94596
8.02891
7.15791
6.31249
7.81038
8.08205
6.43133
3.29586
6.62991
7.09911
8.15226
6.48835
8.36492
8.462
10.3594
6.87383
7.29627
7.71662
6.25109
7.08849
7.97092
7.54293
3.28264
6.24089
6.90934
7.98666
6.47486
7.1845
8.23746
10.2733
6.94562
7.04794
8.17237
6.00722
6.57661
7.78364
8.06242
3.26115
5.85342
6.67025
7.67432
6.57299
6.73129
8.19876
10.1333
7.42665
7.21756
8.98331
6.01673
6.08492
7.82801
8.12253
3.2342
4.8362
6.44015
7.123
6.80178
6.60048
8.24095
10.0552
8.07226
7.46051
9.6445
6.10911
5.80699
7.57924
8.1257
3.1697
3.77727
6.10573
7.19257
7.56776
6.59803
8.26502
9.80106
9.13607
7.72465
10.133
6.73233
5.69996
6.99997
8.14007
3.16863
3.09897
6.00701
7.41983
8.49666
6.69712
8.28334
9.32028
10.0703
7.98672
9.80903
7.63687
5.63627
6.34077
8.05661
3.67346
3.166
6.00937
7.56764
8.58158
6.88791
8.17937
8.85819
10.3867
8.24132
9.16116
8.14916
5.62774
5.99281
7.9482
4.83384
3.23734
6.23141
7.96916
8.58718
6.94574
7.96893
8.07116
10.2931
8.47202
8.58005
8.94147
5.55095
5.42249
7.91752
6.40992
3.32071
6.55434
8.11188
8.31953
6.97631
7.26437
7.87209
10.2818
8.69907
8.68845
9.58122
5.64579
5.27427
7.74867
7.52117
3.35137
6.82208
8.3083
8.36515
7.37113
6.8178
7.78505
10.0242
9.07038
8.83659
10.0162
6.17971
5.30932
7.11217
8.0588
3.3327
6.5856
8.30576
8.32462
8.2409
6.76414
7.57538
9.63184
9.58345
8.99963
10.4782
6.9779
5.22509
6.38238
8.13487
3.34611
5.70003
8.68267
8.48907
8.94531
6.88283
7.38298
8.89897
9.93
9.20906
10.9185
7.59071
5.08827
5.7403
8.14404
3.42004
4.60926
9.26918
8.49159
8.95997
6.85265
7.32501
8.04482
10.2485
9.4744
11.1295
8.52965
5.10483
5.36572
8.16962
3.56598
3.90982
9.89441
8.56907
8.56961
6.793
7.33439
7.71408
10.2093
9.77714
11.1525
9.22423
5.29147
5.02338
7.99224
3.85336
3.72638
9.92182
8.67923
8.40364
6.78401
6.96143
7.51513
9.66873
10.121
10.7426
9.76731
5.72509
4.67794
7.41381
4.83661
3.85596
9.78536
9.0668
8.49932
6.93644
6.86915
7.40973
9.28674
10.4514
10.5314
10.482
6.22936
4.77015
6.71075
6.4343
3.86657
9.47873
9.02366
8.47013
7.43102
6.79441
7.49676
8.94832
10.1539
10.8305
11.0595
6.751
4.73986
5.69776
7.57599
3.80543
9.01748
8.95242
8.63565
8.25142
6.90493
7.65145
8.50599
9.78633
11.0902
11.3825
7.47754
4.54785
5.11638
8.10771
3.76817
8.41737
9.05949
8.81012
9.11192
7.07084
7.8319
8.33023
9.45574
11.1268
11.8095
8.33997
4.44202
4.6302
7.91731
3.81475
7.02045
8.75774
9.00459
8.74175
7.18848
7.62004
8.28989
9.06546
11.0822
12.2235
8.94489
4.63724
4.53228
7.49478
3.8906
5.53581
8.49385
9.07867
8.68416
7.18511
7.17043
8.41648
8.77061
10.7763
12.3763
9.98122
5.12781
4.63995
6.97115
3.99768
4.50914
8.56213
8.96458
8.55286
7.69247
7.19064
8.63377
8.57415
10.0862
12.1363
10.7451
5.32534
4.30965
6.16442
4.03907
4.09816
8.58065
8.8759
8.5872
8.35904
7.40557
8.73358
8.60781
9.76084
11.8637
11.1804
5.68156
4.13953
5.26669
4.94014
4.0569
8.55058
8.99185
8.41764
9.01373
7.64094
8.99026
8.88192
9.62513
11.111
11.7136
6.66852
4.04656
4.75185
6.58923
4.0916
8.59126
8.94126
8.14015
8.6721
7.80205
8.98703
9.26512
9.59168
10.3471
12.2245
7.38174
3.98935
4.10611
7.76481
4.12422
8.73099
8.7338
7.97284
8.49031
8.06052
8.48149
9.59727
9.4873
9.80647
12.4004
8.30726
4.1722
3.90424
7.59637
4.15311
8.90777
8.89802
7.489
8.18903
8.55515
8.38382
9.95111
9.34273
9.36727
12.5218
9.55556
4.7236
3.90002
6.85857
4.1961
8.13032
8.88213
7.1594
7.27249
9.05355
8.49998
9.8923
9.34877
9.29953
12.1033
10.3948
5.3488
4.00918
5.79104
4.24651
6.47072
8.99159
6.96887
6.71109
8.81419
8.64061
9.52524
9.82153
9.33386
11.1602
10.9985
5.92137
4.00683
4.91135
4.29766
5.12132
9.10883
6.41787
6.32441
8.34301
8.83615
9.40334
10.4866
9.2879
10.0764
11.4473
6.61959
3.75609
4.21462
4.29414
4.439
9.07276
6.24975
5.63583
7.71737
8.89953
9.15557
10.7681
8.99234
9.33445
11.6001
7.4519
3.53751
3.54124
5.11634
4.29954
9.18758
6.51742
4.91913
6.96831
9.15455
8.95613
10.4468
8.701
8.62872
11.8299
8.21843
3.49476
3.43526
6.79934
4.28072
9.22283
6.88028
4.42054
6.22969
9.34009
8.97675
10.0039
8.54561
8.23312
12.0161
8.79501
3.92737
3.52249
6.65327
4.26896
9.23765
7.29074
4.17524
5.44219
8.79667
9.0258
9.26017
9.10357
8.00139
11.6887
9.67498
4.24261
3.60614
5.75949
4.26807
9.33193
7.52403
4.12928
4.63028
8.17582
8.83794
8.90905
9.90639
7.97714
10.9292
10.5255
4.35629
3.51534
4.90412
4.25627
8.02302
7.54718
4.13339
4.28801
7.31704
8.77168
8.68079
10.2961
7.99578
9.88441
10.8085
4.67113
3.37879
4.05312
4.23719
6.23826
7.44395
4.44212
4.18815
6.4656
9.14997
8.49813
10.448
8.1429
8.8174
11.0626
5.13491
3.26849
3.66046
4.2351
4.8761
7.36166
4.76126
4.13129
5.83864
8.95281
8.41468
9.8451
8.34401
8.417
11.211
5.78419
3.25601
3.5134
4.2119
4.26988
7.37535
5.55659
4.0238
5.12887
8.38183
8.27477
8.94283
8.37647
8.152
11.1873
6.94245
3.3625
3.41308
5.09717
4.19198
7.87501
6.35629
3.93733
4.86998
7.69897
8.10808
8.3441
8.665
7.72505
11.1513
8.24155
3.42009
3.49195
6.32609
4.16388
8.37835
6.91379
3.92328
4.62885
6.80146
8.01505
7.98399
9.0779
7.18962
10.9646
9.30969
3.45748
3.53268
5.28343
4.13913
8.70345
7.36543
3.92298
4.26496
6.11282
8.26848
7.8263
9.49672
6.73222
9.82804
10.254
3.56462
3.42005
4.46002
4.10221
