4.93446
7.6815
7.35369
3.82264
4.252
4.66211
5.62642
5.6972
6.80454
4.88482
7.9681
9.66946
4.50074
3.73787
3.82259
4.74217
7.83911
7.58694
3.79669
4.07328
4.55777
5.22856
5.75753
6.27963
5.02786
6.76869
9.84262
4.65325
3.61441
3.74521
4.84849
7.97908
7.56263
3.79493
3.86318
4.53722
5.12282
5.85259
5.73606
5.27476
6.18368
9.73086
5.26237
3.43928
3.48175
4.8411
7.84512
7.56591
4.05545
3.78818
4.52283
4.86876
6.09808
5.75212
5.62608
5.94053
9.69527
6.21586
3.23712
3.29405
4.90941
7.84924
7.58583
4.40298
3.794
4.51568
4.72005
6.1126
5.68273
5.97837
6.05196
9.39922
7.10898
3.0663
3.08781
4.96183
7.38325
7.59914
5.21423
3.80965
4.49203
4.69447
5.61333
5.71502
6.39109
6.32249
8.7402
7.98367
3.05506
2.96923
4.98087
5.9502
7.60263
6.09491
3.80901
4.4795
4.60565
5.27551
5.69664
5.78825
6.56144
8.31521
8.41565
3.23859
2.89314
5.01729
5.37886
7.593
6.71384
3.77524
4.39327
4.55487
5.17629
5.99216
5.73968
6.63249
7.86285
8.22295
3.80137
2.759
4.04534
5.02841
7.58266
7.27752
3.75875
4.11336
4.56058
4.9351
5.98414
5.80252
6.58394
7.09546
8.09889
4.43075
2.8894
3.31809
5.00996
7.69499
7.55088
3.71872
3.89968
4.51908
4.77141
5.70049
5.66182
6.04704
6.76652
7.97982
5.03305
3.35169
3.07715
4.9573
7.87355
7.57766
3.74291
3.70437
4.47818
4.72942
5.32212
5.51415
5.52604
6.3595
7.72742
5.46018
3.9289
3.46679
4.8908
8.00394
7.56317
4.06692
3.69389
4.455
4.68703
5.13146
5.59173
5.29809
5.98986
7.50861
5.67665
4.53778
3.98068
4.7798
8.29323
7.54782
4.47243
3.67433
4.43198
4.64372
5.05054
5.85003
5.10373
5.53301
6.91009
5.82847
5.34153
4.59915
4.56456
8.23469
7.5251
5.3618
3.65527
4.4009
4.62152
4.96392
5.57408
4.92826
5.2736
6.24972
5.81354
5.96501
5.19993
4.32556
6.55139
7.83418
6.23868
3.64923
4.38311
4.56608
4.86427
5.44819
4.7792
4.83394
5.87307
5.73222
5.66255
5.74621
4.06971
5.37513
7.95241
6.82053
3.64523
4.288
4.51679
4.86325
5.30743
4.67148
4.72345
5.5941
5.40649
5.40435
6.14368
3.79885
4.08876
8.09739
7.30567
3.63012
3.95656
4.50712
4.79404
5.12792
4.79019
4.54638
5.48915
5.2033
5.10197
6.38672
3.67866
3.53768
8.27776
7.49604
3.6205
3.75471
4.48356
4.71163
5.05412
5.0904
4.57692
5.50685
5.02418
4.91176
6.54923
4.3525
3.30316
8.35248
7.77094
3.67797
3.60953
4.44989
4.69593
4.96095
5.28746
4.6046
5.39399
4.7731
4.77044
6.6234
4.70931
3.12533
8.43236
7.92874
4.02151
3.56466
4.43976
4.60726
4.91435
5.38013
4.72844
5.06008
4.82059
4.74971
6.4509
4.81105
2.99654
8.83661
8.0272
4.48379
3.55234
4.36364
4.53635
4.89002
5.22728
4.81744
4.90205
4.94143
4.89687
6.14484
5.02844
2.91719
9.15559
8.19557
5.32958
3.55604
4.30407
4.53541
4.85212
5.11125
4.84869
4.82086
5.13756
5.09678
5.69099
5.60155
2.84966
7.36287
8.166
6.14813
3.57479
4.27307
4.4897
4.79478
5.09223
5.11929
4.8422
5.36262
5.01063
5.34939
6.13396
2.84655
5.6351
8.14601
6.9322
3.60658
4.14143
4.44261
4.76278
5.02875
5.25021
4.75953
5.12048
4.80462
5.10401
6.03958
2.84601
3.7909
8.17443
7.52442
3.61572
3.8781
4.44446
4.70335
4.94523
5.32028
4.87935
4.98791
4.86753
4.94967
5.74971
2.88381
2.918
8.4717
7.93201
3.62895
3.73297
4.39261
4.65402
4.93176
5.27968
4.99589
4.98086
5.26371
5.15937
5.37182
3.56701
2.92045
8.60497
8.17089
3.70076
3.62562
4.27778
4.62838
4.84977
5.22791
5.24158
5.09067
5.5562
5.29536
5.09708
4.19582
2.92569
9.21627
8.23876
4.01162
3.63218
4.24934
4.58502
4.75991
5.2177
5.30094
5.10829
5.42787
5.08139
4.88089
4.51699
2.83456
9.86231
8.28895
5.24296
3.61591
4.16067
4.51586
4.75189
5.14687
5.31736
5.06196
5.06447
5.02331
4.82218
4.63139
2.78642
7.98431
8.29559
6.29017
3.5059
4.06505
4.48297
4.71594
5.04756
5.34681
5.08206
4.93903
4.99354
4.80174
5.12422
2.75277
5.62898
8.43362
7.30203
3.67043
4.05169
4.39334
4.68572
5.01871
5.38047
5.08414
4.81346
5.07215
4.84246
5.54378
2.83845
4.08574
8.46347
7.89003
3.50344
3.97566
4.27523
4.70206
4.92372
5.35237
5.54051
4.78195
4.9222
4.8973
5.62343
2.91868
3.28786
8.92226
8.29978
3.99412
3.87073
4.24871
4.66151
4.82287
5.33302
5.52128
4.80406
4.80476
4.75127
5.40413
3.17353
2.99269
9.34728
8.26259
4.46843
3.80688
4.13614
4.57964
4.8066
5.25566
5.50221
4.9196
4.80476
4.47588
5.11596
4.14056
3.08051
8.99643
8.25492
5.32775
4.01691
4.04945
4.55342
4.75462
5.14402
5.53127
5.40858
4.81247
4.20065
4.93731
5.17504
3.25268
8.92187
8.26926
6.26135
4.00937
4.03318
4.42241
4.75303
5.1317
5.49993
5.55396
4.79302
4.13204
4.73065
5.80046
3.42712
9.43015
8.27681
7.26776
4.06827
4.02922
4.28158
4.73649
5.0106
5.41923
5.54241
4.8532
4.35543
4.6006
6.01808
3.55524
8.07049
8.1985
8.09875
4.41044
4.02554
4.23256
4.67647
4.90358
5.40312
5.53301
5.29834
4.69313
4.52889
6.39712
3.68484
6.01135
7.96563
7.97178
5.27608
4.02674
4.10577
4.58243
4.90666
5.34296
5.55119
5.71049
4.92785
4.76412
6.50357
3.80476
4.95367
7.78691
7.67923
6.13194
4.01306
4.0143
4.52822
4.8246
5.24428
5.54498
5.66098
5.37689
5.21346
6.47181
3.88622
3.98709
8.27952
7.64309
7.0071
4.02242
4.02092
4.34849
4.77195
5.21821
5.48022
5.66106
5.79394
5.69157
6.39822
4.49387
3.97001
8.82213
7.88493
7.78867
4.02297
4.0143
4.21035
4.764
5.09305
5.4002
5.62875
5.85688
6.01674
6.22042
5.58736
3.99987
9.19349
8.17159
8.3491
5.02554
4.01665
4.16283
4.67166
4.98747
5.39672
5.60393
5.78407
6.10587
6.07569
6.46153
4.09708
10.0881
8.39335
8.31283
5.92028
4.0143
4.03816
4.52151
4.95751
5.349
5.5868
5.67924
5.96564
6.01907
6.43427
4.22599
9.56085
8.48523
8.32161
6.80195
3.98791
4.01462
4.46102
4.87327
5.27572
5.60488
5.62512
5.89675
6.08085
6.41522
4.2918
7.79685
8.97029
8.34049
7.64126
4.04678
4.00442
4.29103
4.78589
5.25712
5.56477
5.6098
5.74088
6.12779
6.34565
4.31765
6.13359
9.53913
8.32184
8.39594
4.37184
3.98791
4.14004
4.74029
5.15347
5.53773
5.60986
5.69333
6.1306
6.26748
4.34255
5.47909
9.92963
8.32717
8.39239
5.33652
3.99548
4.082
4.59184
5.01226
5.47958
5.60973
5.69831
6.10327
6.11864
4.3501
4.57926
10.401
8.34702
8.40702
6.24419
3.99451
4.02153
4.42366
4.9796
5.42688
5.61497
5.6886
6.05643
6.04756
4.81401
4.29654
10.3871
8.34005
8.42003
7.09678
4.05317
3.99844
4.35647
4.87597
5.41368
5.62776
5.68765
6.02945
6.01607
5.86991
4.26953
10.4891
8.4374
8.34311
7.90449
3.99446
4.00516
4.19525
4.78887
5.33603
5.57417
5.69681
5.99094
5.99158
6.55481
4.37268
10.4146
8.77438
8.3533
8.39905
4.50173
4.00364
4.07296
4.74621
5.2791
5.56038
5.69323
5.88724
5.99207
6.50818
4.36581
10.5796
9.18937
8.37806
8.41164
5.4819
3.99457
4.03862
4.60643
5.27468
5.49774
5.67052
5.85398
6.01505
6.37616
4.32943
9.36371
9.87376
8.39377
8.41102
6.37795
3.99096
3.98969
4.44612
5.18552
5.47819
5.69325
5.7794
6.02704
6.35678
4.39932
7.17061
10.3287
8.40936
8.45516
7.25269
3.9757
3.9751
4.37739
5.07875
5.48444
5.66381
5.71866
6.00183
6.17032
4.39959
5.98604
10.2632
8.42939
8.52287
8.19049
4.20941
3.95897
4.19161
5.09015
5.44527
5.61935
5.68679
5.94818
6.01863
4.40058
4.79804
10.1595
8.4544
8.47679
8.48174
5.19168
3.93962
4.06852
4.9741
5.41738
5.62253
5.67913
5.81329
5.98222
4.78832
4.42047
10.1366
8.44721
8.48138
8.51698
6.17408
3.93741
4.02548
4.77831
5.44575
5.5776
5.65882
5.7745
5.96923
5.79774
4.44014
10.1995
8.72405
8.4562
8.53845
7.06003
3.90462
3.96662
4.71465
5.3622
5.55451
5.65121
5.6846
5.93741
6.46135
4.48375
10.6813
9.09983
8.46279
8.55853
7.89426
3.96042
3.94769
4.45943
5.24782
5.58011
5.67062
5.65674
5.94142
6.4548
4.4737
11.1391
9.34258
8.4973
8.61532
8.57766
4.47818
3.9174
4.17061
5.241
5.57288
5.67383
5.65928
5.9089
6.27922
4.45662
9.53719
9.78031
8.51633
8.61407
8.58131
5.42547
3.85092
4.06781
5.04446
5.56575
5.66121
5.67991
5.82753
6.24444
4.39319
7.4453
9.67797
8.52214
8.6202
8.58723
6.40043
3.8317
3.86907
4.81883
5.58192
5.66095
5.69434
5.80185
6.04247
4.36321
6.02347
9.58552
8.5209
8.56962
8.58967
7.30276
3.9153
3.77133
4.67732
5.54922
5.65127
5.69491
5.7303
5.88802
4.33028
4.60919
9.93398
8.61656
8.52448
8.59306
8.13128
4.04277
3.73976
4.42367
5.4611
5.65481
5.66733
5.72317
5.84683
4.79798
4.2966
10.4451
8.67121
8.52933
8.59347
8.56452
4.62831
3.69495
4.12277
5.44208
5.6763
5.65741
5.70945
5.75816
5.81676
4.32065
10.681
9.03021
8.52731
8.59062
8.58719
5.56764
3.68523
4.0139
5.21387
5.63646
5.65429
5.71058
5.7291
6.3819
4.29723
11.3169
9.2006
8.50138
8.59125
8.59592
6.53732
3.69027
3.8097
4.89256
5.61161
5.65101
5.69758
5.68126
6.28604
4.26641
10.0918
9.19568
8.47538
8.50775
8.58807
7.43957
3.70233
3.70442
4.70348
5.56815
5.64206
5.7365
5.65965
6.09413
4.14663
7.88822
9.67649
8.47581
8.46691
8.58526
8.31186
3.75287
3.71003
4.39268
5.46749
5.63873
5.70415
5.62427
6.05622
4.00571
5.66424
10.3727
8.46926
8.47301
8.5811
8.60605
4.87531
3.74596
4.08294
5.42233
5.63545
5.65569
5.60494
5.80959
4.00221
4.56163
10.8814
8.57689
8.45964
8.56254
8.60304
5.87919
3.73271
3.96002
5.17764
5.63228
5.63937
5.58522
5.61548
4.24406
4.03441
11.43
8.84553
8.45302
8.54059
8.59426
6.83846
3.71741
3.75599
4.82453
5.64197
5.6261
5.58179
5.58304
4.75352
4.13125
11.7732
9.07454
8.43108
8.5085
8.57534
7.71107
3.74441
3.6652
4.57556
5.63976
5.60728
5.68663
5.5611
5.73242
4.07585
11.7194
9.67034
8.42703
8.47934
8.55577
8.45589
4.42105
3.61441
4.23899
5.52023
5.61326
5.76914
5.54737
6.13471
4.18057
11.6332
10.4021
8.44347
8.47351
8.54921
8.46234
4.96199
3.55984
3.86814
5.46542
5.60338
5.68875
5.54394
5.97573
4.29082
10.8171
10.9248
8.47404
8.45655
8.52448
8.45719
5.97572
3.50869
3.71092
5.18177
5.613
5.69754
5.53743
5.78007
4.24154
8.91258
11.5067
8.68104
8.47033
8.50804
8.43046
6.94728
3.46602
3.48939
4.80059
5.62798
5.65443
5.55039
5.78911
4.16114
7.04855
11.9068
9.0572
8.47523
8.47891
8.40773
7.8478
3.62543
3.43113
4.49025
5.6791
5.66048
5.55662
5.65854
4.12816
5.63123
12.2941
9.81222
8.46619
8.46274
8.386
8.00503
3.72362
3.35124
4.0789
5.57704
5.71857
5.62933
5.5794
4.19583
4.41987
12.1731
10.5028
8.47269
8.43304
8.37018
8.45105
4.7439
3.27357
3.55528
5.54107
5.7409
5.63593
5.60196
4.60108
4.09317
11.9651
11.1122
8.48055
8.43145
8.36977
8.39083
5.79943
3.18192
3.31704
5.32519
5.75389
5.73404
5.63436
5.55732
3.6529
10.9206
11.6151
8.54169
8.44887
8.39812
8.3861
6.8005
3.15987
3.08391
5.00806
5.80239
5.75358
5.63962
5.96109
3.2097
10.1937
11.4732
8.58021
8.4341
8.40431
8.38688
7.67815
3.23634
3.00354
4.75084
5.78083
5.76001
5.63292
5.93588
3.21164
8.44499
11.5278
8.9929
8.43769
8.4469
8.38969
8.41803
4.57318
2.94675
4.34467
5.65634
5.74253
5.63005
5.92654
3.72567
6.1129
11.268
9.44202
8.45048
8.48443
8.37941
8.43078
5.68637
2.85103
3.6264
5.60747
5.71724
5.63344
5.93812
3.97692
4.88626
11.1878
9.9368
8.4449
8.46968
8.38872
8.44002
6.73286
2.85204
3.23219
5.40503
5.71065
5.62391
5.80547
3.92422
4.50579
11.2378
10.5304
8.4816
8.45097
8.40209
8.44303
7.67732
2.86332
2.95599
5.18492
5.67974
5.62403
5.66697
3.85005
3.77046
11.2118
10.9267
8.51652
8.4259
8.44076
8.48771
8.45902
3.80489
2.92002
5.16287
5.84017
5.617
5.67067
4.41606
3.81444
10.5184
11.0491
8.83112
8.4224
8.48861
8.50757
8.46568
4.52988
2.81715
5.00289
5.70607
5.60217
5.61117
5.35561
3.91455
10.4816
10.8887
9.25736
8.41548
8.49093
8.54589
8.47835
5.71312
3.17516
4.65712
5.68922
5.60862
5.61694
6.01586
3.94823
10.526
11.1206
9.69268
8.42811
8.45668
8.58354
8.49172
6.89119
3.14566
4.37102
5.52252
5.61129
5.5974
6.03728
3.94141
9.68301
11.3818
10.2614
8.42764
8.46058
8.61673
8.50107
7.973
3.85371
4.09549
5.42707
5.61435
5.5754
5.92081
3.97714
8.20211
10.7741
10.9121
8.42712
8.44608
8.62946
8.51372
8.17015
3.8894
3.81077
5.42031
5.62012
5.56214
5.9082
3.99997
6.46426
10.4573
10.9576
8.62865
8.44096
8.66112
8.54433
8.50659
4.69019
4.60726
5.27751
5.62223
5.54337
5.69971
3.99527
5.40593
10.6714
10.8558
8.73997
8.45811
8.65837
8.55801
8.51725
5.68693
4.53332
5.20221
5.70022
5.53032
5.53842
4.07429
4.4035
10.9214
11.2005
9.2665
8.5109
8.62047
8.63086
8.51684
6.80525
5.10025
5.24636
5.75898
5.5297
5.52564
4.5251
4.12636
11.1593
11.5521
9.93395
8.5475
8.63337
8.70158
8.51388
7.83822
4.99036
5.20113
5.5574
5.57659
5.49329
5.48743
4.08957
11.3156
11.2753
10.3404
8.64305
8.61576
8.7334
8.52339
8.52277
5.44113
5.26478
5.5379
5.58756
5.46226
5.97415
4.03607
11.3713
11.2878
10.8978
8.85364
8.67663
8.76377
8.55115
8.52604
6.0262
5.18056
5.39946
5.57218
5.437
5.89071
4.00291
10.551
11.3591
11.0515
9.08398
8.69685
8.75627
8.57064
8.53265
6.692
5.25241
5.3199
5.60587
5.41026
5.76337
4.0958
8.44735
11.1466
11.1531
9.78486
8.73442
8.74109
8.66008
8.53868
7.42464
5.15378
5.31966
5.62194
5.3891
5.76021
4.10295
6.58633
11.3575
11.6049
10.492
8.72857
8.73282
8.76808
8.54159
8.34321
5.60787
5.3
5.60961
5.35713
5.56156
4.08666
5.53474
11.5106
11.7489
10.9686
8.80545
8.74176
8.77891
8.55511
8.56795
6.23624
5.18229
5.58082
5.35109
5.39497
4.10728
4.47525
11.6506
11.8665
11.2451
9.05921
8.75668
8.80891
8.57705
8.56431
6.82301
5.31281
5.4519
5.35659
5.38515
4.49239
4.11468
11.6615
11.8476
11.4415
9.39446
8.75756
8.78701
8.5928
8.57736
7.44638
5.17483
5.36494
5.4425
5.34338
5.44183
4.08165
11.1152
11.7577
11.4941
10.017
8.77317
8.76143
8.65375
8.58396
8.0978
5.4876
5.37336
5.5206
5.34798
5.97342
3.99563
10.3284
11.8779
11.5011
10.5957
8.80795
8.76376
8.71827
8.5901
8.42844
5.68612
5.24824
5.51124
5.36025
5.89336
3.86435
9.30159
11.8882
11.378
10.8134
9.0885
8.76419
8.71786
8.59633
8.53473
6.29578
5.35367
5.5522
5.33742
5.72854
3.6937
7.06227
12.0854
11.2368
10.9599
9.48332
8.7476
8.7429
8.61574
8.54809
6.8167
5.27395
5.46457
5.34158
5.71577
3.6972
4.95378
12.1051
11.2652
11.1134
9.87295
8.73881
8.75118
8.62493
8.59988
7.40539
5.49101
5.35923
5.35416
5.50385
3.86903
4.41575
11.3122
11.1832
10.9925
10.5133
8.82534
8.73152
8.66669
8.59707
7.85839
5.30661
5.27238
5.34704
5.34328
3.9461
4.0141
10.322
11.1867
10.9523
10.911
8.94582
8.72175
8.7178
8.59327
8.30043
5.92763
5.40638
5.3287
5.3528
4.44186
3.95954
9.91019
11.4067
11.011
10.895
9.30572
8.72746
8.7179
8.5901
8.42564
6.66812
5.30797
5.43522
5.33263
5.3876
3.9728
9.69199
11.7149
11.0669
10.9466
9.71347
8.73781
8.72159
8.59031
8.4249
7.19779
5.4473
5.48399
5.3303
5.89086
3.99273
9.61927
10.2541
11.1867
10.8161
10.0699
8.80779
8.72186
8.59025
8.49635
7.81974
5.34416
5.43447
5.34032
5.78252
3.99606
9.29701
9.32873
11.1622
10.6869
10.6124
9.02219
8.7113
8.58977
8.53804
8.30522
6.05052
5.47372
5.33532
5.6129
3.98945
9.35598
9.11304
11.2007
10.4272
10.3658
9.20522
8.7058
8.62499
8.52214
8.31515
6.64849
5.37014
5.30939
5.60349
3.98977
9.41418
8.89173
11.1882
10.3708
10.1847
9.67007
8.69817
8.6149
8.51928
8.31831
7.28114
5.43517
5.29426
5.43006
3.98945
8.55484
8.66317
10.293
10.1761
10.0481
10.0577
8.69258
8.6346
8.54221
8.31572
7.94667
5.39388
5.30732
5.30075
3.98655
6.51258
8.28991
8.9729
10.2954
9.94017
10.195
8.86577
8.65971
8.53931
8.34255
8.32513
5.93847
5.30545
5.30309
4.42673
5.31898
8.11811
8.47081
10.452
9.8219
10.1881
9.253
8.62502
8.53566
8.41904
8.33152
5.95605
5.429
5.29676
5.37804
4.23888
8.11953
7.96655
10.6534
9.752
9.7729
9.60473
8.63142
8.51636
8.4259
8.33735
6.47853
5.46952
5.31345
5.74604
3.97656
8.74251
7.98727
9.89762
9.76231
9.59787
9.90718
8.71463
8.51788
8.50623
8.34395
7.2159
5.49116
5.31907
5.67535
3.9802
9.51086
7.92494
8.72978
9.792
9.50427
9.95815
8.78131
8.54897
8.56721
8.35679
7.72987
5.49348
5.3224
5.56979
3.97656
10.5443
7.68793
7.80915
9.91129
9.40876
9.87043
9.22059
8.5526
8.58016
8.36938
8.17681
5.72382
5.32894
5.57614
3.97354
10.3769
7.78628
7.4134
10.3736
9.30255
9.71269
9.65793
8.57217
8.60976
8.38586
8.44388
6.137
5.34669
5.46408
3.96397
8.4134
8.74929
7.05317
9.28467
9.25948
9.56466
9.50384
8.59421
8.58235
8.40791
8.44014
6.66603
5.35984
5.36378
3.95441
6.39187
10.1744
6.88995
7.90978
9.49928
9.40184
9.36011
8.69064
8.56619
8.43874
8.40452
7.36419
5.3628
5.36378
3.94083
5.21814
10.9805
6.75058
6.99054
9.56139
9.32791
9.13523
8.85452
8.5577
8.51886
8.41721
7.83974
5.38135
5.3628
3.92855
4.1603
10.9779
7.20217
6.54906
9.81596
9.50624
8.95085
9.09032
8.54245
8.538
8.42668
8.46048
5.68
5.33361
4.36965
3.91883
10.9073
8.20289
6.52257
8.70537
9.79006
8.82128
8.79815
8.5403
8.5772
8.4365
8.47342
6.06808
5.34469
5.26692
3.89943
10.7886
9.89005
6.33484
7.24422
10.0097
8.71493
8.50117
8.5675
8.56443
8.45573
8.46796
6.61385
5.36333
5.76176
3.89325
10.7373
11.3045
6.32676
6.34113
10.2438
8.59578
8.31726
8.75887
8.56861
8.46171
8.43634
7.28737
5.41249
5.7096
3.88067
9.94519
11.3205
7.12526
6.33104
9.42279
8.67862
8.10796
8.69031
8.55825
8.48435
8.42323
7.95613
5.58579
5.62149
3.86798
8.11389
11.0806
8.34629
6.4096
8.30678
8.94769
7.91467
8.39937
8.5539
8.48472
8.40681
8.39653
5.97008
5.51097
3.85524
6.18624
10.8621
9.71438
6.42094
7.16318
9.00302
7.90904
8.10937
8.53351
8.49656
8.42948
8.38497
6.50525
5.57159
3.8424
5.07636
10.6645
10.7026
6.39027
6.26331
9.42179
7.84739
7.88497
8.55389
8.51616
8.43634
8.3687
7.08334
5.62642
3.82976
4.06379
10.6325
11.32
6.57818
6.36029
8.95368
7.85079
7.93751
8.63527
8.49427
8.47202
8.35336
7.75715
5.68093
4.2579
3.81306
10.5968
11.6844
7.55118
6.00812
7.7791
7.85328
7.84649
8.45388
8.48796
8.45606
8.35617
8.17573
5.73245
5.16084
3.79397
10.5707
12.1375
9.11919
5.91499
6.8892
7.89807
7.71958
8.10336
8.50346
8.42079
8.3504
8.25571
5.93791
5.7326
3.77759
10.5514
12.0613
9.817
6.19249
6.50577
8.05722
7.79301
7.77529
8.51144
8.39547
8.37212
8.25888
6.21112
5.7548
3.76818
9.81775
11.45
10.4468
6.89777
6.77784
8.23571
7.57973
7.73628
8.4999
8.38175
8.39428
8.31712
6.68498
5.76101
3.75507
7.99278
11.1518
10.9841
7.9668
7.44941
8.14958
7.50226
7.5297
8.35338
8.36761
8.477
8.35295
7.28217
5.78667
3.75543
6.0838
10.934
11.2755
9.1573
8.06895
7.88099
7.34633
7.5773
8.04732
8.3412
8.40992
8.35623
7.7903
5.93811
3.7674
4.96971
10.6391
11.6744
9.73153
8.48447
7.64964
7.43689
7.37079
7.85198
8.34088
8.33448
8.36558
8.17943
5.95401
3.76802
3.99327
10.6677
12.0549
9.96129
8.77994
7.6738
7.25723
7.47353
7.8207
8.33315
8.33525
8.37218
8.21131
6.40277
4.25843
3.78939
10.6286
12.1472
10.197
8.99149
7.9998
7.13573
7.38026
7.9411
8.55614
8.32565
8.37218
8.23724
6.99658
5.16122
3.78404
10.5668
12.0245
10.4838
9.14379
8.87824
7.06051
7.09375
7.95133
8.61786
8.34437
8.41976
8.24702
7.29614
5.92996
3.79933
10.5706
11.4812
10.644
9.13397
9.20193
6.94876
7.04461
8.00877
8.30429
8.39197
8.49286
8.26643
7.92662
6.05971
3.79054
9.82267
10.8504
11.0765
9.39131
9.09242
7.01343
6.9464
7.97018
7.97853
8.43468
8.5028
8.30079
8.23059
6.31005
3.79923
8.02411
10.5917
11.4562
9.56481
8.99569
7.49344
7.0208
8.16906
7.90561
8.47078
8.55017
8.31342
8.25333
6.7706
3.79382
6.11569
10.3896
11.5362
9.98896
8.94121
8.16206
7.23515
8.06545
7.9099
8.75957
8.52573
8.36236
8.26939
7.38932
4.02613
5.0121
10.2407
11.804
10.3751
8.92477
9.10456
7.44843
7.91258
8.1516
8.9188
8.5813
8.39122
8.2788
7.70302
3.81228
4.03233
10.0245
11.9054
10.4859
9.00701
10.0003
7.71061
7.80622
8.30832
8.59461
8.66531
8.41066
8.29809
8.25629
4.88441
4.69428
9.8603
10.9302
10.784
9.08366
10.4686
8.1641
7.93411
8.39567
8.36271
8.75939
8.46812
8.32663
8.25639
6.40177
3.94712
9.71871
10.215
11.0982
9.23638
10.267
8.84121
8.23991
8.60562
8.3289
8.81713
8.50973
8.34925
8.26954
7.22022
4.29109
9.62908
9.80337
11.1805
9.39817
9.93967
9.30241
8.53035
8.79372
8.36779
9.06934
8.51314
8.40692
8.2724
7.6348
4.93408
9.61822
9.5903
11.4223
9.55776
9.55395
9.79914
8.84523
8.96144
8.40637
8.95738
8.55468
8.4648
8.27578
8.18394
4.34035
8.64398
9.58632
11.5526
9.61805
9.41538
10.0838
9.11991
9.21681
8.43658
8.5306
8.60258
8.49017
8.29814
8.26222
4.07231
6.63705
9.60711
11.177
9.92874
9.25862
10.2392
9.67664
9.39863
8.46435
8.48816
8.59972
8.53518
8.349
8.26315
4.46823
5.46698
9.6555
10.8072
10.3556
9.2201
10.5407
10.2627
9.47217
8.48735
8.46732
8.63113
8.5418
8.35767
8.25659
4.94929
4.72918
9.66559
10.4469
10.5185
9.35203
10.8381
10.4189
9.49398
8.72424
8.50146
8.70551
8.54512
8.44487
8.24348
5.64223
4.04949
9.55803
9.85311
10.743
9.41782
10.6484
10.7063
9.45615
8.71938
8.443
8.73788
8.56155
8.51538
8.22711
6.52057
4.07236
9.41446
9.55535
10.9367
9.54373
10.6195
10.7998
9.59906
8.8018
8.43604
8.96778
8.57451
8.52479
8.21807
7.73014
4.09804
9.29933
9.23132
10.8698
9.631
10.5772
10.8444
10.2148
8.85235
8.40984
8.94351
8.57143
8.58127
8.24661
8.20168
4.11145
9.41769
9.09053
10.7261
9.69145
10.1823
10.842
10.7295
8.89475
8.2721
8.55407
8.56915
8.58174
8.24318
8.19217
4.09772
7.81601
8.99157
10.4496
9.72519
10.0269
10.7876
10.9595
8.73724
8.37537
8.22655
8.57121
8.57508
8.34145
8.18655
4.07469
5.86948
8.89886
10.1292
9.68006
9.9105
10.7012
10.837
8.93199
8.4646
8.05762
8.59293
8.56878
8.44139
8.18583
4.04488
4.70155
8.79568
9.74776
9.76735
9.66334
10.6549
10.6247
9.33382
8.28376
8.00683
8.76164
8.53956
8.4508
8.16741
4.16509
4.02195
8.59472
9.3903
9.70525
9.65385
10.8485
10.5481
9.94088
8.20387
7.92481
9.03897
8.51956
8.54075
8.17906
4.83713
3.99314
8.46042
8.92879
9.94372
9.6476
10.7286
10.3758
10.4476
7.97341
7.83806
8.57763
8.50099
8.62442
8.18869
6.49775
3.94691
8.42323
8.57831
9.89124
9.58749
10.8435
10.1388
10.9644
7.6792
7.79206
8.33861
8.46969
8.52218
8.27765
7.66301
3.89396
8.43522
8.35067
9.60315
9.53764
11.1676
9.8586
11.6215
7.37241
7.72854
8.16414
8.40561
8.48312
8.39989
8.12529
3.82526
8.18488
8.35954
9.414
9.47164
11.0181
9.52585
11.9256
7.04923
7.4149
7.86232
8.44153
8.32976
8.43764
8.1215
3.76695
6.50138
8.4144
9.24426
9.35907
10.3484
9.18919
11.1824
7.23465
6.76906
7.62182
8.75402
8.27881
8.54404
8.16971
3.69279
4.82359
8.45245
9.27249
9.22925
9.82111
8.85592
10.4751
7.83115
6.52119
7.49981
8.40203
8.34148
8.61151
8.20496
3.68477
4.02052
8.40797
9.17327
9.13149
9.26525
8.62284
9.77108
8.80871
6.31617
7.54859
8.3001
8.36256
8.60533
8.30079
3.98795
3.67824
8.14537
9.04926
9.01162
9.11665
8.51545
8.83976
10.0517
6.55747
7.57387
8.04334
8.34408
8.59877
8.41518
4.81768
3.65525
7.4172
8.50271
8.76782
9.01454
8.50124
8.5002
11.152
6.86934
7.68034
7.75867
8.3599
8.46072
8.4378
6.51069
3.43984
6.41199
8.10612
8.57849
8.92559
9.10174
8.57821
11.7458
7.28042
7.73653
7.74027
8.38967
8.35958
8.54077
7.72359
3.13813
5.91294
7.40165
8.38213
8.94608
10.1594
8.6592
11.768
7.84732
7.94412
7.62328
7.88166
8.46422
8.6111
8.23791
2.9868
5.33018
6.51344
8.21196
8.84533
10.8593
8.68681
11.5608
8.198
8.07417
7.52791
7.69394
8.52487
8.61449
8.29059
3.07602
4.12448
6.43308
8.18731
8.32448
9.90147
8.64482
10.7894
7.86483
7.75773
7.45442
7.47799
8.46362
8.60987
8.36791
3.12216
3.22802
7.10516
8.01506
8.05068
9.31012
8.66232
9.87539
7.7991
7.27927
7.56107
7.42896
8.51402
8.55583
8.39355
3.23581
2.99212
7.57617
8.1268
7.84978
8.52061
8.71512
9.31676
8.63066
6.93618
7.74014
7.42877
8.22673
8.54438
8.47051
3.86305
2.851
8.01545
8.15723
7.5973
8.24475
8.88996
8.94265
9.64771
6.79518
8.08944
7.27927
7.87073
8.52069
8.55037
4.92922
2.93385
8.22887
8.19667
7.65675
7.99776
9.10688
9.05222
10.3228
6.80538
8.60993
7.31459
7.69094
8.54496
8.56644
6.65036
3.06897
8.29065
8.26478
7.73844
7.83961
9.77481
9.12051
11.2751
6.82059
8.52371
7.15448
7.273
8.57136
8.60549
7.89226
3.47682
8.54507
8.26536
7.78445
7.5741
10.3276
8.9821
11.47
6.6737
7.47035
7.49683
7.21608
8.55874
8.61521
8.4328
3.76717
8.04629
8.11607
7.99529
7.38889
8.94192
8.92648
11.2647
6.55178
6.88174
7.81726
7.17402
8.00435
8.54684
8.47024
3.83551
6.17466
7.9009
8.3445
7.20843
7.98856
8.98611
11.0528
6.68072
6.6438
8.17164
7.06963
7.40876
8.53497
8.52807
3.79394
4.55324
7.61708
8.062
7.08377
7.28666
9.16752
10.9346
7.34362
6.93687
8.80726
6.95401
7.04483
8.51433
8.53775
3.67894
3.8552
7.54662
7.79251
7.41378
6.98982
9.32884
10.6198
8.80022
7.24031
9.41568
6.84797
6.76944
8.41067
8.54584
4.0641
3.5332
7.39319
7.61876
7.84672
6.84739
9.2568
10.0451
10.3736
7.31847
9.22793
7.1681
6.61935
8.33132
8.49558
4.95812
3.45964
7.05529
7.47576
8.27158
6.71699
9.24236
9.55814
10.9749
7.2482
8.4388
7.66401
6.49704
7.99097
8.38716
6.69518
3.41548
6.69744
7.42048
8.64214
6.80654
8.42317
8.77813
10.8108
7.25362
7.65288
8.24627
6.47829
7.13916
8.31388
7.93121
3.40608
6.29866
7.08006
8.2619
6.83276
7.50652
8.65505
10.682
7.46805
7.508
8.91885
6.22024
6.71567
8.18893
8.44568
3.37775
6.0354
6.77372
7.85992
6.85077
6.9511
8.65288
10.5603
7.98343
7.76816
9.51394
6.1985
6.29403
8.1537
8.49281
3.33813
4.84684
6.57648
7.53993
7.19039
7.00103
8.71064
10.528
8.80436
8.00272
10.2146
6.59577
5.98514
7.81283
8.56021
3.28566
3.68802
6.37089
7.57958
8.09793
6.99556
8.68844
10.2896
9.71092
8.2638
10.8611
7.25727
5.94691
7.28934
8.49496
3.28857
3.37224
6.22891
7.94485
9.03557
7.08395
8.60558
9.62196
10.6407
8.51783
10.3039
8.13202
5.88686
6.55429
8.49463
3.94188
3.35026
6.50214
8.15471
9.02378
7.30366
8.39609
9.05747
10.8477
8.75488
9.60645
8.85691
5.75236
6.17945
8.39653
4.94201
3.46018
6.8174
8.51856
8.97729
7.2766
8.27269
8.51317
10.8247
8.96544
9.21359
9.48059
5.66115
5.65751
8.28472
6.66944
3.51222
7.04264
8.61158
8.81116
7.36624
7.51201
8.17915
10.8421
9.33897
9.17969
10.1149
6.0801
5.53432
7.93619
7.9051
3.50889
7.48448
8.77066
8.80925
7.75362
7.06094
8.0439
10.7149
9.60485
9.33064
10.7529
6.60329
5.50118
7.34826
8.43596
3.48327
7.34019
8.81038
8.78612
8.96234
7.04436
7.84238
10.0509
10.0965
9.52051
11.0502
7.4384
5.49719
6.3822
8.50487
3.5378
6.2301
9.268
8.9876
9.3662
7.22329
7.71648
9.16705
10.6239
9.79956
11.4804
8.26884
5.28932
5.93398
8.58906
3.67443
4.90942
10.116
8.88847
9.33876
7.22176
7.69689
8.51123
10.8088
10.1273
11.9259
9.02602
5.3237
5.59598
8.48958
3.8553
4.2986
10.4571
8.93251
8.91707
7.11278
7.70369
8.0122
10.4898
10.4864
11.7802
9.74697
5.57728
5.152
8.30904
4.1466
3.98522
10.4156
9.40142
8.82349
7.08581
7.13941
7.80963
10.0853
10.8604
11.3655
10.5347
5.88981
5.01198
7.72528
4.95807
4.0171
10.1537
9.40655
8.96384
7.28754
7.21253
7.76941
9.54482
11.0006
11.3875
11.0344
6.5114
4.83035
6.69503
6.71452
3.98393
9.66697
9.34435
8.90969
7.89889
7.2957
7.88931
9.21896
10.6245
11.5392
11.6061
7.1484
4.86448
5.76017
7.98227
3.95106
9.12192
9.61562
9.09783
9.04568
7.32367
8.11431
9.04667
10.0248
11.8074
12.1965
7.93047
4.82006
5.34219
8.41637
3.95805
8.7809
9.30126
9.2879
9.42275
7.42648
8.3537
8.75341
9.76789
11.8722
12.4709
8.7688
4.69944
4.68371
8.22042
4.03583
7.38532
9.16379
9.48609
9.16864
7.51253
7.87991
8.83527
9.33434
11.5808
12.8516
9.63396
4.86933
4.72054
7.89461
4.11807
5.73859
8.9996
9.38679
9.06723
7.59536
7.57781
8.97126
9.0699
11.1107
13.0944
10.5507
5.43677
4.81539
7.13055
4.17724
4.82255
8.94934
9.40143
8.88655
8.20736
7.73398
9.19424
9.01342
10.6014
12.6159
11.2947
5.65341
4.44336
6.26414
4.32845
4.22659
8.96261
9.4538
8.9312
9.07032
7.84064
9.30744
9.22526
10.1298
12.1873
11.9454
5.94239
4.19308
5.56629
5.07506
4.23583
9.0552
9.26175
8.70298
9.20221
8.05732
9.57441
9.61354
10.0872
11.4532
12.318
7.03876
4.13927
4.88495
6.88079
4.26833
9.15446
9.19043
8.30343
8.96569
8.37558
9.32809
9.97592
9.97792
10.5194
12.7668
7.90931
4.18825
4.30543
8.1901
4.30396
9.20927
9.20018
8.08289
8.88781
8.728
8.85685
10.3235
9.85453
10.0002
13.1438
8.76184
4.43677
4.1667
7.73241
4.36938
9.50343
9.28777
7.57791
8.00469
9.07787
8.84551
10.5191
9.74948
9.76575
13.0505
10.0885
5.14321
4.18236
6.90092
4.44452
8.46337
9.4006
7.26121
7.20339
9.73643
9.05007
10.3097
10.0645
9.77165
12.5071
11.1181
5.56643
4.15482
5.90487
4.47671
6.55307
9.43559
6.89626
6.7452
9.02857
9.22936
10.0874
10.5289
9.78346
11.598
11.5288
6.17202
4.00945
4.88042
4.49257
5.27968
9.49377
6.45733
6.19572
8.529
9.3713
9.69536
11.1749
9.55257
10.3597
11.9595
6.98332
3.82916
4.25532
4.55098
4.46859
9.47998
6.21687
5.46174
7.93151
9.30194
9.44302
11.371
9.20629
9.49939
12.3186
7.67338
3.66985
3.75362
5.27224
4.45164
9.66474
6.68708
4.81462
6.85068
9.51278
9.41582
10.7423
8.79172
8.88925
12.3452
8.4965
3.84961
3.61275
7.08795
4.42632
9.76968
7.30783
4.41854
6.32582
9.55601
9.4606
10.1565
8.8939
8.43055
12.4701
9.35193
4.14496
3.67969
6.83772
4.41322
9.66606
7.57267
4.30247
5.57791
8.81808
9.33525
9.62709
9.3549
8.23957
12.3033
10.146
4.39521
3.72952
5.74532
4.41015
10.0359
7.8562
4.34683
4.69478
8.18309
9.15428
9.10363
10.1034
8.24198
11.2941
11.0312
4.6101
3.62758
4.914
4.40988
8.28349
7.88877
4.32767
4.42017
7.48409
9.09259
8.95691
10.7579
8.52244
10.1076
11.5462
4.77526
3.49577
4.27264
4.3935
6.26666
7.65756
4.55881
4.30457
6.37631
9.53623
8.83805
10.7561
8.71438
9.14644
11.584
5.30425
3.47352
3.79794
4.37997
5.05648
7.61676
5.10864
4.21724
5.93489
9.30811
8.74574
10.0475
8.72785
8.59273
11.7332
6.23538
3.5574
3.69994
4.48157
4.34187
7.86737
5.76448
4.13763
5.34114
8.42784
8.57143
9.34863
8.56987
8.24182
11.7494
7.31726
3.59768
3.75318
5.21864
4.32605
8.18421
6.63814
4.0949
4.95236
7.82487
8.37835
8.54164
8.84958
7.80932
11.66
8.69373
3.65216
3.69826
6.39957
4.28753
8.72342
7.33906
4.07469
4.85004
7.0325
8.24461
8.2828
9.41545
7.36015
11.2323
9.97653
3.57892
3.65673
5.44475
4.25403
9.3931
7.65807
4.06913
4.56452
6.05536
8.50299
8.13413
9.63866
6.92347
10.2194
10.7063
3.68608
3.56005
4.46697
4.21607
