1.31604
1.97357
5.5142
5.98605
6.29744
6.46839
6.55097
6.8418
9.0037
11.6654
14.4472
9.33343
4.87854
4.88888
6.70542
1.83245
2.00416
5.02319
5.96131
6.2181
6.45212
6.55121
6.75328
7.49984
11.7869
14.4687
11.1575
5.26657
5.0184
6.28812
2.36651
1.93395
4.46355
5.89366
6.13538
6.43994
6.49312
6.34737
6.55501
11.7941
14.4016
12.9007
5.57126
5.1982
6.24409
2.84705
2.07841
3.83298
5.80653
6.12001
6.44614
6.45192
6.46853
6.125
10.808
14.2093
14.1739
5.88044
5.41766
6.1386
3.7509
1.81453
2.89314
5.741
6.05875
6.41982
6.46451
6.56672
6.09691
10.1879
13.9198
14.4737
6.21292
5.62411
5.90499
4.38902
1.86131
2.42802
5.52557
5.98903
6.40611
6.46814
6.60895
6.03777
9.23676
13.4594
14.479
6.6563
5.83639
6.00163
4.91001
2.10072
2.53962
5.05622
5.97729
6.29764
6.47353
6.65742
6.04827
7.70369
13.2458
14.4446
7.46874
5.9953
6.02816
5.92734
2.40018
2.14245
4.51483
5.87586
6.19346
6.48306
6.5845
6.17698
6.78769
12.4355
14.4053
9.07901
6.46787
6.1409
6.78642
2.80824
2.11722
3.90906
5.77545
6.18107
6.48594
6.52945
6.30419
6.64481
10.9528
14.227
11.0407
7.48415
6.29663
7.02031
3.0353
2.26993
2.96031
5.71017
6.11654
6.48311
6.52633
6.4013
6.40808
10.1779
13.9316
12.7509
8.14368
6.579
6.97234
3.01452
2.22356
2.90216
5.49713
6.0713
6.45862
6.48906
6.4994
6.32027
9.43719
13.5154
13.9648
8.60639
6.90743
7.11279
2.99599
2.35099
2.44573
5.00642
6.06209
6.38612
6.49214
6.67224
6.2414
8.06118
13.1404
14.3871
8.96146
7.22109
7.13228
3.393
2.63485
2.321
4.49734
6.00097
6.29447
6.48316
6.6481
6.40369
7.45655
12.4624
14.3331
9.1104
7.42092
7.19416
4.19903
2.93383
2.40826
3.89913
5.90545
6.2853
6.46179
6.60553
6.47954
7.51991
11.4872
14.2354
9.43534
7.5156
7.21494
4.94104
2.93461
2.42053
3.22739
5.86891
6.22384
6.43419
6.59621
6.59518
6.96601
10.8037
13.908
10.0414
7.45332
7.18209
5.94028
2.90577
2.44958
2.71507
5.7
6.17771
6.42214
6.55353
6.5727
6.73966
10.0105
13.4363
11.2696
7.21666
7.36161
6.79243
2.86919
2.64376
2.4369
5.29517
6.1568
6.3705
6.51671
6.68468
6.68952
8.99596
13.0121
12.7159
6.81352
7.61357
7.08558
2.8454
2.96115
2.41315
4.81088
6.06816
6.34602
6.50129
6.68438
6.75886
8.37691
12.6165
13.641
6.43973
7.63887
7.09009
2.833
2.95231
2.46683
4.21008
6.00379
6.33978
6.48291
6.63268
6.74005
7.93091
11.9361
13.9364
6.15284
7.73242
7.10576
2.82081
2.8241
2.33847
3.29882
5.97039
6.27257
6.47979
6.61474
6.722
7.23573
11.1795
13.7005
5.96243
7.75687
7.07861
3.26751
2.81784
2.40964
2.74921
5.86772
6.18741
6.47676
6.55998
6.71449
6.96577
10.1352
13.4895
6.02642
6.85468
7.0916
4.11592
2.81715
2.31437
2.44874
5.57203
6.16566
6.46467
6.50497
6.71449
6.70186
8.83574
13.317
7.00223
6.05025
7.06619
4.88316
2.81665
2.33016
2.22542
5.20392
6.08101
6.42205
6.49282
6.70659
6.55325
7.82765
13.0757
8.41532
5.57287
7.07112
5.90961
2.81095
2.46489
2.10732
4.65758
6.01886
6.41015
6.47959
6.66033
6.4209
7.07253
12.3681
10.2273
5.37032
7.09913
6.77497
2.79175
2.72861
1.90866
3.72806
6.01886
6.34652
6.47682
6.64789
6.42668
6.42509
11.2588
12.0239
5.21654
7.12306
7.02286
2.77071
2.87192
1.8708
2.88436
5.97945
6.25755
6.47071
6.60562
6.41838
6.37566
10.001
13.1887
5.16353
7.17975
7.01115
2.73957
2.78631
1.80275
2.38241
5.82853
6.24268
6.46779
6.54174
6.6677
6.33144
8.56069
12.817
5.12669
7.47463
7.02122
2.76194
2.71529
1.73059
1.86816
5.58525
6.16314
6.44053
6.52291
6.71512
6.49939
7.56518
12.4177
5.09599
6.89048
6.99878
3.26598
2.70632
1.84607
1.70919
5.41536
6.0984
6.42497
6.47671
6.66945
6.65727
6.91046
11.3369
5.12104
5.87036
6.99319
4.14912
2.71192
2.11815
1.70654
4.39617
6.0984
6.37641
6.45565
6.65419
6.71863
6.61028
10.073
5.23261
5.36074
7.02153
4.94045
2.70901
2.43546
1.81984
3.4226
6.06445
6.31539
6.44941
6.61494
6.71547
6.63299
8.9258
5.62898
5.39402
7.03438
5.96224
2.70591
2.68158
1.65306
2.70512
6.00158
6.29408
6.44014
6.55685
6.73066
6.65088
7.94747
6.84299
5.505
7.03517
6.80667
2.68199
2.85245
1.67312
2.02442
5.90966
6.23282
6.43102
6.55021
6.72765
6.74235
7.19322
8.11488
5.5897
7.04162
7.04772
2.66719
2.77885
1.64636
1.5457
5.35583
6.19604
6.42185
6.53203
6.69399
6.81565
6.66583
9.10449
5.56001
6.89647
7.05638
2.62068
2.67906
1.93907
1.70146
4.40696
6.19916
6.37967
6.51383
6.69107
6.80396
6.46113
8.21763
5.5592
6.26625
7.05057
2.62944
2.56565
2.37743
1.582
3.46128
6.16893
6.31867
6.52568
6.654
6.76418
6.26571
7.17084
5.56931
5.75772
7.04455
3.11422
2.51341
2.70455
1.72664
2.63643
6.14113
6.29696
6.51355
6.61753
6.76442
6.16489
7.11981
5.64136
5.51661
7.05169
4.01507
2.45265
2.91859
1.69106
1.94742
5.98262
6.23579
6.48885
6.62377
6.72795
6.14407
6.68272
5.76968
5.40375
7.0932
4.80536
2.42287
2.88817
1.89728
1.92044
5.34879
6.21096
6.50155
6.62941
6.69394
6.4808
6.24271
6.05355
5.17799
6.85733
5.85118
2.40464
2.78928
2.07291
1.9343
4.42959
6.21131
6.47132
6.62941
6.68789
6.70292
6.40677
6.55896
4.88518
6.31619
6.73512
2.40241
2.67945
2.43883
2.12258
3.56121
6.20477
6.41323
6.62941
6.6483
6.72667
6.47403
7.30517
4.57561
5.75284
7.01792
2.40171
2.57757
2.72653
2.11942
2.87108
6.19554
6.42567
6.63224
6.62941
6.78882
6.57305
8.03172
4.33948
5.07739
7.02585
2.40479
2.47203
2.78442
2.25436
2.3508
6.19018
6.37338
6.62085
6.62941
6.83017
6.66606
7.26518
4.22622
4.53237
7.04152
2.44343
2.39849
2.67467
2.43072
2.1709
5.42193
6.31841
6.64523
6.63224
6.79189
6.62067
6.64474
4.37648
4.49665
7.03875
2.98207
2.39864
2.51445
2.53609
2.35791
4.60437
6.32144
6.61777
6.63853
6.80413
6.59674
6.57927
4.84789
4.73481
7.0784
3.93219
2.39201
2.4188
2.56814
2.33289
3.79094
6.2754
6.5812
6.64765
6.74911
6.71286
6.59041
5.24069
5.16508
7.09941
4.76858
2.37019
2.35515
2.4612
2.5491
3.07202
6.27867
6.5812
6.66594
6.70312
6.76503
6.59942
5.87736
5.59589
7.11496
5.82386
2.35537
2.31194
2.37213
2.62916
2.4077
5.82269
6.51706
6.6813
6.71239
6.76756
6.6713
6.51374
6.00008
7.0755
6.71084
2.33728
2.23229
2.25966
2.47378
2.52172
5.03542
6.45303
6.70862
6.6993
6.788
6.73312
6.73724
6.37054
7.106
7.01173
2.3063
2.1804
2.14923
2.36216
2.34897
4.18737
6.44064
6.727
6.71144
6.81188
6.74593
6.77202
6.66635
7.10663
7.03567
2.26736
2.17058
2.06091
2.28766
2.3774
3.4244
6.36743
6.69653
6.73043
6.82404
6.76134
6.79089
6.86334
7.10958
7.08147
2.28999
2.23086
2.02448
2.16495
2.21373
2.54055
6.02905
6.6939
6.75451
6.8975
6.76476
6.78608
6.87735
7.05293
7.0884
2.78724
2.19681
2.04296
2.087
2.24151
2.17309
5.12211
6.63888
6.74201
6.89545
6.78577
6.78588
6.86819
6.98447
7.09572
3.73634
2.13876
2.10358
2.10478
2.23556
2.09417
4.30381
6.57823
6.73349
6.85325
6.78954
6.79243
6.88736
6.9688
7.05388
4.61509
2.05666
2.25323
2.19581
2.15187
1.97588
3.33405
6.56885
6.73631
6.84352
6.81873
6.78885
6.88337
6.95412
7.03648
5.74656
1.98642
2.33769
2.31833
2.08408
1.89831
2.40146
6.51665
6.73621
6.7892
6.83136
6.79554
6.86532
6.92375
7.05017
6.72858
1.95288
2.22166
2.44957
2.09102
1.9252
1.79543
5.80486
6.75969
6.75228
6.89169
6.81383
6.86178
6.91825
7.01569
7.08761
1.93713
2.08616
2.57135
2.17957
1.94354
1.721
4.7768
6.76784
6.7554
6.9867
6.81654
6.88351
6.93068
6.9855
7.13931
1.93043
1.9654
2.67836
2.33543
1.90973
1.68395
3.88778
6.68845
6.73656
6.964
6.83389
6.87202
6.96663
6.98923
7.16812
2.02314
1.93661
2.72407
2.57618
1.83835
1.62155
2.80801
6.6885
6.74593
6.957
6.85287
6.85961
7.00726
6.97915
7.1406
2.6662
1.92972
2.5618
2.81592
1.82868
1.5443
1.76783
6.27674
6.75878
6.88726
6.90169
6.88976
7.02888
7.00018
7.12225
3.75328
1.92755
2.37762
2.98053
1.87589
1.33961
1.42127
4.90326
6.7669
6.85656
6.93903
6.89912
6.98817
6.98504
7.08048
4.70648
1.93691
2.19841
3.01748
1.92641
1.11796
0.904585
3.60319
6.76749
6.85532
6.99636
6.92991
6.98788
7.0066
7.02546
5.85639
1.96352
2.06507
2.95994
2.12496
0.940032
0.600697
2.47963
6.78305
6.84327
7.02724
6.95627
6.97928
7.01562
7.01985
6.82626
1.97359
2.01245
2.80405
2.45023
0.834986
0.392926
1.14378
6.80075
6.83435
7.08524
6.98115
6.97871
7.08558
7.03462
7.1393
1.99642
1.988
2.56476
2.7222
0.788825
0.42139
0.408907
6.829
6.81947
7.03538
7.00895
7.00934
7.1497
7.04319
7.13022
2.0616
1.96966
2.3307
2.87955
0.95604
0.423916
0.429347
6.18186
6.80371
6.92459
7.04544
7.02981
7.19877
7.05614
7.12135
2.22163
1.93601
2.12675
2.98372
1.32307
0.430482
0.451745
5.22445
6.79563
6.92418
7.07888
7.05152
7.23296
7.07035
7.08383
2.88617
1.92331
1.96597
2.95047
1.72817
0.492083
0.461674
4.11073
6.79801
6.8454
7.10649
7.08518
7.20909
7.077
7.0993
3.94012
1.93218
1.94233
2.81829
2.21962
0.604182
0.467686
3.07803
6.82165
6.80455
7.12468
7.0946
7.19933
7.10992
7.09865
4.85358
1.99874
1.94295
2.58659
2.66285
0.847643
0.53488
2.18772
6.75955
6.81604
7.10743
7.09445
7.23887
7.20412
7.1121
5.94271
2.12216
1.919
2.30212
2.89548
1.21354
0.694166
1.65077
5.87915
6.81649
7.05594
7.11542
7.24483
7.25283
7.16092
6.83312
2.26995
1.88802
2.07118
3.00558
1.6852
0.947084
1.49418
4.86861
6.83736
7.04405
7.11874
7.22291
7.42418
7.20166
7.09143
2.46811
1.8693
1.91632
2.954
2.11777
1.23772
1.38485
3.57633
6.86249
6.98888
7.12201
7.24765
7.50829
7.21405
7.08513
2.6583
1.88462
1.88789
2.79204
2.52827
1.56444
1.20632
2.37765
6.911
6.95492
7.12453
7.2082
7.50507
7.26341
7.08796
2.87978
1.99532
1.91866
2.51084
2.828
1.86009
1.17293
1.5261
6.79354
6.96359
7.07398
7.17419
7.5482
7.31746
7.09108
3.5095
2.21312
1.91807
2.24782
2.95832
2.15483
1.34333
1.16546
5.65121
6.97322
7.01891
7.18366
7.52381
7.36261
7.12781
4.41234
2.44049
1.93016
2.0803
2.9695
2.42405
1.52935
1.16861
4.60202
6.98223
7.00687
7.15001
7.49258
7.48
7.17698
5.13617
2.68465
1.97233
1.98934
2.81427
2.6028
1.79373
1.17111
3.24565
6.99433
6.99146
7.12945
7.50799
7.61955
7.17687
6.07537
2.8914
2.05793
2.01545
2.63521
2.7636
2.05482
1.15816
1.99741
7.02158
6.98223
7.13207
7.42829
7.67411
7.22936
6.85325
2.83362
2.25243
2.03776
2.42342
2.89972
2.26321
1.12719
1.27749
7.01929
6.98843
7.07447
7.35586
7.85136
7.3199
7.08796
2.71723
2.52328
2.07131
2.27949
2.97582
2.40002
1.1265
1.18694
5.89811
6.98263
7.01315
7.35556
7.88779
7.3411
7.12469
2.67039
2.67583
2.14664
2.21505
3.00886
2.49523
1.15925
1.15814
4.89826
6.98611
7.01911
7.2816
7.79918
7.47594
7.15914
2.71371
2.68913
2.25409
2.22326
2.88995
2.60648
1.32923
1.21598
3.58493
7.00626
6.99175
7.22386
7.79883
7.62823
7.17158
3.18448
2.74115
2.40835
2.27887
2.74836
2.71115
1.55279
1.26895
2.30043
7.09122
7.00994
7.21186
7.65614
7.66773
7.22886
4.04993
2.75575
2.61485
2.35777
2.59187
2.75785
1.84921
1.29669
1.50352
7.11882
7.03417
7.1567
7.53645
7.82391
7.32347
4.98571
2.79748
2.83316
2.45007
2.52774
2.81837
2.1911
1.29521
1.42131
7.235
7.04041
7.10784
7.53333
7.94295
7.35698
6.07091
2.93503
2.96654
2.55301
2.57488
2.88166
2.4804
1.30716
1.34528
6.87015
7.05221
7.10451
7.40733
7.95544
7.49431
6.84366
3.30951
3.05662
2.70372
2.6721
2.91146
2.67248
1.31022
1.32352
5.74191
7.0648
7.08026
7.33856
8.02429
7.64711
7.08275
5.35176
3.12688
2.83632
2.7607
2.93857
2.69922
1.37566
1.32358
4.47317
7.12562
7.08606
7.33836
7.89097
7.68989
7.11312
7.05807
3.10248
2.92463
2.84533
2.96968
2.71462
1.49291
1.34417
3.62613
7.16196
7.09256
7.2512
7.7626
7.79063
7.18876
7.07066
3.12145
2.91359
2.90311
2.94619
2.7153
1.74314
1.37139
2.45199
7.26166
7.09839
7.197
7.75651
7.8863
7.19827
7.07412
3.41465
2.87239
2.89032
2.92895
2.70443
2.05598
1.44519
1.86587
7.46822
7.1047
7.20007
7.61585
7.90133
7.32877
7.08229
3.82491
2.84652
2.8538
2.96533
2.69735
2.37761
1.55663
1.66081
7.32757
7.1043
7.14777
7.47806
7.95609
7.48803
7.07585
5.3438
2.88173
2.81494
3.01406
2.72727
2.6414
1.66546
1.70659
7.80446
7.12591
7.12611
7.46647
7.99528
7.50691
7.08567
7.71004
2.91643
2.7346
2.99434
2.82565
2.66051
1.73215
1.75598
6.86628
7.13771
7.14162
7.35887
7.89984
7.64626
7.09449
7.4591
3.17657
2.53888
2.84428
2.87307
2.65969
1.87658
1.82076
5.65215
7.21056
7.16209
7.27898
7.87193
7.75472
7.09197
7.05633
3.73934
2.32147
2.47694
2.90669
2.65986
2.06992
1.90319
4.52163
7.12413
7.17404
7.27912
7.75006
7.75779
7.19803
6.77488
4.26059
2.20966
2.02758
2.93075
2.60561
2.28339
1.92177
3.1772
7.78508
7.1956
7.24225
7.61947
7.78268
7.32922
6.20904
5.17316
2.23933
1.73205
2.90967
2.56815
2.39845
1.87912
2.29827
8.31275
7.07867
7.22069
7.61327
7.77949
7.3261
5.23968
5.40389
2.37586
1.57153
2.65502
2.56103
2.47773
1.92032
2.01945
8.47017
7.21454
7.22366
7.49679
7.74613
7.45719
4.47914
4.09305
2.93569
1.46909
2.2539
2.56622
2.43194
1.9781
2.00088
8.28382
7.07853
7.22048
7.3899
7.70035
7.57639
5.05504
3.62888
3.84587
1.41924
1.83243
2.52407
2.40645
2.05262
2.06813
8.04047
7.47108
7.22043
7.38052
7.64513
7.57059
6.01977
3.49696
3.95712
1.37797
1.49738
2.52453
2.39045
2.10952
2.04724
7.4053
7.36253
7.07229
7.30073
7.58397
7.58794
6.90946
2.8991
2.8953
1.36399
1.39413
2.3449
2.3573
2.15527
2.00273
7.00944
7.69399
7.02413
7.24557
7.55671
7.53217
7.19301
2.76575
2.45
1.50311
1.37054
2.01666
2.34425
2.21616
1.94406
6.66752
8.12816
6.88504
7.22693
7.52256
7.48023
7.24456
3.74589
2.1058
1.88689
1.43222
1.75532
2.34243
2.22805
2.02931
5.93971
8.53997
7.10592
7.20854
7.47943
7.43156
7.32347
4.41423
2.18779
2.45811
1.41853
1.56149
2.35059
2.2186
2.0609
5.3023
8.75033
7.07548
7.03483
7.47211
7.37947
7.31757
5.47599
2.3031
3.60421
1.48796
1.44263
1.97517
2.25571
2.10988
4.67144
8.30869
7.16651
7.12565
7.35005
7.31842
7.40009
6.36605
2.08065
5.40246
1.65142
1.43574
1.66816
2.24977
2.13787
3.81076
8.15815
7.2937
6.91527
7.23041
7.26061
7.34022
6.86612
1.80559
4.87548
1.84586
1.37368
1.48496
2.26249
2.13541
3.12024
7.95351
7.50921
6.93637
7.1906
7.20536
7.22712
6.99154
2.03327
3.29527
2.08407
1.25384
1.27681
2.19116
2.12502
2.62135
7.76906
7.7288
6.80446
7.12562
7.15009
7.1661
7.15356
2.90058
2.37115
2.18444
1.21155
1.13685
1.85916
2.12922
2.24593
7.73349
8.38335
6.73908
7.12339
7.13195
7.10227
7.14757
4.24757
2.44099
2.34543
1.37924
1.08671
1.60879
2.07234
2.09127
7.65195
8.39932
6.72357
6.74843
7.17671
7.07135
7.15297
6.2823
2.58061
2.82939
1.36816
1.04819
1.39721
2.07728
2.01166
7.5633
8.67973
6.70931
6.63606
7.14317
7.03447
7.18018
6.53997
2.78048
3.92631
1.25547
0.981398
1.08716
1.94883
1.88002
7.43758
8.68353
6.67698
6.58628
7.16591
7.00999
7.16343
6.95381
2.95466
5.92193
1.18957
0.919039
0.914365
1.69471
1.6058
7.31187
8.32813
6.93021
6.51079
7.14098
6.98793
7.1329
7.07992
3.68187
4.70077
1.12635
0.927699
0.828407
1.41966
1.34467
6.79972
8.16583
7.16293
6.47828
6.82179
6.9853
7.04756
7.06172
4.8021
4.76914
1.08205
0.875486
0.820571
1.13112
1.31919
6.40242
7.99552
7.16417
6.51944
6.77901
6.98223
6.9858
7.03684
5.20622
5.21743
1.10321
0.831109
0.79924
0.878701
1.45663
5.94483
7.80433
7.45423
6.37043
6.78286
6.98223
6.98253
7.01579
5.58127
5.23012
1.14648
0.8253
0.792743
0.770263
1.29609
5.26002
7.82484
7.85211
6.5373
6.67154
7.00057
6.97317
7.00631
5.60675
5.37299
1.33222
0.857924
0.777923
0.713174
1.20931
4.97941
7.71335
7.92066
6.43956
6.44777
6.87555
6.96385
7.03382
4.88309
5.92012
1.91404
0.90576
0.785367
0.782773
1.26516
4.77094
7.64406
8.25463
6.32065
6.46577
6.90135
6.95488
7.01668
4.02641
5.08234
3.13578
0.947598
0.825246
0.845185
1.05444
4.7165
7.60865
8.62972
6.18089
6.26125
6.83389
6.94561
6.96741
3.56618
3.57379
4.63973
1.0136
0.868731
0.947868
0.904261
4.63314
7.44688
8.43255
6.14356
6.05282
6.84317
6.92117
6.9584
4.07427
3.29942
6.10013
1.0867
0.900302
0.98926
1.00192
4.63374
6.91497
8.32989
6.33003
5.87435
6.70082
6.86062
6.9184
5.17749
3.73885
7.32621
1.21309
0.969942
0.997082
1.10018
4.34851
6.5034
8.18039
6.41105
5.68471
6.67981
6.63513
6.89391
5.92225
4.10814
6.77268
1.3206
1.02848
1.07079
1.22201
3.66685
6.11695
7.99561
6.8273
5.46916
6.80406
6.51883
6.86938
6.67782
4.09527
5.27017
1.42574
1.0929
1.11192
1.26513
3.01224
5.39977
8.02138
7.30388
5.25574
6.15976
6.48837
6.85084
6.95382
4.79174
4.5926
1.82058
1.15276
1.16262
1.29604
2.07834
4.95588
7.91549
7.47344
5.03732
5.48512
6.52674
6.83537
6.96067
6.94535
5.46123
2.79059
1.18713
1.19535
1.32044
1.65303
4.54928
7.81772
7.85988
4.78831
4.78992
6.50655
6.72273
6.97633
7.33984
6.51361
4.19896
1.21466
1.196
1.32912
1.5435
3.88675
7.82405
8.25152
4.57739
4.51375
6.57494
6.58821
6.96455
6.98213
6.88095
5.42214
1.23146
1.17269
1.33635
1.44122
3.36116
7.71171
8.31236
4.7601
4.22216
6.4159
6.68368
6.91597
6.97887
7.4329
6.89068
1.33561
1.11521
1.34855
1.36961
2.93484
6.84975
8.37039
5.23401
3.93694
5.79639
6.63044
6.85441
6.96113
8.68371
7.58367
1.52405
1.06048
1.36841
1.36361
2.35958
5.93499
8.22952
5.56612
3.69602
4.99842
6.66864
6.84772
6.94253
10.5517
8.2343
1.76611
1.00755
1.47022
1.39861
2.01472
5.06092
8.12144
6.13125
3.47432
4.06598
6.62974
6.80386
6.93654
11.5132
9.72841
2.07685
1.02384
1.50343
1.43407
1.87373
3.8439
8.15393
6.69489
3.26163
3.45429
6.23805
6.63837
6.93109
9.92756
11.1963
2.56581
1.08759
1.53135
1.43324
1.70635
2.96181
7.87766
6.93238
3.07497
3.06707
5.44129
6.62786
6.92122
8.16506
12.7734
3.50021
1.29673
1.86215
1.405
1.64988
2.66128
6.83177
7.36768
3.22507
2.82739
4.70852
6.64738
6.9028
7.25052
14.3064
4.99257
1.5298
1.94631
1.3979
1.68552
2.34995
5.88967
7.82718
3.3855
2.64391
4.04431
6.67114
6.89579
6.90535
15.4409
7.00962
1.80766
1.96558
1.47588
1.64625
2.21708
4.99397
7.93691
3.86073
2.4931
3.26706
6.99138
6.67747
6.90253
15.3768
9.43957
2.1955
2.14675
1.60441
1.62542
2.21877
3.8337
8.26826
4.42658
2.37382
2.75878
7.3911
6.68888
6.89623
14.9226
11.6838
2.88732
2.55033
2.04459
1.80801
2.07165
3.25893
7.84641
4.82043
2.23141
2.42116
7.57168
6.68015
6.88414
13.4205
13.5775
3.62312
2.97302
2.97371
1.9572
1.97734
3.12115
6.71818
5.39492
2.18029
2.12405
6.91625
6.68899
6.86581
11.771
14.8336
4.75306
3.41555
3.94788
1.95207
2.01973
2.85912
5.70801
6.01255
2.14329
2.04485
5.9534
6.69293
6.8509
10.1216
15.2871
6.24324
3.84043
5.56203
2.1228
2.02921
2.74307
4.73576
6.33777
2.32991
1.97697
5.06629
7.11381
6.70763
8.22476
15.2672
7.72435
4.26274
7.4542
2.67296
2.03106
2.65592
3.63994
6.8447
2.63333
1.92215
4.2457
8.06128
6.69561
7.25617
15.2354
9.30857
4.65443
7.92298
3.99847
2.12503
2.37585
3.24871
7.39175
2.84448
1.8939
3.3817
8.51043
6.6982
6.86026
15.17
11.1803
4.95304
6.55248
5.45562
2.26018
2.31569
3.08023
5.99315
3.28247
1.86361
2.77965
8.75833
6.69169
6.8566
15.1193
12.8618
5.18731
6.02614
6.59814
2.41007
2.34652
3.04132
4.81171
3.81392
1.83898
2.40354
8.26226
6.77779
6.70447
14.5673
14.0198
5.38856
5.6076
7.87761
2.87647
2.42209
2.99008
3.94788
4.17952
1.80013
2.0323
7.62043
7.61539
6.7199
12.6959
14.9272
5.86311
5.58274
8.22446
3.11995
2.44075
2.88904
3.08793
4.74843
1.88659
1.87511
6.82812
8.69261
6.74105
11.0063
15.0166
7.04224
5.96378
8.4103
3.38193
2.52837
2.60688
2.64971
5.35064
1.87966
1.76136
5.76719
9.31201
6.77873
9.42995
14.8643
8.64795
6.39211
8.64746
3.64761
2.50235
2.51955
2.28842
3.9365
2.05321
1.70805
4.77711
9.35528
6.84255
7.66069
14.1771
10.2665
6.88672
9.16561
3.66218
2.6023
2.52945
2.07268
2.6751
2.31402
1.66388
3.88969
9.43938
7.48226
7.16236
12.126
11.7656
7.34201
9.59103
3.48791
3.07277
2.60199
2.01147
2.0964
2.46448
1.63117
3.01048
9.42174
8.19234
6.20239
9.58386
13.3033
7.79805
9.34076
3.34423
2.95794
2.75536
2.34412
2.03658
2.84033
1.62255
2.43162
9.29721
9.0267
5.53459
6.96965
14.5271
8.18079
9.068
3.05044
2.55172
2.92061
2.62038
2.20738
3.28866
1.59825
2.04959
8.83147
9.62868
4.45674
4.87386
15.0028
8.58262
8.80078
2.93687
2.21135
3.13585
3.14288
2.37662
3.56452
1.56456
1.70384
8.26013
9.58132
4.41257
3.67533
13.8437
9.21019
8.97261
3.11753
2.0062
3.36766
3.34945
2.44765
3.82913
1.53689
1.58977
7.45864
9.63975
5.12144
2.9925
11.4529
10.4327
9.2661
3.49718
1.88998
3.09717
3.56996
2.52956
3.16147
1.50895
1.51286
6.24544
9.64995
6.70188
2.82226
8.78488
11.8193
9.52677
4.64642
1.80436
2.47702
3.91272
2.63911
2.64456
1.58182
1.50019
5.02118
9.67601
8.25593
2.51287
6.19483
13.0435
9.74043
6.29151
1.76559
2.17375
4.18473
2.78382
2.67467
1.60142
1.46989
3.887
9.70323
9.35317
2.43695
3.85017
13.9729
9.9149
8.08335
1.81017
2.03795
4.54471
3.08879
2.71971
1.75212
1.43278
2.81025
9.75555
9.62117
2.52523
2.57122
11.502
10.0873
9.96285
2.07431
1.88525
4.96651
3.36062
2.82107
1.97075
1.40304
2.11527
9.92687
9.74285
2.91188
2.58043
8.94223
10.2475
10.4412
2.81872
2.02152
4.89995
3.54296
2.86927
2.09899
1.37558
1.7436
9.46988
9.747
3.77775
2.52581
6.30337
10.827
10.4622
4.34343
2.16615
4.07932
3.85931
2.8668
2.45122
1.34501
1.45588
8.45351
9.7365
5.18749
2.39844
3.72076
11.8036
10.6625
5.86218
2.32239
3.20354
4.22048
2.9569
3.15194
1.31659
1.36019
7.1208
9.74357
7.0427
2.29053
2.37353
12.5724
10.7728
7.14849
2.56638
2.96196
4.34176
3.00207
3.00978
1.30446
1.28884
5.60694
9.84336
8.78423
2.52632
2.35163
9.96403
10.7414
8.53276
2.94992
2.92315
4.8657
3.22924
3.06492
1.3797
1.28997
4.26079
10.0259
9.79502
2.78076
2.41655
7.42482
10.7221
9.83479
3.37242
2.89149
5.85328
3.36095
3.11689
1.38513
1.2982
3.19172
10.1584
9.85933
2.95397
2.51621
4.84622
10.8088
10.3308
3.9763
2.81372
6.12882
3.49785
3.14654
1.54324
1.27472
2.31746
10.1879
9.85947
3.10157
2.46106
2.81234
11.1139
11.057
4.64168
2.80347
4.84842
3.4677
3.14664
2.15777
1.24979
1.82805
9.53291
9.86477
3.42271
2.46294
2.36427
10.1827
11.2578
5.50792
2.87636
3.58739
3.46828
3.11498
2.90338
1.28643
1.5777
8.59807
9.89122
4.65831
2.76306
2.30264
7.53536
11.2307
6.2813
2.87488
2.67703
3.91963
3.09083
3.29462
1.29285
1.36642
7.60002
10.0761
6.34513
2.88021
2.31707
4.96797
10.9761
7.30586
3.64803
2.59022
4.96459
3.14083
3.27219
1.29994
1.34495
6.50755
10.1986
7.77811
2.74368
2.31321
2.72091
9.17555
8.56395
5.41021
2.50073
6.13613
3.11773
3.29723
1.33598
1.33613
5.2557
10.3227
9.08858
2.61845
2.44113
2.328
6.88514
10.1639
7.48812
2.39575
6.40035
2.93222
3.3983
1.58646
1.36164
4.12873
10.0854
10.0724
2.54836
2.71597
2.32454
4.34137
11.1687
8.29155
2.23554
4.79929
2.82333
3.47413
2.19752
1.35896
3.13914
9.81627
10.0797
2.52056
2.65873
1.91135
2.23086
8.8979
8.57248
1.95558
2.94017
2.80922
3.54532
3.07564
1.39887
2.27753
9.56814
10.0606
2.52661
2.55737
1.93694
1.68957
6.74916
8.86528
1.82909
1.90774
2.85636
3.29279
3.78047
1.41854
1.78395
9.22802
10.1273
2.77492
2.55063
2.26468
1.65565
4.8347
9.24409
2.22315
1.7753
2.94935
3.09302
3.65234
1.45419
1.62231
8.6203
9.96908
3.59964
2.54443
2.5822
1.41373
2.70601
9.73129
3.3438
1.75429
3.13164
2.9098
3.7569
1.5962
1.51208
7.79239
9.85338
4.98153
2.56916
2.61241
1.23821
1.24406
9.98514
4.92501
1.82611
3.52748
2.87123
3.90134
1.96878
1.60182
6.70158
9.76376
6.4933
2.60683
2.59326
1.57903
1.39282
7.76298
7.0003
1.99686
4.52776
2.98537
4.02326
2.78534
1.69525
5.4456
9.66682
8.04948
2.63775
2.5467
2.02045
1.52355
5.67926
9.20324
2.35373
5.69394
3.24519
4.02388
3.55227
1.80862
4.26659
9.60581
9.32737
2.61795
2.4815
2.35757
1.46
3.83985
10.5321
3.03535
4.43869
3.65895
4.08501
4.07048
1.90152
3.28761
9.54841
9.5506
2.58309
2.45173
2.57591
1.48795
2.14135
11.1117
3.98198
4.28426
4.13069
4.14921
4.11202
1.94791
2.44353
9.6311
9.48306
2.57279
2.52063
2.55606
1.80348
1.76959
10.3068
5.10168
4.58232
4.64832
4.38979
4.16371
2.00027
2.08499
9.50197
9.40062
2.88297
2.63171
2.64476
2.17563
1.63371
8.3263
6.67061
4.67764
5.60091
4.51555
4.17925
2.30636
2.11431
8.58298
9.28459
3.86546
2.76867
2.78701
2.48978
1.82058
6.60979
8.53596
4.63333
6.3732
4.62427
4.17598
2.73989
2.30655
7.49253
9.19859
5.34826
2.92136
2.96039
2.80783
2.4026
5.33782
10.0323
4.61052
5.29408
4.95814
4.21388
3.05886
2.45118
6.19299
9.21675
6.75762
3.06464
3.09285
3.09033
3.11839
4.19164
10.6539
4.76855
4.78308
5.98634
4.26702
3.57535
2.50771
4.79566
9.44834
7.95617
3.17725
3.15819
3.20567
3.62286
4.31517
10.6721
5.79382
4.91334
6.99176
4.33978
3.98188
2.54224
3.75366
9.79128
8.71841
3.21102
3.18833
3.21563
3.61618
5.49715
10.3401
7.71048
5.19108
7.82477
4.66062
3.95989
2.57596
3.21142
9.69156
8.79943
3.20363
3.21414
3.23269
3.44525
6.46821
9.85159
9.47508
5.35522
7.57184
4.99176
4.12403
2.60783
2.88829
9.137
8.74667
3.16384
3.17424
3.22591
3.24857
7.41197
9.34567
10.5617
5.51652
6.49563
5.43852
4.30501
2.61984
2.7306
8.30355
8.81539
3.35922
3.13732
3.19954
3.18461
7.86031
8.50229
11.3516
5.64464
5.84699
5.87793
4.29249
2.59141
2.59066
7.13816
9.14491
3.99349
3.13137
3.18464
3.20235
7.93067
8.10626
11.191
6.24884
5.86189
6.07922
4.35449
2.59941
2.50958
6.01455
9.60654
5.00696
3.15903
3.21155
3.23626
7.94696
7.88529
11.1834
8.35941
6.09668
6.19977
4.57953
2.59309
2.47252
4.98225
9.70171
6.01501
3.17606
3.16715
3.2411
7.78566
7.89656
11.3274
10.2354
6.06491
6.36861
4.65808
2.86085
2.4471
4.14033
9.24571
7.197
3.17913
3.16794
3.26524
7.3811
7.90349
11.1799
11.542
6.11295
6.87267
5.02275
3.48862
2.33828
3.67425
8.65526
8.29121
3.18428
3.17716
3.20308
6.79397
7.9297
10.6352
11.1588
5.99894
6.18893
5.82639
3.9267
2.23364
3.27735
7.88675
9.04306
3.201
3.17632
3.11967
6.06108
7.93469
9.86785
10.7183
6.32634
5.80047
5.86285
4.37351
2.12697
2.83019
7.09825
9.48521
3.21662
3.167
3.10428
5.02761
7.83204
8.86732
10.1779
8.15897
5.28923
5.57452
4.5401
2.0256
2.46062
6.32014
9.56477
3.42983
3.14921
3.16386
4.20084
7.74196
8.24847
9.66104
9.91159
5.2723
5.04848
4.72303
2.01893
2.17244
5.51632
9.13257
4.18761
3.16368
3.14941
3.66751
7.58678
7.87902
9.24274
10.1065
5.6527
4.13925
5.13333
2.34067
2.03537
5.04416
8.62646
5.48534
3.17354
3.16823
3.31483
7.51992
7.76921
9.3008
9.84198
5.87721
3.46049
5.8338
2.82388
2.07214
4.60039
8.01288
6.80706
3.18751
3.17954
3.19537
7.34834
7.72163
9.87836
9.80842
6.69231
2.9689
6.57303
3.69688
1.9346
3.89333
7.43546
8.18818
3.19063
3.16661
3.17214
7.24431
7.65081
9.43777
10.5924
8.7986
2.97132
7.32342
4.67993
1.83955
3.26086
6.88841
9.33872
3.1704
3.14905
3.19681
7.21148
7.59811
8.68404
11.0583
10.7812
3.46212
6.13067
5.44061
1.81703
2.73179
6.32166
8.99055
3.13645
3.16143
3.18363
7.16868
7.57094
8.08096
11.2346
12.5998
4.25425
4.91459
6.20507
1.86057
2.05402
6.02257
8.49934
3.10525
3.1189
3.15438
7.05348
7.53405
7.51199
11.2721
13.448
5.17485
5.09722
6.99391
2.0833
1.97552
5.88794
7.97542
3.34646
3.078
3.14765
6.79718
7.42255
7.47445
10.8781
13.3417
6.9052
6.1354
7.59644
2.97252
2.06072
5.54011
7.51071
4.18345
3.07175
3.11233
6.45308
7.36444
7.44888
9.86181
13.2843
8.99023
7.29059
8.38774
4.01996
2.06872
4.9036
7.06573
5.52692
3.06887
3.13007
5.70058
7.27397
7.40347
9.09546
13.2918
10.7984
8.32344
9.2621
4.94714
2.05879
4.19951
6.58968
6.78625
3.0659
3.16409
5.0142
7.15565
7.37954
8.38491
12.8971
12.601
9.21334
9.83574
6.1414
2.12269
3.3235
6.37894
7.96599
3.07665
3.15601
4.38212
7.10389
7.29627
7.49604
12.5399
13.5168
9.68907
9.77555
7.1491
2.2147
2.53193
6.17524
7.64231
3.10416
3.14138
3.77557
7.03781
7.26033
7.31408
12.0045
13.3898
10.1006
10.1505
7.60873
2.31321
2.26393
5.98408
7.23214
3.12254
3.10792
3.45686
6.95332
7.21463
7.18983
10.7393
13.0503
10.717
10.5034
8.24305
3.0109
2.14079
5.8534
6.88128
3.12547
3.13278
3.3102
6.91139
7.15988
7.14615
9.65901
12.8145
11.0295
11.0506
9.1356
3.85767
2.12804
5.53812
6.55156
3.29314
3.10441
3.1726
6.78478
7.08002
7.13141
8.74593
12.4067
11.5177
11.2822
9.70016
5.16634
2.21431
4.70851
6.38033
3.92936
3.12183
3.18036
6.68264
7.02858
7.11085
7.6587
12.3529
11.6699
11.4545
10.4925
6.56096
2.31583
3.91578
6.22748
4.97141
3.12134
3.22182
6.65261
6.96325
7.07962
7.23994
12.7817
11.0828
11.2016
11.5596
7.59326
2.43495
3.32668
6.13229
5.87724
3.10024
3.1851
6.62447
6.89192
7.04666
7.06822
12.9591
10.2928
10.6083
12.2126
8.59833
2.55099
2.65745
6.12432
6.50255
3.07261
3.17615
6.59864
6.84003
6.97005
7.06174
12.1915
9.92379
9.85179
12.2419
9.55896
2.65951
2.57229
6.11619
6.25077
3.12477
3.15408
6.61858
6.76437
6.8905
7.04093
11.1122
9.71021
9.61577
11.523
10.2128
3.38146
2.46612
5.96797
6.18264
3.19407
3.0988
6.59782
6.69539
6.84773
7.00613
9.83898
10.0308
9.00526
10.2095
11.0371
4.55364
2.39226
5.54964
6.0509
3.16069
3.06715
6.54622
6.66538
6.79533
6.98119
8.89857
10.5465
8.35992
9.20956
11.894
5.84154
2.41886
4.82724
6.02427
3.1305
2.99019
6.5032
6.58073
6.7437
6.96118
7.8056
10.9805
7.51757
8.21784
12.3036
7.37302
2.47837
3.69003
5.98445
3.46898
2.83154
6.40515
6.54059
6.70944
6.87856
7.00441
11.7181
6.61776
6.53605
12.7877
8.98897
2.52558
2.94233
5.9756
4.04528
2.77798
6.28319
6.49208
6.66582
6.76515
6.97079
12.3979
6.31083
5.86827
12.9493
10.2609
2.49723
2.61904
5.93871
4.60098
2.99917
6.15528
6.43996
6.63565
6.72555
6.8841
10.9685
6.8036
5.48895
12.6845
11.3848
2.71812
2.46991
6.02207
5.2653
3.27768
6.05859
6.35807
6.61101
6.65255
6.8503
10.0249
7.69512
5.41713
11.6142
12.3437
3.15638
2.44566
6.25559
5.79454
3.59968
5.9702
6.31929
6.60297
6.6018
6.82572
8.81771
8.93098
5.65222
10.1414
12.8611
4.17991
2.43503
5.43187
5.90499
3.97633
5.91851
6.20593
6.51776
6.58971
6.77964
7.35495
10.7546
6.04667
8.89518
13.1218
5.63802
2.48299
4.32327
5.86858
4.24548
5.77145
6.08858
6.49332
6.57419
6.71287
6.95219
12.1465
6.63764
8.37004
13.1599
7.16959
2.51817
3.56013
5.87485
4.31743
5.32847
6.04742
6.3698
6.56231
6.67664
6.84233
11.6423
6.99859
8.37173
13.2415
8.90396
2.56438
2.92586
5.98452
4.36353
