0
0
0
0.0119961
3.61907
7.53318
7.66453
8.23337
5.55017
8.63266
15.0863
9.6478
6.67975
3.23416
0.00312061
0
0
0
0.00594402
2.03948
7.39691
7.49182
9.02965
5.38133
8.30899
15.0059
11.8393
6.71447
3.34863
0.00906463
0
0
0
0.00282341
0.403828
7.14356
7.39203
8.62093
5.21123
7.96811
14.8565
13.7239
6.77186
3.5984
0.100819
0
0
0
0.00282341
0.0282071
6.08419
7.27577
8.10411
5.62017
7.62373
14.5628
15.1369
7.05426
3.81748
0.406787
0
0
0
0
0.0125365
4.691
7.28732
7.58744
6.1269
7.25243
13.5612
14.8908
7.42628
4.28808
0.982141
0
0.0790555
0
0
0.00312061
2.85001
7.40349
7.48724
6.88651
6.93661
11.6844
14.8063
7.61878
5.49684
1.83192
0
0.471928
0
0
0.00312061
1.09215
7.36739
7.57603
7.84911
6.67897
9.6771
14.7682
7.82992
7.60872
2.69657
0
0.679834
0
0
0.00312061
0.0520777
6.62851
7.82311
8.42206
6.43928
8.02041
14.7848
8.86376
7.58098
3.31845
0
0.32095
0
0
0
0.031071
5.68661
7.76795
8.49284
5.95327
6.65091
14.802
10.059
7.84106
3.76313
0
0.0730169
0
0
0
0.0091727
4.04652
7.57158
8.54082
5.69634
5.95173
14.8397
11.3887
8.35772
4.065
0.00282341
0
0.295714
0
0
0.00317465
2.2674
7.51749
8.62955
6.28157
6.08017
14.8286
12.8346
8.77693
4.03767
0.0123879
0
0.803387
0
0
0.00317465
0.613639
7.33921
8.76754
7.44969
6.60444
14.6833
14.1415
9.10024
4.18979
0.024384
0
1.32893
0
0
0
0.0392846
6.27122
7.9303
7.79625
7.34652
14.1558
14.8594
9.31615
5.04856
0.134403
0
1.55308
0
0
0
0.0156031
4.84554
7.62813
7.995
7.99389
13.1923
14.8609
9.41532
6.59106
0.420391
0
1.09062
0.0959956
0
0
0
3.2032
7.53664
8.28785
8.24613
12.0335
14.7539
9.42174
8.59197
1.01266
0
0.676456
0.456338
0
0
0
1.51295
7.4997
8.45296
8.30267
10.8301
14.5524
9.25671
9.6046
1.62299
0
0.258105
0.930292
0
0
0
0.226859
7.03219
8.47433
8.41352
10.1444
14.3299
9.23129
9.09833
2.09373
0
0.0285718
1.47291
0
0
0
0.0310305
5.99711
8.53439
8.50412
9.82185
14.0439
9.40535
8.9535
2.64994
0.00312061
0
1.94943
0
0
0
0.0248838
4.35822
7.93894
8.54594
9.61035
13.3737
10.3315
8.76692
3.23598
0.00882147
0
1.92167
0.206852
0
0
0.0125905
2.57512
7.33506
8.62456
8.88315
12.4542
11.5272
8.50118
3.33998
0.0270588
0
1.65831
0.693937
0
0
0.00624122
0.773681
6.64171
8.33562
8.67443
11.6145
12.6518
8.20136
3.6371
0.112761
0
1.26137
1.21181
0
0
0
0.0153058
5.60336
8.03934
8.10923
10.9213
13.7282
7.92167
4.47484
0.682279
0
0.826488
1.74935
0
0
0
0.00624122
4.3988
7.91643
7.79995
10.4048
13.3053
7.58477
5.74967
1.6608
0
0.485329
2.26571
0
0
0
0
2.85052
8.248
7.66009
9.64676
12.685
7.26472
7.53432
2.49356
0
0.185629
2.24816
0.373676
0
0
0
1.38404
8.28247
7.78963
8.9156
12.0881
6.96662
9.14816
3.04196
0
0.0190479
2.22628
0.870461
0
0
0
0.196018
7.68889
8.06391
8.8714
11.7029
6.67065
8.47266
3.68125
0.00594402
0
2.13003
1.3892
0
0
0
0.0122933
6.48211
8.3943
8.65633
11.0981
7.23512
7.43587
3.79377
0.0117935
0
1.96727
1.86672
0
0
0
0
4.65223
8.35473
8.60996
10.3024
8.67439
6.65627
3.62254
0.0212093
0
1.74008
2.33963
0.106843
0
0
0
2.74229
8.11924
8.62756
9.11662
10.2418
6.57003
3.7986
0.171957
0
1.35611
2.28967
0.426564
0
0
0
0.911096
7.98156
8.6711
8.75979
11.9507
6.54113
4.29644
0.715415
0
0.899072
2.27952
0.740043
0
0
0
0.0158192
7.17035
8.16492
8.7586
11.3014
6.32684
4.83215
1.51688
0
0.517642
2.13343
1.23812
0
0
0
0.0123473
5.78384
7.8831
8.75005
10.3898
6.09644
5.9385
2.4641
0
0.188587
2.0263
1.83167
0
0
0
0.0122933
3.89197
7.83714
8.86305
9.63534
5.89816
7.47625
4.02599
0
0.0222225
1.95007
2.27341
0.414
0
0
0.00594402
2.01874
7.98191
8.74298
9.04928
5.72763
7.8514
4.91523
0.00282341
0
1.77496
2.45439
1.15848
0
0
0.00282341
0.395412
7.76107
8.76911
9.05421
5.60052
6.84275
5.49386
0.00614665
0
1.66188
2.40094
1.86422
0
0
0.00282341
0.0402977
6.50971
8.90779
9.13118
5.4734
5.97702
5.72726
0.0148195
0
1.53942
2.2169
2.58916
0
0
0
0.0339484
4.70354
8.84591
9.09575
6.10406
6.01422
6.28269
0.126878
0
1.24079
2.00716
2.80952
0.217403
0
0
0.0213579
2.86639
8.69527
9.28494
7.6408
6.75686
6.59583
0.704649
0
0.942439
1.95744
2.71529
1.36747
0
0
0.00936182
1.11722
8.25715
9.54675
9.27072
7.65135
7.17398
1.45224
0
0.667325
1.93607
2.65965
2.45999
0
0
0.00312061
0.0372176
7.22734
9.36346
11.0703
7.82727
7.97331
2.06776
0
0.292541
1.96459
2.68094
3.44652
0
0
0
0.0270048
6.14788
9.09293
11.438
7.82343
8.06223
3.10267
0
0.053969
2.06669
2.55066
3.66802
0
0
0
0.00876743
4.48604
8.94838
10.9158
7.85465
7.92899
4.88702
0.00282341
0
2.16035
2.4185
3.63897
0.192734
0
0
0
2.48241
8.74954
10.2829
8.45602
8.11412
6.36593
0.0155085
0
2.2194
2.44493
3.45862
1.08187
0
0
0
0.668161
8.62258
10.0208
9.12933
8.37867
7.2649
0.0358802
0
2.18567
2.45088
3.23523
2.47389
0
0
0
0.0339484
8.05062
9.57012
9.63458
8.56242
8.10007
0.167811
0
1.80444
2.44268
3.07422
3.76403
0
0
0
0.0122933
5.84021
8.87236
10.0214
8.47311
8.7818
0.931063
0
1.32941
2.51105
2.89448
4.12605
0.0931726
0
0
0
3.33332
8.81899
10.5121
8.22448
8.97342
2.84974
0
0.909381
2.5236
2.73076
3.83262
0.68344
0
0
0
1.35437
8.779
10.0754
8.09464
9.09425
5.10476
0
0.409083
2.56255
2.70335
3.56705
1.4516
0
0
0
0.165689
8.62076
9.80657
8.09214
8.99808
6.80422
0
0.0888902
2.62827
2.68496
3.37895
2.03277
0
0
0
0.0203583
8.61276
9.22702
8.2372
8.32993
8.18452
0.00906463
0
2.58516
2.64602
3.29626
2.82235
0
0
0
0.00594402
8.23984
8.73558
8.3787
8.27446
8.67071
0.0118475
0
2.41698
2.66247
3.18081
3.96325
0.302996
0
0
0.00594402
5.94152
8.52627
8.19181
8.54078
8.5964
0.0149141
0
2.10315
2.69929
3.08209
4.80566
1.15158
0
0
0.00312061
3.54462
8.53827
8.14823
8.17032
8.64133
0.224103
0
1.57743
2.65249
3.06507
4.50916
1.94685
0
0
0
1.20846
8.6474
8.37801
8.12019
8.97029
0.941965
0
1.03184
2.66116
2.93498
4.2155
2.63485
0
0
0
0.0519967
8.15439
8.67225
8.1224
8.75282
2.97925
0
0.574691
2.60517
2.7996
4.02926
3.40788
0
0
0
0.024384
6.35843
9.02094
8.11967
8.59386
5.37588
0
0.210756
2.34686
2.79978
3.79373
3.77371
0.313492
0
0
0.0237896
4.35303
9.26209
8.15258
9.11288
7.52762
0
0.0285718
2.0701
2.78084
3.59551
3.8247
0.751917
0
0
0.00867286
2.35329
9.03339
8.22425
9.03465
8.313
0.00312061
0
1.71051
2.75635
3.45166
4.20935
1.38814
0
0
0.00867286
0.458905
8.48362
8.39919
8.80733
8.34064
0.0184805
0
1.38215
2.75897
3.27487
4.99009
2.08085
0
0
0.00564682
0.0123473
7.17435
8.56213
8.62687
8.25004
0.0362315
0
1.11172
2.58601
3.13121
4.82785
2.91088
0.21874
0
0
0.0093213
5.39192
8.72049
8.5916
8.27851
0.307265
0
0.82584
2.31009
3.0855
4.45089
3.46606
0.7137
0
0
0.00594402
3.28781
9.29395
8.41883
8.45835
1.49693
0
0.554806
2.04273
2.97556
4.09071
3.79853
1.25898
0
0
0.00594402
1.24216
8.55848
8.24988
8.78165
3.50574
0
0.348684
1.59251
2.8775
3.81657
3.98912
1.92739
0
0
0.00282341
0.0211553
7.55814
8.12067
9.29521
5.14076
0
0.138442
1.14824
2.76941
3.54879
4.20451
2.67074
0
0
0
0.0185345
5.90874
8.02599
8.51715
6.43328
0
0.0158732
0.856546
2.51505
3.32542
4.66593
3.41804
0.453974
0
0
0.00605209
3.77544
8.15862
8.15808
7.88186
0
0
0.595239
2.17657
3.21822
5.16548
3.85564
1.27757
0
0
0.00605209
2.00493
8.54984
8.53439
8.57659
0.00614665
0
0.371569
1.84511
3.06106
4.76557
4.05601
2.04827
0
0
0.00564682
0.581757
8.35557
8.47765
8.67637
0.0240327
0
0.254174
1.38385
2.88479
4.44394
4.31188
2.61449
0
0
0
0.0369745
8.48287
8.17528
9.15844
0.23491
0
0.15934
0.965902
2.7237
4.11596
4.64527
3.19607
0
0
0
0.0153599
6.87596
8.10023
9.4134
1.42482
0
0.101197
0.660231
2.47499
3.84358
4.64229
3.1026
0.0847022
0
0
0.00936182
4.46139
8.04082
9.30086
3.52925
0
0.0701799
0.435615
2.10405
3.6617
4.6928
2.86911
0.65707
0
0
0.00564682
1.98356
8.10548
9.46472
5.69372
0
0.0218983
0.276262
1.70446
3.39233
5.19246
2.64024
1.49335
0
0
0.00564682
0.272196
8.19374
9.637
7.45231
0
0
0.245299
1.26983
3.1232
4.98868
2.44935
2.2845
0
0
0
0.0208581
7.85714
9.16514
8.88326
0.0112937
0
0.252499
0.867353
2.91427
4.66867
2.52661
2.55593
0
0
0
0.0181428
5.85267
8.56977
8.82334
0.0242894
0
0.258605
0.555725
2.61723
4.30999
2.52276
2.26524
0.123784
0
0
0.00876743
3.48068
8.66014
8.78163
0.0453501
0
0.325624
0.361504
2.28341
4.01383
2.99046
2.26237
0.494745
0
0
0.00564682
1.0199
8.75476
8.71625
0.328448
0
0.533164
0.39783
2.00642
3.68906
3.94849
2.37055
1.01948
0
0
0.00564682
0.0186831
7.68793
8.86931
1.54925
0
0.625905
0.47267
1.66788
3.38479
4.63716
2.5589
1.41623
0
0
0
0.0119421
5.86523
9.09084
3.3164
0
0.361329
0.578839
1.27906
3.11326
5.15026
2.87184
1.99252
0
0
0
0.00882147
3.79288
8.65794
4.49645
0
0.144737
0.714416
1.02395
2.83223
4.9001
3.27991
2.71956
0.563154
0
0
0.00564682
1.79612
8.52719
6.02381
0
0.0190479
0.847224
0.972589
2.5268
4.44804
3.56618
3.1685
1.1673
0
0
0.00564682
0.184075
7.9785
7.66693
0.00936182
0
0.97521
0.967024
2.31556
3.98142
3.85426
3.48076
1.53781
0
0
0
0
6.71887
8.60306
0.0179942
0
1.09513
1.00644
2.04228
3.61466
4.24476
3.97505
1.77602
0
0
0
0
5.0449
8.87281
0.0206554
0
0.904247
1.06806
1.65684
3.34902
4.68988
4.06249
1.9629
0.34713
0
0
0
3.19073
8.85045
0.29231
0
0.666311
1.07769
1.3849
3.00806
4.87771
4.05487
1.96733
1.13112
0
0
0
1.09359
8.80446
1.5494
0
0.441654
1.05695
1.15106
2.71741
4.92602
3.99051
2.04738
2.02211
0
0
0
0.0156571
8.37485
3.34682
0
0.284002
1.07847
1.05663
2.54729
5.06322
3.89627
2.35334
1.96386
0
0
0
0.00317465
6.44047
5.02504
0
0.141508
1.17981
1.05809
2.25296
4.95019
3.78349
3.16039
1.84794
0
0
0
0
4.13136
6.88183
0
0.0317465
1.29936
1.03628
1.98357
4.37203
3.67486
3.90127
1.72271
0.483546
0
0
0
1.99305
8.35491
0.011888
0
1.19326
1.04519
1.81909
3.83613
3.60103
3.88468
1.5674
1.32597
0
0
0
0.308332
8.65057
0.02741
0
1.21394
1.03866
1.57976
3.36618
3.68359
3.81737
1.51971
2.2212
0
0
0
0.00624122
8.64353
0.0359343
0
1.20592
1.07164
1.32575
2.91189
3.93244
3.85833
1.57858
2.02169
0
0
0
0
6.41918
0.310642
0
1.14043
1.12975
1.16951
2.58794
4.06361
3.93329
1.619
1.58174
0.0536448
0
0
0
4.03503
1.32175
0
0.883713
1.15826
1.06032
2.26383
4.41233
3.84747
2.00039
1.65302
0.358505
0
0
0
1.53397
2.69454
0
0.626486
1.23142
1.13335
1.79225
4.7117
3.78642
2.71845
1.9669
0.887062
0
0
0
0.0154139
4.25496
0
0.289474
1.22125
1.2712
1.67713
3.8319
3.918
3.61596
2.27567
1.40327
0
0
0
0.0122933
6.31304
0
0.0571436
1.28358
1.30454
1.71316
3.0822
3.98687
4.34774
2.67244
1.94373
0
0
0
0.00624122
4.80661
0.00847022
0
1.20115
1.29997
1.73538
2.5009
4.0087
4.0587
2.80568
2.81313
0.409246
0
0
0
2.7498
0.0121987
0
1.15643
1.29168
1.69114
1.93366
4.21644
4.03718
2.77332
2.8449
0.988342
0
0
0
0.743597
0.0246406
0
1.14538
1.18368
1.73275
1.70284
4.29143
4.08426
3.08123
2.91243
1.60438
0
0
0
0.0337053
0.269628
0
1.17566
1.11385
1.93303
1.77853
4.25
4.1782
4.13061
3.28592
2.03407
0
0
0
0.0273019
1.01752
0
1.32862
0.976439
2.15115
1.9576
3.99792
4.16063
4.97356
3.82986
2.39806
0.12423
0
0
0.0125905
2.56595
0
0.926901
0.856087
2.54344
2.20335
2.87851
4.14392
4.73668
4.20354
2.51547
0.826232
0
0
0.00624122
1.71652
0
0.427861
0.854357
3.06598
2.33291
2.52495
4.17286
4.62373
4.30348
2.62843
1.7448
0
0
0
0.243083
0
0.0920643
0.901261
2.77357
2.45874
2.4545
4.28623
4.57612
5.16412
2.80106
2.5153
0
0
0
0.0212634
0.00282341
0
1.01493
2.45945
2.67947
2.60117
4.43463
4.50081
5.57088
3.4144
2.41382
0
0
0
0.00882147
0.0152653
0
1.17002
2.00586
3.01756
2.77148
4.6044
4.66215
5.06149
4.22614
2.18523
0.308792
0
0
0
0.0338539
0
1.3955
1.53743
3.17597
2.86045
4.31891
4.72266
5.1973
4.69684
1.95604
1.16064
0
0
0
0.0597643
0
1.60176
1.42694
3.12503
2.994
3.86456
4.70237
5.35662
5.05286
1.80029
2.08931
0
0
0
0.0150086
0
1.4629
1.43409
3.01483
3.22506
3.44991
4.59505
5.38747
5.75355
1.70277
2.05247
0
0
0
0.00936182
0
0.942611
1.46625
2.80248
3.23288
3.37802
4.45876
5.43214
6.12746
1.58332
1.60999
0
0
0
0
0
0.424632
1.57492
2.58263
3.19126
3.36757
4.4779
5.49261
5.87076
2.00701
1.5712
0.227372
0
0
0
0
0.0920643
1.68243
2.21047
3.17964
3.17686
4.41189
5.41078
5.72561
2.62809
1.6647
0.7065
0
0
0
0
0
1.74973
1.97278
3.0845
3.08512
4.24342
4.92183
5.49135
3.4943
1.81202
1.38714
0
0
0
0
0
1.80659
1.85684
2.89562
3.01724
3.9711
4.75883
5.29419
4.50986
2.01782
2.22484
0
0
0
0.00614665
0
1.93168
1.78678
2.70823
2.99277
3.6028
4.74676
5.10407
5.10626
2.14441
2.37804
0.345347
0
0
0.00594402
0
3.00327
1.75848
2.46048
2.94515
3.43882
4.66458
5.03903
5.47468
2.53851
2.43884
1.00153
0
0
0.00282341
0
5.92613
1.79664
2.24172
2.88986
3.20785
4.50173
5.12323
5.77456
3.34244
2.90264
1.62951
0
0
0.00282341
0
8.63914
2.11057
2.2105
2.82408
2.96278
4.23977
4.99306
5.63154
4.24028
3.39866
2.57988
0
0
0
0
9.08826
3.53395
2.22421
2.74961
2.867
3.84471
4.94799
5.45932
5.34576
3.91944
3.84944
0
0
0
0
5.65812
6.06587
2.39314
2.6669
2.7259
3.36292
4.667
5.62489
5.60835
4.56245
4.62188
0.487409
0
0
0
2.15926
8.91832
2.6126
2.58544
2.56118
3.02526
4.0812
5.62516
5.52831
5.13179
4.97984
1.37111
0
0
0
0.279369
11.9627
3.83746
2.5474
2.4681
2.82706
3.79239
5.2701
5.53696
5.52442
5.09052
2.2537
0
0
0
0
10.4596
6.32219
2.54819
2.44303
2.71671
3.58796
4.84944
5.76828
5.79212
5.15607
3.20069
0
0
0
0
8.9617
9.0687
2.49124
2.39059
2.63445
3.17609
4.17267
5.77268
5.78274
5.08601
4.48261
0.10729
0
0
0
7.9887
11.7139
3.88879
2.3778
2.60142
2.92201
3.08844
5.64825
5.69682
4.97868
5.06561
0.710095
0
0
0
6.45662
13.5252
6.49355
2.58208
2.57758
2.35287
2.30724
5.32234
5.58705
5.16203
4.94194
1.54209
0
0
0
4.84105
11.5454
9.11793
2.75554
2.50171
2.40326
1.8548
5.08069
5.49169
5.3797
4.93006
2.36577
0
0
0
3.21225
9.36738
11.8402
4.73988
2.4508
2.50086
1.77754
4.69984
5.53421
5.27935
4.86568
3.20685
0
0
0
1.82223
8.04799
14.7413
7.24809
2.47644
2.40403
1.96789
4.31614
5.54096
5.13918
4.50567
4.00028
0.0741516
0
0
0.62223
7.51345
15.6689
9.89423
3.70853
2.29457
2.18998
3.5982
4.81499
5.05374
4.22166
4.21635
0.30917
0
0
0
6.68129
12.9421
12.6953
6.17951
2.58563
2.45476
3.30768
4.1387
4.901
4.59661
4.03677
0.803117
0
0
0
5.86862
10.7984
15.0952
8.80904
3.70161
2.83213
3.47659
3.94978
4.61576
4.77504
3.90098
1.2702
0
0
0
5.45135
8.66675
15.8437
11.6262
5.65435
3.11951
3.47632
4.09197
4.40306
4.31829
3.85438
1.94399
0
0
0
5.45585
6.35418
15.9466
14.1597
7.46824
3.73076
3.79787
4.22009
4.28903
3.99776
4.01199
2.74281
0.120447
0
0
5.58205
5.50754
15.9913
15.574
9.00876
5.12003
4.54672
4.43722
4.54878
3.84999
4.3529
3.40862
0.440141
0
0
4.61479
5.87027
15.5223
15.6634
10.3207
6.29467
4.69818
4.51851
4.58535
3.83421
4.40408
3.87821
0.718806
0
0
2.49345
5.90754
14.0191
15.2525
10.3726
7.47433
4.58677
4.61073
4.70663
3.68721
3.93249
4.46678
0.871581
0
0
0.685724
6.19762
11.7632
14.736
9.44862
8.59951
4.52048
4.46266
4.67042
3.53938
3.50471
4.79944
1.29682
0
0
0
6.88244
9.75535
14.383
9.03319
8.68441
5.2907
4.35333
4.71941
3.43888
3.41512
5.22264
2.05797
0.662906
0
0
7.40209
8.27858
13.8539
8.98225
8.91188
6.81138
4.28289
4.7221
3.89534
3.45123
5.93524
2.60911
1.64143
0
0
7.69122
7.49805
13.2734
8.71829
9.08597
7.99334
4.24862
4.66746
4.17473
3.607
5.85436
3.3338
1.99449
0
0
7.34859
7.15396
12.9283
8.4185
9.14387
8.90006
4.28411
4.52448
4.55514
3.82677
5.51441
4.31842
2.26135
0
0
4.04708
7.30286
11.0091
8.26473
9.01687
10.2993
4.44549
4.34314
4.72751
4.00051
5.24261
4.89892
2.47745
0
0
0.9222
7.25113
9.3192
8.25218
8.80753
10.6625
4.60049
4.19534
4.51802
4.22091
4.98735
5.04906
2.8958
0.57969
0
0.0343267
6.20889
7.41067
8.08491
8.50047
10.721
5.09885
4.20834
4.17093
4.38739
4.78938
5.61604
3.16547
1.88127
0
0
4.68987
6.12895
7.4224
8.11867
10.3924
5.90652
4.51861
4.24158
4.43587
4.52764
5.94556
3.34227
3.30533
0
0
2.7043
5.77081
6.95656
7.90555
10.0525
6.79605
5.10296
4.26398
4.42135
4.46941
5.68555
4.46287
3.71275
0
0
1.04535
4.87285
6.8904
7.70914
9.48776
8.37904
5.75858
4.34214
4.42147
4.3166
5.63836
5.75688
4.0984
0
0
0.897614
3.31457
6.87636
7.47652
9.08004
10.024
6.02819
4.46115
4.41061
4.20101
5.41012
5.59613
4.45492
0.0091727
0
0.721914
2.28318
6.64465
7.18032
8.76611
10.4623
6.83023
4.55937
4.50459
4.096
4.96206
5.43087
4.70784
0.405287
0
0.815005
1.38374
6.76383
6.79093
8.41657
10.5253
8.11582
4.62194
4.44706
3.97476
4.48446
5.40235
4.80217
1.49222
0
0.710107
1.01201
5.8203
6.39414
7.93892
10.2715
9.30416
5.73955
4.33231
3.9431
4.34682
5.43264
4.76136
3.01918
0
0.368137
1.10017
4.51308
5.98865
7.35056
10.055
9.83806
7.57338
4.28416
3.87274
4.16848
4.87313
4.69411
4.72385
0
0.082541
1.39438
3.44176
5.79088
6.5926
9.92563
9.90474
9.50717
4.3934
3.66998
3.75286
4.49023
5.12716
4.72076
0
0
1.64411
2.60253
5.56106
6.06114
9.77441
9.79924
11.2003
4.47575
3.44276
3.45462
4.2141
5.90368
4.76983
0
0
1.80603
1.82577
5.34713
5.68661
9.25943
9.72992
11.0018
4.79504
3.46297
3.22814
4.06229
5.85034
4.92833
0
0
2.25972
2.0289
5.24863
5.27932
8.80498
9.70328
10.6579
6.29031
3.38418
2.98321
3.96515
5.28386
5.15886
0.00847022
0
2.00047
2.31355
5.68485
5.19593
8.13802
9.79494
10.369
8.39651
3.45809
2.65539
3.88011
4.61961
5.49382
0.662677
0
1.31937
2.57474
5.49435
5.27818
7.30103
9.94662
10.1448
10.1564
4.04013
2.36279
3.88036
4.31376
6.06858
1.84889
0
0.722617
2.54814
3.55663
5.42132
6.74542
10.2029
10.0723
11.6621
4.531
2.03466
3.98791
4.16078
6.63813
3.40978
0
0.258106
2.50288
3.46138
5.54389
6.2935
10.4029
10.2082
11.9054
5.0971
1.72002
3.77591
4.10753
6.27052
5.04878
0
0.0476197
2.30147
3.61738
5.68653
6.1547
10.7775
10.2652
11.2721
6.62329
1.5025
2.63108
3.85123
5.39133
5.94346
0.00282341
0
1.8563
4.21593
5.79179
6.20443
10.8827
10.3345
10.9119
8.25528
1.48502
1.63321
3.67514
4.76842
6.04662
0.0117935
0
1.45561
4.26199
5.92689
5.84283
10.4909
10.431
10.666
9.51984
2.20334
1.1632
3.55064
4.35565
5.89144
0.0245866
0
0.941964
4.28133
7.03874
5.78635
9.72341
10.5973
10.476
11.2728
3.03381
1.18745
3.58635
3.94753
5.94474
0.0618583
0
0.376364
4.09137
8.82992
5.67083
8.64267
10.7983
10.5055
11.8119
4.34718
1.12984
3.77679
3.84885
5.80983
0.341429
0
0.0598589
3.44948
8.29556
5.30124
7.47975
11.1907
10.5092
11.2169
5.77516
1.07892
3.66477
4.04049
5.42117
1.04459
0
0.0221685
2.66154
5.86845
4.91301
6.52002
11.5304
10.6036
10.9862
6.87021
1.15968
2.93376
4.34229
5.27784
2.11339
0
0.0158732
1.8716
4.68145
4.52467
5.67849
11.57
10.7698
10.82
7.95274
1.22644
2.39036
4.58366
5.35933
3.24423
0
0.00952393
1.09839
4.42321
4.29367
4.89972
11.5547
11.011
10.786
9.30766
1.28404
1.7244
4.72595
5.36641
4.26302
0
0
0.327245
4.27975
4.01748
4.32661
11.6789
11.2374
10.9011
9.75109
1.41745
1.39413
4.74027
5.28912
4.7296
0.0144143
0
0.347536
4.46721
3.67211
3.80174
11.8131
11.6279
10.8658
9.44351
2.19771
1.37315
4.75231
5.20769
4.74673
0.02741
0
0.658314
4.72622
3.15776
3.18259
11.8764
11.708
10.8141
9.40057
3.65456
1.38633
4.57542
5.03447
4.39786
0.051051
0
1.18159
4.79232
3.18079
2.98473
10.3899
11.7548
11.0794
9.39403
5.12909
1.52795
4.03876
4.67067
4.12963
0.416621
0
1.88313
4.10421
4.43328
3.05097
8.37548
11.7703
11.5599
9.2193
6.51972
1.62415
3.27194
4.50847
4.00259
1.24289
0
2.40069
3.10842
5.26148
2.99029
6.59844
11.7075
11.5792
9.56614
7.26569
1.7863
2.70089
4.38583
4.03153
2.40764
0
1.61788
3.35337
5.37227
2.91738
5.15383
11.7531
11.4728
10.4139
7.16116
2.06101
2.27873
4.33632
3.95074
3.60627
0
0.444451
4.17932
5.43819
2.83715
3.69052
12.1064
11.366
10.809
6.64161
2.84114
2.56777
4.25177
4.0601
4.40241
0
0
4.63567
5.2562
2.85745
2.8961
12.3685
11.2742
11.1368
6.32605
4.57921
3.07334
4.33863
4.40177
4.43971
0.00312061
0
4.6777
5.33358
3.27255
2.97282
12.3977
10.9834
11.506
7.00378
5.96941
3.33065
4.39398
4.88879
4.13766
0.0152113
0
4.60295
5.4047
3.76248
3.11173
11.3858
10.3877
11.7066
8.28446
6.40419
3.28573
4.077
4.97513
4.10858
0.0293823
0
4.4307
4.83223
4.7348
3.37304
9.55517
9.5578
10.8802
9.66344
6.71009
3.24932
3.55902
4.96341
4.17914
0.378418
0
4.22507
4.15246
5.49266
3.86046
7.55555
8.63155
9.63515
11.2213
6.89816
3.57716
3.39541
4.80159
4.34609
1.30913
0
2.16
3.98755
6.28992
4.55338
6.24574
8.07757
8.16788
12.1026
7.35467
4.99442
3.59063
4.70555
4.72545
2.55521
0
0.577178
4.03742
5.55175
5.14785
5.82558
7.80537
7.70394
12.2067
7.95386
6.68142
3.64222
4.84599
4.7358
3.73084
0
0.0126986
4.14514
5.45119
5.90295
5.89966
8.24936
7.47173
12.2784
8.91691
8.17912
3.68144
4.88046
4.88889
5.033
0
0
4.09178
5.46333
6.39192
6.29387
9.12854
7.67056
12.3199
10.0847
8.48038
3.86566
4.41327
5.03684
5.45769
0.0115908
0
3.52522
5.39805
6.85877
6.44869
9.5993
7.86144
12.3918
11.5712
8.84445
4.16855
4.1886
5.16171
5.29123
0.0275046
0
3.10215
5.49116
7.68826
6.37088
9.49462
7.90857
12.4217
12.8569
9.22607
4.98037
4.35882
4.95138
5.08331
0.0477818
0
3.10294
5.07931
6.51405
6.22075
8.95886
7.79481
12.5718
13.4923
9.58386
6.51761
4.51001
4.59874
4.78643
0.481762
0
3.23156
4.29261
6.17023
6.10048
7.79828
7.52118
12.3508
13.4467
10.1803
8.19012
4.3203
4.3406
4.45867
1.49075
0
2.14896
4.05213
6.04748
6.14422
6.58839
7.22475
11.9292
13.4565
10.8858
10.0618
3.93705
3.59439
4.22261
2.54393
0
0.784381
3.72452
6.07392
6.19486
6.05582
6.87208
10.9766
13.1813
12.0346
10.7674
3.77133
2.96069
4.22561
3.45531
0
0.165082
3.54619
5.93624
6.73007
6.13556
6.61123
9.19944
13.1966
13.0772
11.1213
4.1577
2.68634
4.39395
3.73793
0
0
3.35751
5.93285
7.09529
6.28942
6.52683
7.70612
13.3459
13.4443
11.4738
5.37932
2.63081
4.08939
3.63745
0.00312061
0
3.00913
5.88376
7.37161
6.34487
6.81914
6.57262
13.45
13.4386
11.7159
7.37348
2.56729
3.41996
3.72024
0.00599806
0
2.51019
4.94008
6.58513
6.42204
7.41061
5.77473
13.3641
13.2326
11.9325
9.48234
2.53501
2.97178
3.89185
0.0270723
0
2.07823
3.82858
6.29063
6.10787
6.4678
5.5445
13.2738
12.8924
12.2835
11.3923
2.47887
2.68546
4.11495
0.438844
0
1.37259
2.8188
6.58078
6.15626
5.96028
5.54192
13.1175
12.7972
12.3015
12.1562
2.67181
2.52892
4.3114
1.30768
0
0.684574
2.34866
6.05377
6.34926
5.95503
5.65388
12.7252
12.7267
11.8927
12.3354
3.48778
2.40507
4.24157
2.3457
0
0.248906
2.14017
5.77158
6.91495
6.03159
5.93863
12.0459
12.545
11.543
12.5178
4.96552
2.3005
3.58457
2.96305
0
0.0444451
1.95554
5.5882
7.52977
6.18245
6.14483
10.4856
12.5471
11.1326
11.8874
7.02468
2.20878
3.13135
3.72233
0.00282341
0
1.89518
4.92836
7.44364
6.37348
6.38326
8.74046
11.5338
10.7062
11.2234
9.48464
2.34521
2.97122
4.577
0.00911867
0
1.62624
4.34834
7.77032
6.42987
6.59779
7.71831
10.6147
10.1932
10.4617
11.5098
2.5255
2.71162
4.79017
0.0177375
0
1.10287
4.62604
7.26698
6.59026
6.83258
7.13967
9.72253
9.85741
9.62
12.9299
3.10175
2.52095
4.74928
0.0339079
0
0.705244
4.51696
6.74416
6.76147
6.75991
7.1821
8.98641
9.58901
9.11578
13.257
4.09529
2.47155
4.85618
0.377742
0
0.35579
4.0429
6.48298
6.68471
6.95413
7.42559
8.45993
10.0325
8.74146
12.6862
4.97845
2.49141
4.12897
0.98845
0
0.085121
3.56891
5.93692
6.7816
7.30582
7.7713
8.0874
10.9863
8.72846
12.0927
6.51696
2.56861
3.34741
1.98803
0
0.0189398
2.81141
5.74869
6.93655
7.01321
8.15611
7.77121
10.9183
8.76964
11.5372
8.77273
2.83747
2.90766
3.00565
0
0.00317465
1.65468
5.46791
7.24403
7.01071
7.82381
7.21333
9.09001
8.39172
10.0626
10.5178
3.03161
2.87742
3.77733
0.00282341
0
0.663987
4.55037
7.11151
7.14745
7.69158
6.53008
7.82717
8.04525
8.47491
11.7904
3.59295
3.06243
3.96783
0.00926726
0
0.178388
3.79442
6.38767
7.04954
7.92557
6.03609
6.46951
7.86445
7.89053
12.8775
4.64053
3.24253
3.51841
0.0183319
0
0.034043
3.29778
5.87183
6.97436
7.88205
6.01768
5.76679
7.95669
7.74786
13.0648
5.20471
3.4511
3.18475
0.042081
0
0.00624122
2.45849
6.21849
6.84799
7.5238
6.9602
5.86477
8.27595
7.74611
12.917
5.78732
3.62258
3.11184
0.325327
0
0
1.85642
6.42237
6.74604
7.20438
7.99398
6.35092
10.0165
7.94365
12.6867
7.16024
3.91422
3.15688
0.894318
0
0
1.34721
5.28746
6.66471
6.83633
8.61147
6.89771
11.7788
8.35315
12.7784
8.50875
4.1891
3.4497
1.6317
0
0
0.616624
4.47394
6.93133
6.75126
8.16898
7.59949
12.6126
8.99962
12.3469
9.74143
4.46317
3.89072
2.26822
0
0
0.0786502
3.65468
6.98002
6.79475
7.55361
8.10443
12.5835
9.45686
11.5335
11.3939
5.09485
4.02406
2.81825
0.00282341
0
0.00634929
2.6247
6.87938
6.83843
7.4386
8.3423
11.5773
9.50654
10.7893
12.7821
5.7279
4.29036
3.01949
0.0174403
0
0
1.54656
6.97001
6.95507
7.46797
8.5457
10.3967
9.62589
10.0879
13.2972
6.01761
4.15464
3.14538
0.0276667
0
0
1.17415
6.99153
6.71293
7.52657
8.66664
9.60977
10.0207
9.67022
13.4742
6.48534
4.01952
3.12239
0.0276127
0
0
0.718308
6.54721
6.64226
7.45896
8.24501
9.02303
10.6658
9.96126
12.4191
7.25767
3.76482
3.03784
0.220996
0
0
0.382295
6.17151
6.53238
7.5194
7.89768
8.84964
11.7716
10.4549
11.0825
8.36754
3.92714
3.14193
0.536137
0
0
0.0187777
6.04479
6.53898
6.80479
7.82139
8.99986
13.1104
9.98044
10.0878
9.81514
4.53761
3.48122
1.02818
0
0
0.00629526
5.58976
6.69612
6.7596
7.68544
8.99843
13.6033
9.54753
9.2723
11.5477
5.04525
3.32427
1.5265
0
0
0.00317465
4.58337
6.88192
6.83619
7.59748
8.28336
12.9011
9.61789
8.51787
13.2111
5.24465
3.16314
2.16453
0
0
0
3.71918
7.06956
6.80271
7.54221
7.59976
12.1487
9.86509
7.9539
14.05
5.55575
3.0819
2.86393
0.00564682
0
0
2.47206
6.68891
6.69415
7.53953
7.51486
11.3016
10.5237
7.67643
14.2575
6.32855
3.02099
2.96544
0.0151167
0
0
0.943855
6.58775
6.67675
7.49488
7.54602
11.0574
11.3685
7.54673
13.6867
7.04131
2.95553
2.85228
0.0211148
0
0
0.0187236
6.5297
6.60271
7.17813
7.51721
10.8457
12.3525
7.36194
12.0317
8.21698
3.85491
2.57795
0.352048
0
0
0.00906463
5.50886
6.57084
6.84622
7.66616
9.79918
13.7519
7.12039
10.0156
10.3959
5.41601
2.24559
0.993191
0
0
0
3.66373
6.64625
6.59591
7.74755
8.59998
13.3484
6.99226
8.40603
12.7494
5.83321
1.92089
1.75026
0
0
0
1.80239
6.99642
6.72387
7.61692
7.93149
12.4748
7.09924
7.3944
14.1746
6.23215
1.73264
1.89784
0
0
0
0.457648
6.77272
7.02394
7.38185
7.4401
12.1784
8.06365
7.46329
14.9174
6.71227
1.70739
1.61162
0
0
0
0.0154139
6.67747
6.74959
7.40489
7.22732
11.6174
9.93896
8.11388
15.2109
6.9416
2.04257
1.44241
0.00312061
0
0
0.0154139
5.29608
6.61948
7.39783
7.13729
10.187
11.8199
8.95748
15.1085
7.29408
2.88079
1.32803
0.00599806
0
