9.16283
11.0317
12.302
8.79568
9.47786
12.5858
10.0034
9.24916
6.19293
4.06558
6.58429
3.87998
1.51477
1.7224
14.1759
9.78354
10.6869
12.0795
9.07176
8.93617
11.809
9.99145
9.74678
6.4592
4.18061
5.57139
4.43308
1.54421
1.54696
13.2923
10.453
10.4863
11.6987
9.75619
8.45542
9.81446
9.99145
9.99995
7.16884
4.19972
4.50743
5.45902
1.70008
1.56525
10.275
10.7826
10.1917
11.248
11.721
8.57849
8.48518
10.0579
9.98524
7.82842
4.2631
4.23572
6.66584
1.87904
1.60342
7.26524
10.7595
10.1179
10.9794
14.2597
8.7344
8.9784
10.1425
9.97922
8.30055
4.46031
4.27515
7.76369
2.14182
1.61209
4.65668
10.7738
10.4739
10.573
13.7925
8.7745
9.7489
10.2587
9.98236
9.13941
4.73249
4.12765
8.46134
2.65584
1.60022
3.14241
10.8162
11.8282
11.0514
13.1374
8.72025
10.4804
11.0703
9.98962
9.71043
5.71924
3.85805
8.40492
2.80087
1.57086
2.65886
10.8475
12.5714
11.6108
12.5444
8.71359
10.3309
12.4693
9.97871
9.86691
6.71485
3.72545
7.9927
2.86609
1.55555
2.42003
10.8643
11.1839
12.4096
12.3547
8.74964
9.81203
13.8835
10.0126
9.93974
7.58693
3.76095
7.24522
3.1928
1.59202
2.10548
11.3026
10.8671
12.6018
12.6163
8.94692
9.10401
12.4764
10.0259
9.94172
8.62069
3.89448
5.94481
3.94075
1.57672
1.8484
12.875
10.8559
12.9733
12.7922
9.71003
9.27354
10.6913
10.012
9.93396
9.75803
4.12172
4.48374
4.90057
1.59115
1.67535
14.4488
10.8697
14.0252
13.0759
11.6798
9.58886
9.8933
10.0518
9.94181
9.85774
4.4564
4.19846
6.02901
1.66934
1.62217
11.9825
10.8647
15.0676
13.8003
14.2285
9.63173
9.58531
10.1405
9.94708
9.87517
5.20015
4.05451
6.65412
1.8604
1.7214
9.06819
10.8675
15.3434
14.3863
15.9233
9.82295
9.21683
10.2433
9.96127
9.89527
6.5197
3.87808
5.37241
2.23735
1.88392
6.20351
10.8393
13.816
14.7608
15.3353
9.94111
9.21329
10.9853
9.96221
9.90998
8.27114
3.87861
4.23348
2.68848
2.05316
4.22911
10.8099
12.317
14.8829
14.6802
10.0897
9.17413
12.2437
9.96799
9.95046
9.74196
4.14188
3.91967
3.98391
2.24525
3.42399
10.7555
11.014
15.0922
14.7831
10.296
9.18019
10.9653
9.97302
9.95545
9.87274
5.00854
4.14709
6.50927
2.49717
3.27842
11.1337
10.6944
15.373
14.7349
10.83
9.53195
9.60162
9.99119
9.96147
9.8563
6.3156
4.3543
5.84097
3.04538
3.43236
12.6266
10.6216
15.7036
14.8739
12.2058
10.4981
9.95146
9.99738
9.95831
9.84493
7.93472
4.82765
5.53981
4.05534
4.0026
14.1979
10.5443
16.5585
14.832
14.4751
10.4284
10.336
10.0688
9.95304
9.86171
9.49348
5.65461
6.13339
5.58917
5.37902
15.7726
10.4405
15.9176
15.0284
14.8274
10.4832
10.7015
10.1106
9.95304
9.89853
9.86915
6.77703
7.05985
7.66275
7.45364
16.6359
10.3787
14.7097
15.1503
14.4735
10.1444
10.1416
10.1221
9.96443
9.93525
9.85022
8.10394
8.2076
10.5258
9.71416
16.3856
10.32
13.3076
15.3235
14.4179
10.0441
9.82395
10.3173
9.98051
9.92669
9.86713
9.34047
9.24847
12.6131
12.0985
16.388
10.2725
11.9741
16.1164
14.1227
10.2427
9.74614
10.891
9.97196
9.95263
9.87018
9.80212
9.98834
14.2022
14.2963
16.5507
10.2384
10.7418
16.8491
14.1206
10.5872
9.93837
10.2792
9.97458
9.95304
9.87595
9.80687
10.0008
15.3518
15.6608
16.9769
10.351
10.2257
16.8934
14.052
11.8761
10.0868
10.1381
10.0284
9.95018
9.87633
9.82447
9.89964
13.9894
16.3616
17.5524
11.4126
10.1834
16.9932
14.3161
14.1323
10.1218
10.0351
10.0229
9.94722
9.89598
9.83668
9.9081
12.5618
17.0554
17.7302
12.7598
10.1575
17.1329
14.7545
13.9458
10.1851
10.0217
10.0581
9.95859
9.90158
9.85627
9.89087
11.0313
16.9891
17.7136
14.2836
10.0312
16.2181
15.7378
13.6495
10.3253
10.1024
10.1351
9.95013
9.91577
9.88729
9.87838
10.0952
16.5759
17.6083
15.7226
9.89604
14.6015
16.4053
13.2406
10.5637
10.1715
10.2386
9.9586
9.9358
9.89852
9.88706
9.95109
15.6662
17.4159
16.6833
9.80434
12.9465
16.653
13.0297
10.7203
10.2256
11.0285
9.96346
9.94135
9.8896
9.90671
9.92085
14.2882
17.2604
17.3074
9.77274
11.3676
16.6494
13.077
10.8484
10.4927
10.4205
9.95564
9.94722
9.89298
9.88207
9.92927
12.9297
16.9555
17.5185
9.78476
10.2016
16.6219
13.3716
11.484
10.9186
10.7039
9.96386
9.95568
9.88484
9.87337
9.9179
11.789
16.2716
17.5315
9.80475
9.81939
16.666
14.5404
12.1286
10.8771
10.8314
9.99815
9.95582
9.90093
9.85353
9.90685
10.6338
15.0437
17.3994
9.92326
9.82445
16.7604
15.5666
11.8478
10.47
10.8702
10.0091
9.95606
9.92138
9.82708
9.89007
9.96645
13.7134
17.0916
9.94731
9.84107
15.9874
16.2633
11.3268
10.1081
10.7021
10.0975
9.94986
9.92715
9.80474
9.87304
9.89623
12.2897
15.7253
9.99702
9.8134
13.782
16.3979
11.0472
9.32548
10.5602
10.48
9.94149
9.94426
9.80493
9.82213
9.88457
10.9242
14.1645
10.1436
9.66452
11.8641
16.5727
11.4936
8.9522
10.2478
11.4188
9.94126
9.94722
9.80784
9.81047
9.87055
10.137
12.6611
10.1275
9.31629
10.2926
16.635
12.8456
8.58408
9.07947
12.8848
9.93265
9.94486
9.83572
9.80493
9.86458
9.83666
11.1867
10.086
9.07155
8.9812
16.6612
13.9739
8.68647
8.21843
12.673
9.9353
9.93861
9.89238
9.80484
9.89369
9.84107
10.1689
10.024
9.33811
8.68635
16.7032
14.9734
9.40463
8.35047
12.7931
9.95239
9.93852
9.90117
9.80188
9.88432
9.83004
9.83113
9.90862
9.81943
8.4506
16.7323
15.4635
9.88774
8.11581
12.7441
10.0207
9.9414
9.9444
9.80197
9.87578
9.81583
9.80589
9.76199
9.79352
8.17824
15.3117
15.3802
10.4669
8.45492
11.7579
10.0377
9.93849
9.94459
9.80197
9.84151
9.78218
9.82114
9.65781
9.74391
8.00072
12.6962
15.3201
11.2153
8.73589
11.0901
10.0903
9.94135
9.94431
9.81053
9.82768
9.82493
9.77918
9.67831
9.73415
7.91313
10.386
15.4697
12.3296
9.14539
10.9279
10.3569
9.93585
9.9444
9.84423
9.81335
9.90389
9.78421
9.69691
9.70376
7.82431
8.64895
15.8154
13.6349
9.63064
10.177
11.1553
9.93561
9.93876
9.84123
9.80715
9.86708
9.73852
9.74072
9.66802
7.8145
7.65812
16.447
14.694
9.79436
9.80501
10.2154
9.95005
9.9357
9.86944
9.80226
9.84774
9.72676
9.72252
9.62389
8.49067
7.55713
16.9109
14.5872
10.182
9.38968
9.95307
9.94487
9.9444
9.89274
9.80226
9.82274
9.71261
9.7048
9.57877
9.38051
7.47427
16.6933
14.5062
10.3428
9.08869
10.0714
9.99569
9.94722
9.87841
9.78772
9.80766
9.74163
9.69631
9.55873
9.66425
7.42955
15.5376
14.4684
10.7658
9.12226
9.6424
10.0703
9.94722
9.89274
9.78218
9.80455
9.81015
9.69358
9.5541
9.60697
7.42436
13.1075
14.4203
11.7314
9.0837
8.96372
10.0652
9.95864
9.91239
9.7763
9.80226
9.81257
9.70774
9.57373
9.57041
7.49
10.8227
14.5266
12.8301
9.8281
9.54072
10.4026
9.97349
9.90671
9.76788
9.78218
9.8859
9.71021
9.585
9.57107
7.61869
9.14203
14.7959
14.0074
10.166
9.83405
11.4389
9.99842
9.92702
9.76206
9.77936
9.88844
9.7152
9.64895
9.55399
7.72606
8.0472
15.1837
15.14
10.203
9.59794
11.0127
10.0096
9.94426
9.74782
9.75957
9.83957
9.72468
9.72136
9.53116
8.14939
7.78493
15.7354
15.4875
10.1715
9.36379
9.98664
10.0152
9.94722
9.75012
9.73945
9.8483
9.73073
9.73259
9.51997
9.18762
7.74185
15.6652
15.7398
10.4928
9.72493
9.48414
10.0149
9.94731
9.75336
9.74208
9.81071
9.74764
9.75638
9.54036
9.62269
7.84148
15.1729
15.5224
11.2193
10.0905
9.74492
10.0122
9.96434
9.7985
9.74208
9.79633
9.80415
9.75244
9.55395
9.60318
7.97094
13.6866
14.8988
12.1336
10.1137
9.77676
10.0662
9.96151
9.85552
9.74499
9.79351
9.86088
9.7648
9.54825
9.53696
8.15294
11.0715
14.6022
13.0828
10.1698
9.49795
10.0582
9.98314
9.86107
9.73945
9.77381
9.87253
9.75874
9.5764
9.5174
8.21685
9.46267
14.7003
14.1093
10.1991
9.27393
10.3906
10.0067
9.91536
9.73945
9.75369
9.87096
9.75369
9.5702
9.51114
8.172
8.43313
15.0269
15.0681
10.2487
9.26086
9.6548
9.88081
9.94135
9.73654
9.75087
9.82782
9.76506
9.65524
9.52322
8.48093
8.33355
15.385
15.8442
10.356
9.50125
9.31905
9.45496
9.94135
9.73912
9.73654
9.80193
9.7646
9.76686
9.54282
9.55421
8.4955
15.7857
15.8124
10.7737
9.46409
9.45811
9.12443
9.94722
9.76456
9.73654
9.78778
9.7732
9.75877
9.5401
9.61445
8.50742
15.885
15.5602
11.8231
9.57163
9.48944
8.62272
9.94651
9.76456
9.73357
9.75943
9.76738
9.75026
9.53728
9.56012
8.4442
13.8626
15.4328
12.9062
9.71331
9.4534
8.11676
9.94722
9.80978
9.73349
9.73663
9.7875
9.74499
9.53723
9.5486
8.57407
11.3148
14.903
13.8661
10.049
9.43421
7.54599
9.9444
9.86958
9.71933
9.71942
9.81297
9.73621
9.56807
9.53986
8.32947
9.43121
13.6621
14.8201
10.1113
9.47689
6.84102
9.69464
9.86958
9.71642
9.70824
9.80822
9.73061
9.63845
9.52548
7.62423
8.00559
12.2694
15.3567
10.1063
9.46688
6.52003
9.36559
9.91536
9.7277
9.70185
9.80507
9.72507
9.64136
9.51138
7.042
6.74764
11.01
15.4994
10.2492
9.44423
6.37963
9.33771
9.93015
9.73061
9.69936
9.75128
9.72784
9.7216
9.50264
8.04867
6.34032
9.70482
15.8059
10.8138
9.42653
6.33176
9.30752
9.92461
9.73912
9.7049
9.72538
9.72765
9.72534
9.49718
9.00647
6.35513
7.94036
14.8028
11.7987
9.443
6.37518
9.31429
9.76036
9.76456
9.708
9.72817
9.7363
9.7277
9.49422
9.05535
6.87655
7.73493
12.1315
13.0356
9.65536
6.51577
9.3108
9.47568
9.76456
9.71351
9.71069
9.73621
9.72784
9.52224
9.16868
7.48845
8.60096
10.3687
14.2959
9.8217
6.56134
9.40728
9.45844
9.81269
9.7277
9.71096
9.75322
9.7277
9.53376
9.50559
7.58744
8.91294
9.75523
15.504
9.83721
6.39462
9.06894
9.4711
9.87249
9.73061
9.71647
9.77034
9.72784
9.61298
9.50883
7.3797
8.68715
9.28497
16.4016
9.78208
6.22412
8.12949
9.48641
9.86958
9.73357
9.71938
9.76146
9.72803
9.68151
9.5173
7.22101
8.55271
8.72062
16.4008
9.75621
6.3643
6.9427
9.51581
9.7144
9.73357
9.72808
9.77889
9.73061
9.68156
9.5235
7.23855
8.26656
8.37731
14.6554
10.3993
6.73682
6.157
9.56279
9.56368
9.73357
9.73357
9.76502
9.73061
9.69395
9.54024
7.49663
8.14522
8.3439
11.9881
11.5063
7.1766
5.82871
9.58082
9.60536
9.74486
9.73357
9.74499
9.73357
9.68803
9.56007
8.06417
7.90902
8.34814
9.98386
12.7905
7.73472
5.73238
9.7128
9.61123
9.77001
9.73357
9.73945
9.73357
9.68215
9.58222
9.24996
8.17388
8.13294
9.33293
14.1502
8.18204
5.59099
9.89512
9.62267
9.76456
9.73357
9.73357
9.73357
9.67929
9.61912
9.55696
8.05353
7.81767
8.68154
15.2181
7.99131
5.32359
9.30379
9.66198
9.79878
9.73357
9.73357
9.73357
9.69913
9.62702
9.56548
7.92322
7.85032
7.93874
14.7568
7.79034
4.85459
8.39802
9.65565
9.73193
9.73357
9.73357
9.73357
9.69941
9.67383
9.56533
7.36752
8.02937
7.82185
12.4938
8.00363
4.33701
7.27968
9.68556
9.68152
9.73357
9.73357
9.73357
9.72183
9.67092
9.57381
6.7366
6.70275
7.60575
10.1178
8.53992
3.99314
6.00006
9.71748
9.6702
9.73357
9.73357
9.73357
9.73357
9.67092
9.57122
7.08997
6.42197
7.46263
9.28817
9.27422
3.69098
5.17571
9.90124
9.65575
9.73357
9.73357
9.73357
9.73357
9.67125
9.58245
8.33012
6.68432
7.49485
9.06764
10.7388
3.38226
5.12696
9.80365
9.63357
9.70567
9.73357
9.73357
9.73357
9.67364
9.59387
8.96139
7.49546
7.5893
8.03044
12.6655
3.37973
4.99228
9.82458
9.63778
9.63
9.73357
9.73357
9.73357
9.66519
9.63332
9.32554
8.27528
8.57052
8.39694
11.0986
3.26062
4.68206
9.72517
9.63268
9.60184
9.73357
9.73357
9.73357
9.66236
9.67605
9.60853
8.64112
9.43822
8.22067
9.08284
2.84535
4.25592
9.18718
9.7944
9.59273
9.73357
9.73357
9.73357
9.66236
9.66236
9.61432
8.90615
10.0016
7.93881
8.23814
2.53721
3.57563
8.25751
9.85743
9.57003
9.68001
9.73357
9.73357
9.66227
9.66236
9.62273
9.19275
10.8881
7.8714
7.93494
2.258
2.57402
7.40363
9.85455
9.57132
9.55619
9.73066
9.73357
9.65075
9.65399
9.63138
9.3296
12.9012
9.07653
8.09694
2.27562
1.99204
6.85147
9.84729
9.55818
9.54413
9.72775
9.73357
9.65056
9.64239
9.63688
9.33319
13.1403
10.6811
8.67611
3.35159
1.74591
6.08254
9.86798
9.60846
9.54531
9.71914
9.73357
9.6423
9.62823
9.64853
9.41067
11.8751
11.6169
9.84136
5.6595
1.60347
4.95797
9.86566
9.66536
9.5468
9.66173
9.72512
9.65635
9.61695
9.65963
9.48024
10.7584
11.883
11.2218
8.53155
1.6716
4.20378
9.72373
9.76123
9.56058
9.5311
9.71651
9.68442
9.60539
9.66842
9.61563
10.0568
12.0776
11.972
11.3215
1.59704
3.2838
8.96845
9.75854
9.56118
9.54341
9.70227
9.68456
9.60284
9.65973
9.65667
9.79777
12.4896
12.1645
13.7251
1.53307
2.06897
7.52267
9.79767
9.63926
9.52827
9.69644
9.71046
9.6053
9.64817
9.64793
9.72206
12.9702
12.3235
15.0332
1.71982
1.40293
5.84225
9.84781
9.72306
9.54923
9.68802
9.7049
9.61677
9.65089
9.64821
9.67735
13.3055
12.4494
15.0185
3.60118
1.18529
4.17993
9.79602
9.78876
9.50241
9.63916
9.69667
9.62833
9.64845
9.6428
9.6742
13.6718
12.6465
14.739
5.80582
1.08479
2.70326
9.78165
9.80104
9.52614
9.52525
9.69376
9.64248
9.6453
9.64793
9.64261
14.142
12.8791
13.8381
7.34588
1.16371
1.74906
9.71136
9.82468
9.55736
9.5709
9.69381
9.65094
9.65399
9.67966
9.65093
14.4148
13.1491
12.8409
8.4057
1.22981
1.38496
8.99215
9.85948
9.58024
9.31776
9.67378
9.67364
9.65644
9.66006
9.65398
13.607
13.363
11.8365
8.89141
1.31507
1.35539
7.48489
9.9175
9.78713
9.37455
9.66824
9.6681
9.65677
9.66269
9.66208
12.1641
13.6321
10.7743
7.91562
1.43827
1.37795
5.92675
9.92121
9.83507
9.4275
9.31466
9.66241
9.65945
9.6594
9.65963
10.803
13.8074
9.98021
6.94862
1.7273
1.39626
4.3331
9.84717
9.84707
9.45616
9.36613
9.65945
9.65945
9.6594
9.67379
9.98379
14.0031
9.37222
6.32256
2.68257
1.35845
2.72465
9.81611
9.84523
9.47688
9.31466
9.65973
9.65973
9.6594
9.6854
9.69909
14.1601
8.74445
5.82906
3.73494
1.3931
1.66939
9.31695
9.84776
9.81819
9.36294
9.66236
9.67345
9.65644
9.69137
9.70455
14.2525
8.2803
5.57388
4.60962
1.43326
1.46133
7.87752
9.8512
9.51717
9.33071
9.31466
9.66829
9.65644
9.705
9.70788
14.3562
8.01984
5.28006
5.5106
1.62835
1.35419
6.49149
9.85177
9.85551
9.36012
9.40166
9.66236
9.65644
9.69412
9.71365
14.519
7.68694
4.95507
5.61262
2.12676
1.12963
5.192
9.88333
9.84969
9.41033
9.31466
9.66236
9.65644
9.66302
9.71647
13.6334
7.57446
4.73947
5.31604
2.98574
1.04477
3.662
9.72562
9.84109
9.45361
9.36003
9.66236
9.6594
9.66269
9.71844
12.2388
7.61546
4.57323
5.09381
3.92713
1.33293
2.55972
9.1106
9.82149
9.48816
9.31729
9.66236
9.66236
9.6594
9.7049
10.8411
7.5741
4.43862
4.89721
4.78442
1.86964
2.46835
8.48882
9.80124
9.87304
9.37718
9.66236
9.66236
9.65649
9.691
9.98949
7.72338
4.41543
4.71731
5.46303
2.41294
2.68526
8.14687
9.58498
9.86565
9.433
9.31729
9.66527
9.6594
9.68554
9.68132
7.95068
4.44483
4.64327
5.59092
2.97492
3.03721
7.87546
8.74423
9.828
9.47637
9.37982
9.67373
9.65936
9.67346
9.68151
8.07049
4.5496
4.57418
5.41096
3.66318
3.50884
7.3448
8.08653
9.83981
9.51091
9.31729
9.67707
9.65949
9.67087
9.67291
8.319
4.65534
4.62744
5.28461
4.47912
3.96458
6.69764
7.4287
9.83397
9.86528
9.1635
9.56628
9.66476
9.67356
9.67887
8.66766
4.75388
4.68442
5.19514
4.96208
4.3476
6.23494
6.43437
9.64547
9.85644
9.19879
9.19195
9.66184
9.6791
9.68438
8.8548
4.91075
4.71992
4.98803
5.23072
4.56809
6.09492
6.06354
8.76033
9.84469
9.26325
9.25253
9.66777
9.67934
9.68429
9.29889
4.96693
4.72334
4.91487
5.46288
4.73541
6.55971
5.93719
7.72021
9.84187
9.32078
9.30132
9.6704
9.68248
9.68457
9.94266
4.99995
4.77181
4.90852
5.49278
4.80088
6.5127
5.72236
7.04396
9.82129
9.79737
8.98013
9.69353
9.67332
9.68716
10.6087
5.0691
4.8128
4.87556
5.53401
4.93675
5.95589
5.70151
6.30335
9.80634
9.83929
8.9922
9.36367
9.67623
9.71003
10.8004
5.22956
4.81956
4.91925
5.55203
5.08978
5.63965
5.72151
5.56886
9.74099
9.84512
9.05375
9.243
9.69527
9.71558
10.0016
5.28938
4.85373
4.93589
5.43903
5.23743
5.50619
5.86671
5.46415
8.86612
9.85034
9.09213
9.24708
9.68831
9.72419
9.707
5.49127
4.94113
4.97608
5.39581
5.40412
5.34663
6.22498
5.52749
7.76449
9.85338
9.15382
9.18379
9.68225
9.72973
9.71287
5.84896
4.99755
5.00903
5.37833
5.47942
5.39476
6.56589
5.59423
7.03268
9.84159
9.53298
9.18186
9.40268
9.71689
9.71569
6.05048
5.06871
5.01769
5.26333
5.62283
5.45423
6.04308
5.54317
6.39591
9.82184
9.85958
9.22343
9.14154
9.71332
9.71042
6.4048
5.18383
5.02639
5.2331
5.86228
5.46451
5.74608
5.48108
5.71239
9.7678
9.85303
9.26164
9.13161
9.66792
9.71616
6.50003
5.26024
5.02539
5.24316
5.96595
5.50136
5.55135
5.47774
5.50919
9.50289
9.86679
9.31199
9.05873
9.66195
9.71618
6.58555
5.40276
5.0163
5.20791
6.1644
5.54127
5.48599
5.52085
5.52694
8.62406
9.87022
9.48553
9.05205
9.66787
9.71291
6.68582
5.63379
5.02291
5.2093
6.26396
5.59292
5.45981
5.33013
5.50755
7.52737
9.87309
9.88113
9.08766
9.63659
9.70481
6.73339
5.69865
5.07045
5.21292
6.15809
5.68699
5.41278
5.02216
5.18077
6.26026
9.85834
9.89068
9.12308
9.25691
9.70213
6.72419
5.90932
5.1109
5.14289
6.11102
5.84025
5.39332
4.8137
4.74118
5.07215
9.88346
9.89306
9.16465
9.21638
9.69123
7.2004
6.19851
5.17806
5.13321
6.10199
5.92388
5.46147
5.00837
4.4029
4.29926
9.89458
9.8939
9.30943
9.22424
9.68188
7.99354
6.23792
5.34983
5.12761
5.88561
6.15946
5.60883
4.87322
4.26066
3.58285
9.91642
9.9297
9.78424
9.16319
9.67342
8.48462
6.41162
5.62254
5.16802
5.79096
6.33425
5.64334
4.81543
4.06123
2.89852
9.63781
9.93881
9.86135
9.16763
9.66763
9.20875
6.50226
5.76974
5.23077
5.75036
6.38431
5.8103
5.06528
3.82071
2.34691
8.08554
9.94686
9.88446
9.18103
9.46064
9.67059
6.41626
5.98889
5.28437
5.49154
6.54036
5.92699
5.2951
3.51562
1.95582
6.40116
9.98346
9.88155
9.18987
9.08776
9.66245
6.38512
6.01247
5.32132
5.34808
6.70343
5.98031
5.6221
3.51165
1.69255
4.5647
10.0182
9.91241
9.28475
9.0952
9.65945
6.73547
5.98579
5.32304
5.3
6.79245
6.12429
5.78738
3.55516
1.56052
2.68839
10.1374
9.9405
9.39237
9.08428
9.64802
7.10043
5.96349
5.45962
5.27729
6.99335
6.31378
5.87414
4.07661
1.52886
1.64087
10.3394
9.94902
9.77584
9.07748
9.64552
7.50026
5.96709
5.46628
5.28128
7.25399
6.39135
5.94323
4.83219
1.64389
1.51473
10.4719
10.013
9.81247
9.14475
9.33697
8.06478
5.94917
5.65811
5.30162
7.07377
6.57053
5.99443
5.37679
1.95971
1.4198
10.5919
10.0756
9.82135
9.19335
8.97388
8.65379
6.01095
5.92815
5.23431
6.76484
6.7904
6.03669
5.84922
2.57903
1.36016
7.93577
10.1002
9.85308
9.21918
8.93603
9.02039
6.10469
5.93109
5.12717
6.45174
6.84083
6.09569
6.08698
3.32652
1.36852
5.38419
10.2736
9.88077
9.62879
8.91525
9.31209
6.15745
5.97004
5.00853
5.90548
6.93287
6.2199
6.11805
4.19509
1.43723
3.04626
10.6965
9.88956
9.67637
8.88418
9.35832
6.49171
6.00286
4.9377
5.56538
7.09699
6.28288
6.1611
5.02298
1.44051
1.57812
10.9935
9.91796
9.68182
8.91532
8.93098
6.68574
6.04448
4.90901
5.29253
7.09631
6.43985
6.1663
5.60943
1.85222
1.52076
11.7062
10.0092
9.7437
8.88707
8.89849
6.6192
6.05708
4.93264
4.92529
7.16034
6.66505
6.22696
6.15503
2.6103
1.59037
10.8723
10.0087
9.82056
8.94548
8.88548
6.79148
6.15692
4.96
4.91805
7.22584
6.78531
6.32885
6.43367
3.37231
1.69577
8.2323
10.2062
9.83246
9.2963
8.85581
7.31835
6.13262
5.2471
4.88277
7.16667
6.98758
6.44654
6.45255
4.29071
1.68115
5.64938
10.8314
9.90042
9.65353
8.86061
7.5933
6.05868
5.59557
4.82852
7.17223
6.9279
6.58056
6.58967
5.19622
1.67713
3.07642
11.473
9.91566
9.65899
8.84452
8.2214
6.03833
5.84822
4.77025
6.70188
6.90956
6.79414
6.7118
5.77468
1.69469
1.77182
12.0374
9.95254
9.72672
8.89605
8.82117
6.08789
6.18126
4.77391
5.81661
6.9412
7.0831
6.80678
6.27616
2.5073
1.7603
12.8161
9.97679
9.80086
9.25883
8.81091
6.06749
6.21618
4.81053
5.17861
6.99019
7.08413
6.87216
6.79283
3.31257
1.73495
11.2698
10.0024
9.81224
9.59115
8.81854
6.06892
6.08499
4.83583
4.95459
7.01693
6.98297
6.90034
7.08739
4.30828
1.89743
8.46161
10.0302
9.87514
9.59669
8.808
6.05743
6.09234
5.10867
4.83704
7.1135
6.80198
6.91963
7.08659
5.22514
1.97513
5.71792
10.5418
9.91211
9.59933
8.81854
6.34629
6.10224
5.41618
4.83903
7.1813
6.52536
6.9537
7.00384
5.71985
2.07334
3.15857
11.3258
9.92391
9.63346
8.81909
7.05566
6.21058
5.99891
4.85783
7.18056
6.25342
6.74579
7.00481
6.15829
2.15668
2.00067
11.9609
9.94372
9.69856
9.22878
7.32774
6.31665
6.52547
4.88875
6.83875
5.89238
6.37187
7.03982
6.62379
2.9215
2.06381
12.6231
9.9495
9.71258
9.58851
7.6844
6.35007
6.53497
4.93678
6.18539
5.62078
6.10934
7.06193
6.81235
3.91863
2.29248
13.4537
9.963
9.80363
9.58851
8.37286
6.39038
6.51679
4.9952
5.35099
5.42841
5.99588
7.06837
7.30614
4.92375
2.41928
13.2215
10.4057
9.87512
9.58851
8.76904
6.47716
6.44459
5.06549
5.09034
5.26362
5.66777
7.08503
7.93851
5.59542
2.53567
10.6884
11.2614
9.87212
9.58851
8.95274
6.65799
6.36576
5.40617
5.12338
5.09694
5.37172
6.85952
7.81048
5.96972
2.51695
7.93403
12.0022
9.9037
9.60501
9.26241
6.75608
6.33173
5.96248
5.18234
4.95991
4.9689
5.94764
7.49166
6.06994
2.52278
5.22181
12.7265
9.89833
9.60792
9.58851
7.12613
6.32562
6.28096
5.23392
5.04935
4.59621
5.00511
7.34718
5.97886
3.31975
3.11145
13.3704
9.87827
9.65865
9.58824
7.70236
6.32948
6.27095
5.27631
5.11745
4.28779
4.46487
7.31159
6.13814
4.25247
2.69348
13.8723
10.1323
9.72739
9.58824
8.23955
6.47446
6.25298
5.37033
5.66937
4.51921
4.10017
7.25767
6.50323
4.95131
2.83344
14.3447
10.9283
9.7303
9.58819
8.74728
6.74728
6.18528
5.49341
5.84896
4.7554
4.01023
7.28026
6.63822
5.33958
2.86631
12.3018
11.8692
9.78397
9.58527
9.33122
6.73362
6.15077
5.71259
5.65574
4.88043
4.06619
7.1423
7.13501
5.13554
2.99565
9.44408
12.7531
9.80945
9.58827
9.54995
6.63078
6.14559
5.86854
5.83192
5.12441
4.36047
6.73566
7.81866
4.96081
3.22316
6.74816
13.5501
9.80385
9.60859
9.59712
6.59391
6.16084
6.23103
5.99455
5.40533
4.83581
6.66224
7.75805
4.8548
3.41872
4.49387
14.0458
9.96841
9.63341
9.59909
6.58424
6.15162
6.17901
6.11349
5.69209
5.39441
6.80549
7.50702
4.76251
3.67165
3.69349
14.4333
10.5935
9.64159
9.60808
7.28988
6.17045
6.12023
6.24416
5.97372
5.90873
6.80095
7.37936
4.66447
4.58694
3.85726
14.7429
11.6311
9.67855
9.61404
8.12887
6.0679
6.08743
6.32928
6.28198
6.23753
6.80835
7.27286
4.58825
4.88931
3.9453
13.6538
12.7137
9.7394
9.62213
8.73502
5.85883
5.98556
6.24268
6.79005
6.42023
6.88439
7.26489
4.64468
4.73327
4.18985
11.0134
13.6771
9.73094
9.63939
9.43451
5.70145
5.84946
6.13838
6.67621
6.62905
6.79336
7.22767
4.72949
4.87726
4.48219
8.54817
14.5745
9.81685
9.64765
9.59347
5.58344
5.53096
5.97438
6.49477
6.73126
6.81537
6.91781
5.42219
4.74751
4.63944
6.2812
15.0806
10.1605
9.65048
9.58777
6.02699
5.39957
5.6682
6.56469
6.85574
6.74664
6.6985
6.33611
4.82846
4.78976
4.87427
15.2907
11.0566
9.67087
9.58749
7.53128
5.17297
5.5291
6.44454
6.96961
6.70826
6.37479
6.57003
5.03934
5.09521
4.86118
15.5597
12.2876
9.71332
9.58167
8.18398
5.08646
5.37374
6.18877
7.12627
6.57263
6.09943
6.12273
4.85751
5.02167
4.89149
14.8641
13.48
9.73565
9.60738
8.7265
4.92667
5.02146
5.99732
7.34555
6.44937
5.98713
5.87099
4.53505
4.96562
5.02187
12.576
14.6605
9.80429
9.63041
8.82357
4.99644
4.85436
5.77861
6.85728
6.34014
6.42289
5.70012
4.16151
4.8578
5.18606
10.2581
15.6363
9.93083
9.63041
8.77423
5.47131
4.7924
5.31005
6.59273
6.32793
6.68388
5.60022
3.86344
4.30306
5.26923
7.99838
15.63
10.183
9.65275
8.72953
6.59553
4.65591
4.98792
6.31692
6.41605
6.68365
5.54454
3.68439
3.96678
5.43979
6.13115
15.6519
11.1943
9.6952
9.00852
8.13302
4.49168
4.62615
6.02266
6.55738
6.50639
5.48225
3.80778
3.60286
5.10693
5.62215
15.7357
12.437
9.69229
9.48185
9.56938
4.49353
4.29573
5.6305
7.32053
6.52747
5.37519
4.2965
3.56884
4.73879
5.65449
15.923
13.674
9.74616
9.59042
9.68915
4.987
4.14131
5.19189
7.51264
6.49511
5.21015
5.57309
3.6922
4.50963
5.76782
14.4261
14.9811
9.77847
9.58759
9.61963
6.20511
3.97869
4.40494
6.85617
6.57569
5.04713
6.12065
3.92042
4.44872
5.92841
12.2484
15.9348
9.8014
9.62445
9.59309
8.19136
3.77105
3.81707
6.20834
6.79567
5.23033
5.35072
4.30731
4.33818
6.13543
10.3089
16.1954
10.0819
9.65307
9.60192
10.3922
3.76415
3.65005
5.30661
7.14519
6.2339
4.9683
4.71672
4.16241
6.35741
8.35148
16.2138
10.9254
9.65575
9.6163
12.4536
4.79025
3.52355
4.43012
7.49484
6.66269
4.91218
4.97277
3.96098
5.82198
6.92919
16.2207
12.0602
9.67818
9.63301
13.4837
6.37907
3.40215
3.58705
6.9836
6.09488
5.10727
5.05662
3.78633
4.68491
6.82051
16.2346
13.3945
9.71249
9.63828
12.257
8.44874
3.43827
3.08977
5.75505
5.49607
5.36919
5.66049
3.68399
3.90948
7.07434
16.133
14.7422
9.70445
9.64969
10.859
10.8641
4.22752
2.95797
4.71966
5.08022
5.63286
6.10208
3.62411
3.62522
7.18469
14.4797
15.7635
9.75604
9.66671
9.93171
13.0201
5.68113
3.23249
3.96694
4.82388
5.949
6.51493
3.94397
3.55574
7.28128
12.6837
16.3869
10.0419
9.67827
9.71101
14.5434
7.56531
3.92077
3.953
4.75586
6.15565
7.10947
4.28822
3.46947
7.38697
10.7212
16.4879
10.9028
9.68114
9.68688
15.6152
9.79992
5.24101
5.05806
4.96571
5.85566
7.27761
4.828
3.3544
6.96705
8.9452
16.5077
12.2646
9.68775
9.69275
16.2732
11.8305
7.02602
6.61192
5.90864
5.43879
6.75089
5.24645
3.26294
5.9822
7.99272
16.4939
13.5297
9.6791
9.69306
15.1037
13.378
8.67581
8.10095
6.98714
5.78014
6.52923
5.39795
3.22021
4.98351
7.63335
16.4386
14.806
9.69614
9.65664
13.6185
14.6739
10.198
9.35559
7.46812
6.45531
6.4767
5.86847
3.19179
3.89562
7.54231
16.1219
16.0918
9.76349
9.63611
12.3371
15.7439
11.5814
10.1461
8.00067
7.08491
6.42378
6.49928
3.15216
3.31917
7.47804
14.2894
16.4552
9.83133
9.60631
10.9528
16.5367
12.8351
10.5007
8.7093
7.53594
6.46607
7.00015
3.17249
3.11949
7.53554
12.4781
16.3247
10.7797
9.60808
10.0267
16.7918
14.0017
10.9865
9.24533
7.8153
6.55799
7.80467
3.61216
3.09577
7.58095
10.5873
16.3708
12.2232
9.65948
9.75993
16.7086
15.2372
11.7423
10.0008
7.92274
6.68402
7.86227
4.12814
3.09206
7.54587
8.76233
16.438
13.5582
9.65814
9.7081
16.4327
16.2711
12.7181
11.0699
7.9456
6.80346
7.24217
4.79412
3.12928
6.95017
7.96912
16.5062
14.9218
9.63509
9.66482
15.5488
16.8708
13.9978
12.1767
8.02805
6.92298
7.07337
5.67602
3.25814
6.03443
7.88192
16.5684
16.1968
9.63252
9.67939
14.2174
16.8496
15.2676
13.2486
8.25097
7.19994
7.09588
6.683
3.43169
5.26977
7.74322
15.9666
16.759
9.71125
9.63876
12.7602
16.7429
16.2681
14.4886
9.31326
7.89251
7.26816
7.98575
3.66489
4.38734
7.93506
14.3295
16.9696
10.4024
9.66851
11.4738
16.6062
16.9503
15.6899
11.1607
8.07952
7.36017
9.1893
3.9263
4.06209
8.03885
12.5788
17.0134
11.7301
9.69179
10.3536
16.5374
16.9993
16.6403
12.935
8.00733
7.40581
9.6857
4.52337
4.18825
8.01917
10.9337
16.944
13.2581
9.72051
9.84225
16.2514
16.8886
17.1727
14.8698
7.9233
7.3745
9.08465
5.59307
4.45247
7.98391
9.42134
17.0275
14.6828
9.72128
9.78284
15.067
16.7847
17.1828
16.6307
7.84372
7.33112
8.36378
6.52342
4.74033
7.96845
8.399
16.9946
15.9384
9.71318
9.74214
13.6214
16.6943
16.9968
17.2553
8.42817
7.20224
7.46683
7.49544
5.03846
7.93682
8.14867
16.9276
16.7955
9.79584
9.73969
12.4699
16.5949
16.8595
17.1966
9.58632
7.03651
7.08497
8.39186
5.46844
7.61339
8.00143
15.6519
17.0503
10.0654
9.74986
11.1612
16.5332
16.7738
17.1074
10.1744
6.97948
6.84527
8.13458
5.9738
7.14495
7.96295
13.8269
17.15
11.2065
9.72751
10.0675
16.5096
16.7264
17.0349
11.0395
7.24339
6.70722
7.91456
6.4296
6.71578
8.01978
12.1352
17.2101
12.7363
9.75093
9.9164
16.4431
16.6653
17.0339
12.4787
7.37897
6.6765
7.8762
6.79108
6.89237
8.05955
10.3974
16.694
14.1574
9.74408
9.98073
16.2147
16.6554
17.04
13.641
7.91883
6.74345
7.52294
7.10823
7.06679
8.0922
8.96176
14.9565
15.6498
9.73805
9.80279
16.1794
16.6047
17.0008
14.3697
9.18252
6.8881
7.52313
7.07875
7.03837
8.12525
8.32066
12.2392
16.8865
9.74195
9.77816
16.0736
16.5676
16.9557
15.2483
10.7466
7.07943
7.64878
6.52233
6.83027
8.20249
7.54543
9.39965
16.9582
9.80948
9.77922
15.9466
16.5676
16.9281
16.007
12.4903
7.28282
7.47196
5.93866
6.3497
8.3118
6.79008
7.02903
15.1957
10.3123
9.81626
15.3923
16.5037
16.938
16.5352
12.2654
7.44152
7.49272
5.45065
5.60987
8.45112
5.6979
5.39257
12.2506
11.5092
9.8422
14.4233
16.3475
16.7452
16.6371
11.1586
7.60827
7.5265
5.11353
5.17802
8.66986
5.88028
4.34278
9.18979
13.1027
9.85547
13.1205
15.798
16.6151
16.4235
10.2064
8.17793
7.60186
5.06653
4.95647
7.69711
7.01951
3.483
6.28372
14.7062
9.83833
11.9019
14.8843
16.5792
15.9631
9.72011
8.68694
7.73324
5.43323
4.90073
6.69946
8.1642
2.94959
3.52107
16.2589
9.81252
10.6279
13.9885
16.4653
15.3495
9.51432
9.19919
7.88971
5.84549
4.87417
5.93396
8.80867
2.4051
2.23184
14.1988
9.75618
9.88571
13.2567
16.4285
14.8853
9.57176
9.90994
7.99364
6.68453
4.79294
5.03551
9.05689
2.58949
1.99783
11.0564
9.72828
9.73016
12.613
16.4231
14.5552
9.81048
10.8417
8.19313
7.87824
4.62808
4.67535
9.14994
2.95215
1.79232
7.83897
10.2161
9.72752
12.5315
16.3339
13.4225
9.80696
10.354
8.45205
8.33705
4.48769
4.41705
8.62657
3.68678
1.64713
4.65978
11.4714
9.73178
12.5373
16.0344
11.4722
9.24494
10.2098
8.83389
8.45591
4.41685
4.09599
7.34503
4.79796
1.63628
2.25057
12.9617
9.71265
12.164
15.6699
9.91795
8.80566
10.1054
9.22463
8.63134
4.34851
3.69907
6.07577
5.8696
1.62956
1.67276
14.5628
9.71476
11.5399
15.2529
9.16476
8.59844
9.75251
9.74186
8.82814
4.83083
3.45498
4.72738
7.02609
1.73961
1.69447
13.399
9.76274
11.0251
14.8499
9.11521
8.41208
9.27153
10.1245
8.8948
5.78123
3.32431
3.98262
8.06159
2.03716
1.79096
10.4603
9.78743
10.3494
14.4466
10.1588
8.01334
8.95245
10.2616
8.98659
6.79974
3.39495
3.79585
8.54103
2.30914
1.88431
7.49789
9.81156
9.86439
14.0681
12.4528
8.01282
8.72538
10.4843
9.16448
8.08855
3.54629
3.68498
8.75411
2.59605
1.91905
4.55222
10.2016
9.81231
13.7395
14.0569
8.10342
8.76041
11.3082
9.36225
9.00684
3.79412
3.64168
8.87928
2.98766
1.8815
2.76533
11.389
9.81774
13.3983
13.6615
8.15805
8.84297
12.2177
9.83498
9.05814
4.01923
3.59828
7.59649
3.61008
1.77725
2.21175
12.983
9.82466
