5.12911
17.993
16.144
10.033
4.10543
22.6943
16.5616
4.43533
9.76316
15.2506
21.0484
4.09719
48.8912
12.7247
5.25008
4.00041
13.7932
24.7825
4.21798
20.1173
15.2285
22.1351
3.13828
15.285
18.5448
3.22452
5.59079
17.5376
20.8094
4.21852
42.2072
20.5536
19.7742
6.80642
23.0716
18.8026
5.9937
29.2571
24.7274
20.7208
10.0324
21.6051
22.5723
10.6021
12.5062
18.2837
18.9957
14.4253
40.8293
9.77174
23.9282
16.2734
5.5879
5.19607
17.9624
28.0751
4.02294
13.8367
15.545
17.5223
4.49924
39.9507
14.8119
4.10602
6.50697
13.888
24.9022
4.03521
38.3522
13.4553
10.907
3.09231
15.0521
24.6695
3.37912
11.4534
15.4317
22.4129
2.86195
23.1968
18.3201
10.8109
3.26314
20.3447
19.7023
6.02878
44.0744
23.3047
18.7605
5.88328
24.5061
20.6317
9.34094
18.342
21.5584
22.5907
11.2213
26.5379
17.9182
22.0733
14.6204
9.70439
12.1008
15.738
52.3436
5.18386
19.9228
16.5301
8.22985
4.13779
20.2559
15.6706
4.77417
10.4246
13.7938
21.6442
4.1699
52.103
15.1728
4.03076
4.49665
13.8458
26.0302
2.88157
26.0253
14.903
20.6347
2.63416
16.0169
22.4221
2.61502
7.49309
17.9647
20.7663
3.6739
34.7409
20.5459
19.4007
6.47236
23.8225
19.2584
6.16578
31.733
24.5293
21.2271
9.55107
22.0436
23.0435
11.2944
12.4827
17.5757
19.638
13.619
35.8748
9.23832
25.7547
14.3355
5.04634
5.99093
15.4416
35.5354
4.30261
15.0195
17.2254
15.7076
4.54196
33.0107
13.868
4.03533
6.84569
13.0982
24.2355
3.91266
44.3873
14.5661
8.67135
3.51591
15.0385
26.3436
2.57011
15.2514
15.8039
22.4623
2.76062
20.5366
17.4944
5.96871
4.62099
20.9583
19.1682
7.6092
50.3901
23.2634
19.5757
7.22553
24.5171
