0.0160906
0.296067
3.91613
0.798611
0.871681
2.5207
6.82044
5.84522
5.69135
9.90924
14.6634
15.6557
7.28771
0.0372523
0
0.0160906
0.029186
2.97959
0.81955
0.81583
1.79615
6.40221
6.24442
5.15062
8.8955
13.5374
15.3594
9.59641
0.107731
0
0
0.0193087
1.99358
0.995181
0.829023
1.5356
5.74421
6.15931
5.2237
7.66582
12.1942
15.0008
11.4721
0.175451
0
0
0.0324042
1.25517
1.46536
0.868895
1.54951
4.68395
6.14558
5.50527
6.97457
11.0719
14.3782
12.6592
0.244104
0
0
0.0160906
0.651371
2.27643
0.872308
1.49401
3.4597
6.47214
5.19121
6.23247
10.0594
13.9301
13.3356
0.316658
0
0
0.025968
0.154916
3.1348
0.914533
1.38339
2.47612
6.65271
5.31051
5.71871
8.86689
13.6883
13.9321
0.960576
0
0
0.268609
0.0160906
3.87706
0.989679
1.25564
1.73819
6.33035
5.65508
5.54135
8.15086
13.393
14.5118
2.36674
0.0126218
0
0.915898
0.0259679
2.63921
1.05908
1.11565
1.51401
5.45772
5.74461
5.60594
7.48472
12.9438
14.9402
4.3611
0.0282109
0
0.639154
0.0128725
1.40659
1.14423
1.09932
1.46971
4.27218
5.81198
5.76736
6.77534
12.5458
14.8795
6.61517
0.0500273
0
0.193158
0.0194202
0.513103
1.44102
1.11762
1.40758
3.04842
6.13283
5.73266
6.25657
11.479
14.3507
8.92563
0.0803418
0
0
0.0128725
0.0803975
1.91023
1.14246
1.37485
2.16972
6.26448
5.80531
5.6984
9.7098
13.9247
10.7354
0.112802
0
0
0.481729
0.0225269
2.40585
1.18539
1.34766
1.54536
6.04374
5.74624
5.07788
7.81732
13.167
11.8918
0.148522
0.00291164
0
1.17853
0.0128725
2.60518
1.24512
1.35703
1.33132
5.07703
5.70605
4.62371
5.88321
12.4899
12.5088
0.24689
0.0185983
0
1.94613
0.0289631
1.3736
1.31131
1.7768
1.33809
3.89898
5.81903
3.91025
4.37341
11.7537
12.8041
0.43793
0.0372662
0
2.06332
0.0193087
0.312117
1.3696
1.6793
1.3236
2.738
6.21032
3.60891
3.67858
10.5546
13.09
1.00507
0.0502502
0
1.33471
0.182834
0.00965438
1.44293
1.42929
1.39607
1.9462
6.02661
3.90515
3.51925
9.29366
13.0941
2.08457
0.0500412
0
0.600369
0.874189
0.0128725
1.67705
1.49334
1.40245
1.48382
5.23092
4.39538
3.90444
8.14725
12.2862
3.45634
0.0469206
0
0.180062
1.6048
0.0154777
1.13115
1.50665
1.49087
1.43106
4.30381
4.95426
4.22657
6.96474
11.5087
5.22643
0.0348561
0.00612977
0
2.39218
0.0128725
0.479529
1.51585
1.76573
1.44055
3.24266
5.55401
4.4078
5.85402
10.6275
6.99956
0.0281551
0.00603225
0
3.18256
0.0286567
0.048662
1.57748
2.29455
1.46246
2.295
6.06256
4.43237
5.11894
9.53417
8.47099
0.0306628
0.00603225
0
3.24345
0.427426
0.0160906
1.62566
3.14517
1.45679
1.73124
5.57055
4.37334
4.60875
8.63653
9.25099
0.0405261
0.00603225
0
2.64499
1.2236
0.0128725
1.18165
2.24993
1.46316
1.46226
4.63884
4.35478
4.35319
7.53961
8.29056
0.0723591
0
0
2.01154
1.94013
0.00643625
0.68461
1.81326
1.66859
1.4436
3.70405
4.39847
4.17401
6.04576
6.93896
0.113345
0
0
1.30599
2.6909
0.0289631
0.211017
1.65105
2.03213
1.4346
2.74732
4.7701
3.96982
4.82197
5.6611
0.239953
0
0
0.590548
3.44044
0.0245191
0.0116466
1.38201
2.36878
1.44204
1.98223
5.25772
3.79725
4.01874
4.2461
0.368357
0
0
0.183336
3.54994
0.363649
0.0194202
1.12764
2.62201
1.46326
1.57438
5.35287
3.35571
3.35204
2.80767
0.555524
0.00321813
0
0
3.41183
1.02472
0.0151712
0.802247
3.05021
1.46177
1.43286
4.26352
3.13859
2.97284
2.07948
0.741549
0.00909714
0
0
3.35736
1.79006
0.00976584
0.393308
3.90331
1.63766
1.44389
3.31467
3.29581
2.73939
1.86501
0.850658
0.0124685
0
0
3.0288
2.6101
0.00873491
0.0553768
2.65059
1.89254
1.42963
2.39022
3.63119
2.54787
1.55877
0.760676
0.0307603
0
0
2.44951
3.43217
0.0812333
0.0162021
1.54785
2.15159
1.44584
1.75878
4.06639
2.25741
1.24129
0.595785
0.0774161
0
0
1.82731
3.67569
0.295901
0.0116466
0.931919
2.25114
1.44225
1.50001
4.39699
2.10386
1.00219
0.462101
0.111422
0
0
1.18927
3.55003
0.477174
0.0162021
0.541843
2.23197
1.51599
1.48014
3.81092
2.20035
0.900114
0.440869
0.177387
0
0
0.544824
3.33649
0.807012
0.00982156
0.183628
2.17023
1.58649
1.47805
2.87618
2.24064
1.00172
0.448002
0.268247
0
0
0.150597
2.88663
1.40792
0.0271242
0.0162021
2.36935
1.67292
1.51198
2.07466
2.39767
1.17797
0.446985
0.294201
0.00321813
0
0
2.42321
2.12408
0.17768
0.00982156
3.16726
1.65981
1.49317
1.63353
2.60373
1.34488
0.432051
0.282234
0.0126218
0
0
2.03503
2.66703
0.400859
0.0194202
2.07196
1.62196
1.5083
1.49944
2.7583
1.53354
0.415417
0.291429
0.0336719
0
0
1.54037
3.29593
0.588666
0.00654771
0.86445
1.6116
1.59212
1.46404
3.03948
1.71356
0.392959
0.261671
0.056366
0
0
1.14865
3.65475
0.802136
0.0226384
0.143074
1.63573
1.58085
1.49959
2.42634
1.82166
0.356613
0.223402
0.0872377
0
0
0.848651
3.51046
0.985332
0.078684
0.0116466
1.68216
1.58113
1.46015
1.82785
1.95097
0.314958
0.235369
0.109166
0
0
0.569497
3.51468
1.15352
0.303006
0.0194202
1.80293
1.59737
1.5087
1.55325
2.08749
0.333598
0.266645
0.129045
0.0126775
0
0.289088
3.53339
1.51057
0.557962
0.0181386
2.06726
1.61221
1.5829
1.52431
2.14737
0.401012
0.28704
0.150723
0.0276536
0
0.12768
3.46322
2.11611
0.740713
0.0162021
1.39732
1.64333
1.60357
1.55993
2.27124
0.499339
0.290216
0.16269
0.0472271
0
0
3.52789
2.70217
0.940097
0.0149204
0.0948861
1.71089
1.59641
1.55831
1.92366
0.677423
0.278041
0.160795
0.0786143
0
0
3.58406
3.21531
1.01613
0.187682
0.0226383
1.73779
1.60929
1.54949
1.61083
0.89776
0.261685
0.175618
0.106574
0
0
3.3443
3.58772
0.989762
0.481061
0.0245748
1.32368
1.62759
1.58329
1.54979
1.11119
0.243129
0.191207
0.116995
0
0
2.77717
3.62014
0.98458
0.785501
0.0194202
0.894388
1.6442
1.6945
1.5498
1.35004
0.245525
0.198618
0.129408
0.011953
0
2.1455
3.64281
1.04483
0.977795
0.0145582
0.256405
1.67174
1.67794
1.56111
1.5589
0.265112
0.207618
0.129408
0.0406794
0
1.41404
3.64327
1.3179
0.95896
0.0943008
0.00321813
1.52771
1.68468
1.54622
1.70756
0.324209
0.216659
0.129408
0.078461
0
0.655301
3.62674
1.81086
0.965118
0.404648
0.00873491
1.09464
1.70941
1.54791
1.63578
0.404815
0.217412
0.12977
0.106365
0
0.193158
3.61416
2.41337
0.985638
0.744585
0.00965437
0.659159
1.72911
1.62979
1.58406
0.502613
0.221368
0.129408
0.12885
0
0
3.49893
3.01337
1.01825
1.06441
0.0116466
0.266032
1.76631
1.79565
1.58641
0.646273
0.223151
0.126496
0.126399
0
0
3.46574
3.47237
1.02874
1.13916
0.0160907
0.0279601
1.79701
1.7953
1.56592
0.817154
0.245887
0.129617
0.12619
0.00291164
0
3.20194
3.62413
1.03656
1.06863
0.254761
0.0116466
1.47196
1.81711
1.54732
0.966539
0.332972
0.134938
0.126399
0.0124685
0
2.64866
3.63365
1.06122
1.0899
0.749169
0.0321812
0.997953
1.86107
1.55295
1.13302
0.506347
0.129408
0.12619
0.0339366
0
2.0004
3.61768
1.3296
1.08566
1.34295
0.0180828
0.540353
1.88589
1.61681
1.24236
0.658768
0.144593
0.126496
0.0536215
0
1.31875
3.51271
1.84027
1.07026
1.36859
0.0321812
0.149204
1.9203
1.75299
1.23288
0.716514
0.165963
0.126496
0.0847997
0
0.603587
3.4523
2.32694
1.07672
1.27262
0.0827239
0.0303424
1.75945
1.86632
1.23033
0.741242
0.18282
0.126496
0.106519
0.00291164
0.189884
3.33252
2.88691
1.08486
1.2069
0.513646
0.0128725
1.33903
1.90814
1.33445
0.723034
0.21723
0.126496
0.12006
0.0123153
0.0093479
3.30929
3.3939
1.09519
1.17657
1.0163
0.0174698
0.853988
1.90789
1.44407
0.66306
0.301375
0.126496
0.126496
0.0155334
0.0157424
3.29652
3.49248
1.11641
1.13625
1.73528
0.0193087
0.387346
1.91105
1.6238
0.581798
0.470181
0.126496
0.126496
0.0315822
0.0217746
3.07433
3.45093
1.14248
1.12285
1.76575
0.0174698
0.0519916
1.91453
1.85418
0.484613
0.51738
0.132626
0.126496
0.0536633
0.024937
2.56196
3.41335
1.27222
1.09341
1.54292
0.213901
0.0193087
1.92313
1.90814
0.511083
0.424876
0.135635
0.123278
0.0748249
0.0311225
1.93599
3.3164
1.66923
1.06886
1.45769
0.744613
0.0174698
1.79436
1.91759
0.643625
0.370837
0.169586
0.123278
0.0820274
0.0317912
1.25447
3.24365
2.18267
1.08483
1.44323
1.27442
0.0128725
1.32684
1.93323
0.814743
0.348143
0.203731
0.126496
0.106463
0.0251042
0.577159
3.22863
2.63694
1.11023
1.36539
1.87415
0.0116466
0.813684
1.94595
1.09843
0.306683
0.223862
0.126496
0.122052
0.0152826
0.195609
3.17455
3.13696
1.12829
1.30462
2.48873
0.0591523
0.312687
1.94922
1.46584
0.297433
0.245636
0.13785
0.116688
0.0215656
0.00955686
3.16204
3.45894
1.14021
1.28346
2.75076
0.440799
0.022917
1.96736
1.73732
0.255778
0.353688
0.142183
0.113415
0.0280576
0.00904141
3.16458
3.33862
1.17168
1.22434
2.32992
1.02788
0.0160906
1.62199
1.93797
0.241067
0.394088
0.15773
0.10748
0.0436467
0.00649198
3.09418
3.24755
1.28208
1.22395
2.04559
1.60622
0.0116466
1.13151
2.00237
0.228961
0.244132
0.1724
0.10748
0.0596956
0.00925038
2.63874
3.21595
1.57613
1.26393
1.80076
2.31507
0.0128725
0.6216
2.04818
0.372063
0.250986
0.179756
0.112899
0.0777923
0.0156866
2.03918
3.14595
2.03809
1.31053
1.70915
2.95421
0.0174698
0.139717
2.04368
0.626503
0.254148
0.198006
0.118931
0.0849391
0.0215656
1.39844
3.13018
2.51138
1.36588
1.66688
3.17181
0.140511
0.0322928
1.6777
0.926374
0.272802
0.201488
0.122916
0.0849948
0.0247838
0.681129
3.08936
2.93399
1.40245
1.57325
2.9745
0.561082
0.0180828
1.2347
1.27357
0.263051
0.204901
0.132069
0.0853988
0.0217746
0.241485
3.05797
3.1239
1.43414
1.5308
2.74315
1.13031
0.00976584
0.787312
1.61608
0.257422
0.227693
0.13785
0.085148
0.037517
0.0282109
3.03302
3.0587
1.4533
1.52521
2.43392
1.76182
0.00873491
0.336775
1.88777
0.247824
0.353632
0.138811
0.091027
0.0471296
0.031025
3.05571
2.98559
1.49016
1.47527
2.26594
2.42556
0.00654771
0.0260794
2.12402
0.238671
0.473664
0.159875
0.106212
0.0536633
0.0252017
3.14034
2.96683
1.67972
1.48611
2.24354
3.05821
0.233599
0.00612977
1.80846
0.232388
0.264123
0.184562
0.116633
0.0471713
0.012371
3.28829
2.99874
1.96529
1.49433
2.14723
3.23404
0.668297
0.00643625
1.26178
0.342974
0.219864
0.201377
0.125883
0.0441065
0.00312061
3.48934
3.03905
2.35071
1.50409
2.06708
3.04357
1.18031
0.00612977
0.681073
0.584626
0.207757
0.201781
0.128948
0.0470738
0
3.70721
3.01328
2.78527
1.51657
2.00137
2.93
1.76707
0.0128725
0.210906
0.939498
0.207548
0.198869
0.128948
0.0567282
0.00643625
2.45029
3.06732
2.99167
1.51964
1.82723
2.87329
2.416
0.0490381
0.0235996
1.42418
0.200638
0.195651
0.129101
0.0755912
0.0126775
0.795435
3.15408
2.94442
1.53063
1.69751
2.71585
2.96432
0.388292
0.00965437
2.08462
0.191653
0.195957
0.128446
0.0881154
0.024937
0.0126775
3.28041
2.90653
1.52066
1.59515
2.66816
3.32002
0.783161
0.0177763
1.42637
0.194355
0.254413
0.119907
0.103858
0.0374195
0.0191137
3.99268
2.9166
1.57879
1.5067
2.72627
3.55131
1.2739
0.00976584
0.673634
0.212173
0.394033
0.122414
0.114125
0.0441622
0.024937
6.2625
2.9087
1.85138
1.51235
2.73523
3.81095
1.81947
0.00873491
0.0944959
0.211519
0.226662
0.128293
0.116633
0.0599463
0.024937
9.09274
2.97717
2.15631
1.52429
2.73036
3.86905
2.36261
0.139508
0.0163136
0.462546
0.241568
0.122512
0.113819
0.0812194
0.024937
10.258
3.05402
2.50292
1.5042
2.69481
3.63478
2.70402
0.519971
0.00612977
0.992172
0.25798
0.129408
0.110183
0.0913335
0.024937
6.6061
3.32463
2.751
1.4687
2.46791
3.44188
3.04156
0.88146
0.0163136
1.32736
0.305402
0.129617
0.11035
0.119544
0.024937
2.87625
5.37199
2.79765
1.45065
2.20033
3.36843
3.26941
1.31749
0.0123153
0.456737
0.336427
0.132528
0.110238
0.122874
0.0278486
0.794711
7.81043
2.74331
1.46566
1.98419
3.22211
3.61875
1.81891
0.0323345
0.0163136
0.37021
0.132891
0.113819
0.119753
0.0533568
0.0310668
10.5351
2.8013
1.50748
1.67733
3.16365
4.0355
2.18706
0.270685
0.0181386
0.37914
0.179435
0.119544
0.119795
0.0810104
0.0342849
13.4349
2.90989
1.72018
1.46362
3.12383
4.46815
2.40237
0.632703
0.0163136
0.427203
0.3223
0.116382
0.122874
0.0976722
0.0406794
15.4071
4.02171
1.90705
1.43683
2.94172
5.07182
2.66419
0.977433
0.0181386
0.509648
0.462588
0.122916
0.119753
0.103858
0.0467116
12.3396
6.4269
2.09298
1.42895
2.75087
4.84654
2.86635
1.37581
0.0227498
0.227052
0.45175
0.135496
0.122818
0.0914868
0.0531478
8.70661
9.09374
2.38068
1.47518
2.55415
4.3454
3.14912
1.76756
0.121745
0.0245748
0.387276
0.132222
0.12931
0.0791715
0.0595423
5.33397
11.6652
2.61214
1.49583
2.22871
3.93434
3.56894
1.95052
0.430253
0.0227498
0.292223
0.132431
0.12931
0.0694057
0.0466698
2.3939
14.5563
2.80107
1.48939
1.94488
3.63028
4.00395
2.06549
0.789681
0.021301
0.223722
0.138923
0.13498
0.0663408
0.0310668
0.780793
16.5186
4.13156
1.49282
1.73615
3.24773
4.73029
2.2315
1.10645
0.0162021
0.172762
0.158176
0.113456
0.0692524
0.037503
0.0214124
15.7631
6.27611
1.49299
1.53131
2.97593
5.61218
2.34624
1.43572
0.021301
0.0251041
0.204692
0.106881
0.0848415
0.0461404
0.00582328
15.5383
8.64954
1.5527
1.48625
2.83325
6.38851
2.61433
1.68011
0.258662
0.0162021
0.291136
0.10344
0.0686813
0.037503
0
13.5251
11.1961
1.6605
1.46394
2.58988
5.95483
3.01958
1.71014
0.652584
0.00582328
0.108831
0.100319
0.0566307
0.0376145
0
10.5999
13.5242
1.96196
1.45345
2.38588
5.53246
3.38855
1.71094
1.0456
0.00321813
0.0442179
0.0977837
0.041557
0.0470738
0
8.04896
15.0294
2.13894
1.4789
2.21144
4.8209
3.94555
1.78524
1.37836
0.00654771
0.00971011
0.113415
0.032042
0.0440507
0
5.54624
15.729
2.59664
1.54754
1.93558
4.19924
4.6331
1.85074
1.68642
0.113554
0
0.12931
0.031429
0.0344939
0
2.13281
13.5482
4.19184
1.56182
1.69131
3.68981
5.17808
1.99632
1.69311
0.523524
0.00612977
0.12931
0.0256057
0.0283641
0
0.405958
10.4417
6.51508
1.58329
1.62358
3.12669
5.978
2.2927
1.70466
0.961427
0.00643625
0.129004
0.0373637
0.0190162
0.00643625
0
7.50287
8.64549
1.62039
1.58397
2.78344
6.87318
2.59095
1.70118
1.3858
0.00643625
0.118583
0.0534125
0.00643625
0.012371
0
4.84522
11.0095
1.56246
1.55268
2.61602
7.17188
3.05835
1.72688
1.72148
0.012984
0.0226941
0.0787118
0
0
0
2.90605
13.4947
1.9685
1.45795
2.36258
6.54009
3.62605
1.80152
1.72454
0.294605
0.0128725
0.0913335
0
0
0
2.46382
14.5688
3.91808
1.41368
2.1154
5.83696
4.10721
1.89662
1.73364
0.822657
0.00643625
0.0632202
0.00612977
0
0
1.94118
14.5063
6.17787
1.41338
1.93865
4.87615
4.71196
2.0409
1.74963
1.31184
0.0158956
0.037921
0.0217746
0
0
1.14505
15.0596
8.27088
1.48165
1.77441
4.08439
5.38841
2.16272
1.76859
1.79707
0.0157842
0.00971011
0.0281691
0
0
0.360221
13.0305
10.3138
1.50076
1.61679
3.48234
5.88616
2.36903
1.79711
1.79063
0.0984524
0.00321813
0.0282666
0
0
0.176788
10.3987
12.047
1.92522
1.55225
2.9063
6.56551
2.7294
1.84787
1.822
0.744585
0.00654771
0.0340899
0
0
0
8.776
11.8712
3.89024
1.51872
2.54817
7.30342
3.06653
1.88456
1.85287
1.42506
0.00643625
0.0349118
0
0
0
6.91396
10.8561
5.2783
1.61554
2.32512
6.60715
3.58049
1.97794
1.8844
2.00322
0.0128725
0.0256057
0
0
0
5.82733
9.50863
6.02269
1.68176
2.03338
5.89696
4.22693
2.05513
1.91947
2.06903
0.0145582
0.00654771
0
0
0
5.51289
8.34141
6.42183
1.72476
1.82249
5.13959
4.80246
2.15729
1.93271
2.01112
0.318622
0
0
0
0
4.81621
6.78048
5.19762
2.02617
1.78189
4.18152
5.51413
2.34583
1.94846
1.954
1.19681
0.00643625
0
0
0
3.39614
5.55113
4.67204
2.74112
1.81254
3.4986
6.24032
2.46504
1.96717
1.94732
2.19024
0.00321813
0
0
0
1.76682
4.53714
4.37008
3.33253
1.99894
3.02052
6.69724
2.68387
1.98347
1.95059
2.47704
0
0
0
0
0.774258
3.75699
3.86518
3.8934
2.113
2.60302
6.79924
3.03096
2.03887
1.96072
2.36217
0.0185008
0
0
0
0.288753
2.83254
3.49448
4.50784
2.31804
2.36899
6.27344
3.36166
2.09514
1.96639
2.22225
0.0569232
0
0
0
0.117858
2.59587
3.31956
4.48086
2.56316
2.51968
5.50241
3.86592
2.2071
1.97656
2.08865
0.180382
0
0
0
0
2.67908
2.98701
4.48444
2.92069
2.75513
4.95646
4.51797
2.29568
1.98228
2.06696
0.507225
0
0
0
0
3.21828
3.11222
4.51638
3.25087
3.0619
4.6888
5.04492
2.40927
1.9855
2.03748
1.13424
0.012566
0
0
0
3.80498
3.41893
4.6094
3.64824
3.35649
4.52528
5.59868
2.575
2.00421
1.99527
2.09379
0.0365418
0
0
0
4.22675
3.59362
4.83758
4.03245
3.57615
4.43849
6.06885
2.68653
2.02001
2.00682
2.89152
0.0721641
0
0
0
4.23182
3.87891
5.1383
4.05316
3.69898
4.40525
6.28351
2.87223
2.05814
1.99102
2.71094
0.118834
0
0
0
4.19496
4.26068
5.18364
4.20501
3.77555
4.25617
6.60883
3.20477
2.11842
1.98837
2.57659
0.144788
0
0
0
2.81274
4.07877
5.23415
4.60913
3.77346
4.05434
6.74069
3.47793
2.18571
1.9986
2.42102
0.160739
0.0093479
0
0
0.759534
3.72414
5.40055
5.08276
3.76986
3.84594
6.71733
4.02691
2.32088
1.99159
2.24264
0.237612
0.0494142
0
0
0
3.86965
5.49818
5.71317
3.94526
3.78219
5.87452
4.80036
2.41153
1.98894
2.1337
0.539266
0.100277
0
0
0
5.25236
5.67771
6.04169
4.33348
3.82949
5.00296
5.10022
2.53697
1.99199
2.0441
1.0996
0.163191
0
0
0
6.99415
5.90436
6.05189
5.07295
3.90963
4.33189
5.37916
2.74074
2.0037
1.9857
1.99999
0.231176
0
0
0
7.26034
6.16932
6.311
5.83393
4.12333
4.23284
5.42089
3.05159
2.01976
1.98856
2.92235
0.283251
0.0187515
0
0
6.46938
6.34088
6.49432
6.25952
4.46783
4.38852
5.30845
3.18217
2.09776
1.98862
2.61398
0.312799
0.0558088
0
0
5.1527
6.48734
6.40771
6.33288
5.05784
4.69912
5.33981
3.40174
2.14996
1.98596
2.4134
0.320267
0.0941895
0
0
2.81519
6.77568
6.46561
6.13432
5.62088
5.12698
5.3677
3.97529
2.21131
1.98601
2.23799
0.309679
0.147449
0
0
0.818463
7.11166
6.57551
5.9251
6.40598
5.23272
5.3406
4.34705
2.41364
1.97952
2.10977
0.353451
0.205918
0
0
0
7.87499
6.64908
5.62471
6.34316
5.50016
5.45564
4.59203
2.91367
1.97672
2.07324
0.593083
0.245525
0
0
0
9.22637
6.91404
5.31318
5.63084
6.00562
5.81817
4.98262
3.52775
2.00538
2.03127
1.10291
0.279476
0.0192112
0
0
11.1258
7.17139
4.86458
4.99673
6.57874
6.20353
5.20254
4.11596
2.05174
2.03387
1.97186
0.301153
0.0562685
0
0
13.3655
7.36673
4.43791
4.51771
6.89713
6.46196
5.3761
5.054
2.08497
2.07447
2.82921
0.302783
0.0967528
0
0
10.3257
7.59538
4.53768
4.05931
6.57289
6.61241
5.62336
5.66704
2.24047
2.10843
2.54367
0.314791
0.135287
0
0
6.66673
7.79664
4.99534
3.83043
6.4086
6.68789
6.03857
5.97648
2.56623
2.1249
2.39495
0.331397
0.194787
0.0185008
0
2.99879
8.09378
5.89076
3.8698
6.25792
6.73523
6.51388
6.1809
3.23482
2.11482
2.27562
0.338196
0.234812
0.0382274
0
0.792273
9.17607
6.9248
4.16687
6.74733
6.84618
6.67572
6.3324
3.89242
2.14677
2.17611
0.379683
0.258774
0.0691549
0
0
10.8543
7.61016
4.65861
7.37605
7.02236
6.80637
6.47103
4.39485
2.24154
2.20901
0.560636
0.27446
0.096906
0
0
12.8497
8.2297
5.13472
7.37524
7.30264
6.86957
6.6114
4.99063
2.35264
2.24493
0.927573
0.301905
0.141779
0.0093479
0
14.8029
8.40445
5.49454
7.14218
7.95277
6.98058
6.71875
5.9094
2.50681
2.27382
1.60087
0.327928
0.182263
0.0274446
0
13.7073
8.42545
5.72027
6.69408
8.94928
7.30774
6.67526
6.40454
2.80083
2.29877
2.46652
0.356599
0.211045
0.0502919
0
10.1429
8.71987
5.81252
6.0297
10.0577
7.92816
6.83924
6.64
3.30053
2.35341
2.55508
0.393308
0.226773
0.0813726
0
6.62866
9.74356
5.92941
5.89728
10.7836
8.41845
7.10976
6.50122
3.76971
2.45356
2.49196
0.418802
0.25908
0.106212
0.0093479
2.98038
10.9744
6.37681
6.03836
11.2082
9.30794
7.31983
6.21068
4.04328
2.48683
2.54874
0.434502
0.267564
0.122971
0.0093479
0.778453
12.6217
7.12693
6.14767
11.3487
10.4945
7.42214
6.17056
4.18857
2.56064
2.61276
0.447222
0.261783
0.144593
0.0306628
0.0217746
14.6895
7.61648
6.23417
11.2314
11.1665
7.77615
6.27017
4.23145
2.6369
2.6374
0.444046
0.279893
0.163052
0.0535101
0.0343406
15.2916
7.89135
6.31973
10.4204
11.0512
8.29803
6.4568
4.58473
2.88042
2.71543
0.456835
0.301055
0.176746
0.0845908
0.0405818
12.1321
8.34403
6.44474
9.31357
10.8442
8.70501
6.97938
5.16331
3.55179
2.79615
0.53942
0.305638
0.195498
0.10943
0.0502502
8.71256
9.27304
6.56024
8.25929
10.9323
9.42222
7.43092
5.88847
4.50036
2.90493
0.77334
0.351946
0.217272
0.123278
0.059598
5.17315
10.5311
6.6231
7.20012
11.0701
9.97911
7.61522
7.0851
5.20846
3.0917
1.29196
0.411001
0.21737
0.126496
0.0627186
2.09779
12.2718
6.62147
6.72924
11.0943
10.1767
8.03264
7.80029
5.21118
3.26679
2.03139
0.42457
0.214611
0.129408
0.0627744
0.618675
14.1019
6.7083
6.66476
11.0436
10.5542
8.68279
8.0953
5.23457
3.62797
2.78702
0.480894
0.217314
0.129408
0.0563242
0.222943
11.2978
7.08892
6.75107
10.8879
10.9802
9.11576
8.52096
5.441
4.27416
3.38891
0.549352
0.211296
0.13902
0.0810662
0.053315
8.43229
7.79588
6.80993
10.7639
10.6771
9.58523
8.90697
5.51012
5.01457
3.43696
0.583317
0.236065
0.147713
0.100737
0.0501944
5.57604
9.16151
6.84191
10.1655
10.2436
9.33581
9.12172
5.96572
5.48406
3.50698
0.625918
0.275923
0.141932
0.116229
0.0501944
3.34326
10.5727
6.75634
9.19149
9.77921
8.59696
9.61028
6.83353
5.45106
3.62962
0.743624
0.314749
0.151238
0.120366
0.0501944
2.66993
12.1984
6.79204
8.48846
9.4996
7.60534
10.0565
7.16242
5.44458
3.77945
0.968279
0.389825
0.166925
0.119698
0.0501944
2.02188
10.5911
6.84282
7.64278
9.54647
6.76439
9.10534
8.64268
5.18616
3.90512
1.41859
0.516168
0.180062
0.12052
0.0501944
1.28636
7.8432
6.97171
7.15262
9.64084
6.37979
7.86283
9.03965
4.57479
4.05838
2.03522
0.609744
0.210794
0.120004
0.0472828
0.589935
5.02366
7.18222
6.93859
9.95617
5.6996
7.0207
9.96498
4.1805
4.6724
2.66465
0.703961
0.241053
0.120004
0.0505009
0.203759
3.49969
8.49477
6.89724
10.4274
5.04983
5.66172
10.1451
4.28319
5.64323
3.24206
0.769439
0.264806
0.122971
0.0781545
0.0503477
3.35346
10.0825
6.97439
10.9007
5.06469
4.89426
10.6872
4.81121
6.70167
3.65714
0.790628
0.31188
0.12931
0.097519
0.0507099
3.2706
8.75027
6.9034
10.2857
6.17424
4.934
10.7811
5.18599
7.17553
3.99113
0.806719
0.369388
0.129617
0.116479
0.0536215
2.94914
6.228
6.97546
8.96963
7.94191
5.05187
10.5381
5.7186
6.76957
4.37165
0.861149
0.408772
0.13856
0.113874
0.0502502
2.41749
4.05727
7.25105
8.12446
9.53519
5.13524
9.99287
6.83261
6.40782
4.94622
0.97845
0.489991
0.165657
0.101155
0.0434377
1.81267
3.38611
7.4543
7.33057
11.0752
5.37655
8.99244
8.4565
6.35143
5.95482
1.34671
0.576895
0.188852
0.0848972
0.0378234
1.19099
3.27408
8.17861
7.32389
11.6203
5.4114
8.67636
9.97558
6.7134
7.1309
1.85381
0.632912
0.235369
0.0697122
0.0346053
0.564538
3.18272
7.16915
7.37541
11.6099
5.49797
8.12838
10.8987
7.1715
8.16459
2.54603
0.698389
0.28112
0.0729303
0.0312757
0.1915
3.09401
4.74585
7.48788
11.4576
5.65829
6.98712
10.7364
7.37195
8.21802
3.44694
0.770066
0.317801
0.0660343
0.0465166
0.0285731
3.05905
3.36091
7.64422
10.4523
6.24957
6.45698
10.6275
7.54291
8.11992
4.60383
0.790182
0.358494
0.0866387
0.0528414
0.0278486
2.98935
3.15517
7.76528
9.1964
7.26646
6.96854
10.5469
7.65999
7.77062
6.11198
0.856551
0.404704
0.119712
0.043995
0.024937
2.86913
3.01085
7.96936
8.13445
8.17383
7.43213
10.3905
7.54503
7.36822
7.51916
1.00943
0.440465
0.179254
0.032042
0.024937
2.39801
2.92664
5.68065
8.09227
9.75492
7.49999
10.1722
8.29806
7.11396
8.56245
1.4408
0.509216
0.235077
0.028782
0.024937
1.81859
2.84211
3.64451
8.19866
10.9269
7.55343
9.75136
8.88589
7.08011
9.43877
2.26173
0.589474
0.264708
0.02555
0.024937
1.19737
2.79406
2.87377
7.78965
10.9312
8.02526
9.1291
9.34469
7.30704
9.91908
3.30502
0.64793
0.292404
0.0492192
0.0185008
0.551651
2.73542
2.79271
7.06535
10.9769
8.17551
8.68849
9.60885
7.65594
9.81004
4.70999
0.739013
0.322872
0.0752289
0.0122595
0.176063
2.66611
2.68355
6.07996
9.92359
8.4095
8.67441
8.00826
8.04498
9.56409
6.18054
0.774733
0.342793
0.128544
0.0122595
0.0122595
2.63043
2.57925
4.3961
9.05937
8.81597
9.14967
6.96559
8.29594
9.1743
7.4046
0.937534
0.386551
0.181093
0.0183893
0.00582328
2.64315
2.49063
2.7599
7.8744
9.06453
9.99082
6.17667
8.3801
8.75431
8.40469
1.37609
0.45377
0.214514
0.0285173
0
2.66904
2.47594
2.41876
6.41253
9.33801
9.77964
5.57097
8.56451
8.63961
9.42374
2.20091
0.499645
0.242321
0.0467116
0
2.32159
2.49938
2.42857
5.39553
9.407
9.34221
5.19311
8.86067
8.66692
10.0586
3.26627
0.575306
0.24937
0.0633316
0
1.81819
2.54718
2.43308
4.39623
10.1853
9.15873
5.04782
9.53939
8.84684
10.7821
4.57765
0.651928
0.243129
0.100849
0
1.22251
2.62733
2.39366
3.18915
9.26201
8.93405
5.14117
10.0561
9.10599
11.5003
5.95281
0.711415
0.242209
0.130996
0
0.564635
2.66533
2.40035
2.37586
7.15479
8.82334
5.29902
8.04957
9.25607
11.6583
7.42706
0.887088
0.266492
0.160126
0
0.166967
2.70323
2.44934
2.33767
5.45495
8.77467
5.15579
6.71106
9.42034
11.1596
8.78294
1.47523
0.286678
0.197448
0.0151712
0.00291164
2.7575
2.53184
2.34744
4.42022
8.77116
5.12997
5.62327
9.54743
11.3617
9.94654
2.47108
0.333501
0.216102
0.0379767
0.00612977
2.88849
2.57022
2.31555
3.37373
8.77964
5.49702
5.36086
9.86635
12.0649
11.1737
3.66074
0.394423
0.217579
0.0688484
0.0093479
2.63187
2.60881
2.39399
2.6025
9.11293
6.66207
5.79158
10.6917
12.2921
12.2058
4.97152
0.44686
0.221048
0.0936879
0.018863
2.1275
2.71487
2.41939
2.57275
8.28608
8.23703
6.20807
10.726
12.5898
12.8192
6.4644
0.515513
0.232095
0.116479
0.0249927
1.57297
2.77702
2.46311
2.63443
6.6933
9.04172
6.65407
10.6187
12.6988
13.3724
7.90393
0.552682
0.236484
0.12977
0.0282109
0.966483
2.91999
2.49121
2.55675
5.64618
9.53754
7.2241
10.9004
12.3376
13.4234
9.14756
0.991155
0.273555
0.134938
0.0376145
0.456222
3.06806
2.52024
2.54356
4.50171
9.19621
7.81018
10.8502
11.197
13.1629
10.3001
2.07474
0.304176
0.129714
0.0279462
0.197894
3.07826
2.57141
2.56873
3.56281
8.48329
8.39567
10.6281
10.8149
12.6597
11.4869
3.34242
0.330478
0.132835
0.055349
0.0282666
2.99732
2.66277
2.60678
3.33814
8.83497
8.00912
9.91087
10.7968
12.1469
12.4163
4.79587
0.37393
0.132626
0.0781406
0.0315822
3.01567
2.739
2.67574
3.32354
9.67758
8.04053
9.6221
10.6
11.2359
13.2444
6.56098
0.426674
0.12619
0.102883
0.0378234
2.7606
2.8462
2.72929
3.15851
8.1015
8.43878
9.78581
10.0665
10.3781
13.802
8.36547
0.460318
0.132626
0.12169
0.0378234
2.29454
2.94266
2.80423
3.03809
6.64053
8.77423
9.9486
9.46412
9.62972
14.1523
9.91728
0.73996
0.150012
0.126496
0.0378234
1.83159
2.97948
2.8636
2.95643
5.66264
9.18325
10.04
9.47056
8.83213
13.9292
11.4706
1.52092
0.164069
0.126496
0.0378234
1.23045
2.99443
2.87933
2.85318
4.54358
9.6243
10.1207
9.94471
8.3712
12.6894
12.8033
2.71923
0.207465
0.126496
0.0407351
0.564467
3.00585
2.85917
2.77823
3.85053
10.0504
10.1996
11.3358
8.33566
11.2816
13.8917
4.27805
0.253522
0.126496
0.0378234
0.201112
2.99403
2.9101
2.71906
3.78544
8.8816
10.2903
12.0551
8.61133
10.2023
14.4313
6.18546
0.291582
0.126496
0.0626211
0.0410973
3.00935
2.9895
2.65015
3.72935
7.28732
10.3932
11.0404
9.06171
9.55601
14.735
8.24812
0.369416
0.129408
0.0787675
0.0440089
3.00956
2.98469
2.59675
3.55373
6.39039
10.4114
10.5629
9.29438
9.03519
14.9496
10.0626
0.50193
0.126287
0.0911803
0.0440089
2.89134
2.97278
2.51482
3.36088
5.40156
10.2681
10.3706
10.2087
9.18955
15.2019
11.6901
1.15127
0.141319
0.103189
0.0313872
2.43855
2.99088
2.45001
3.1892
4.56222
10.3627
10.3477
11.7349
9.59691
15.0033
13.1116
2.33937
0.156866
0.101044
0.0253549
1.88192
3.01867
2.39898
2.88651
4.37884
9.78942
10.0813
13.0605
9.93386
13.949
14.2759
3.86374
0.160739
0.103649
0.024937
1.23264
3.04443
2.37537
2.64552
4.27692
8.35911
9.69074
12.2265
10.6513
12.7541
15.0883
5.93769
0.18803
0.112704
0.024937
0.571128
3.08536
2.37658
2.41602
3.99868
7.34885
9.1084
10.8128
11.1711
11.8079
15.7668
8.17521
0.203787
0.119698
0.024937
0.194983
3.11137
2.46146
2.18094
3.74561
6.47323
8.55985
9.49603
11.0515
11.3885
16.1679
10.0689
0.195539
0.141681
0.0374195
0.024937
3.13047
2.6551
2.06928
3.52312
5.55531
8.54361
8.60728
10.3431
10.8055
16.4907
11.7138
0.533012
0.16627
0.0441622
0.024937
3.11258
2.77157
1.95289
3.18895
5.13646
8.42081
8.24112
9.51571
9.68056
16.7184
13.2542
1.41031
0.16698
0.0535101
0.024937
2.87094
2.91472
1.8267
2.90931
4.9406
8.74145
7.96118
9.51819
9.40865
16.4607
14.3083
2.83102
0.163943
0.0686952
0.024937
2.38586
3.02097
1.67908
2.65678
4.57461
8.04866
7.65871
9.34841
9.56705
15.7598
15.2883
4.76003
0.147964
0.0758001
0.024937
1.80976
3.06675
1.54726
2.35838
4.23571
7.27436
8.2262
9.39011
9.30562
14.7124
16.2099
7.02202
0.157772
0.091027
0.024937
1.17898
3.10034
1.40962
2.06565
3.98386
6.43268
9.24314
9.54795
9.45823
13.4073
16.5637
9.30372
0.148535
0.109486
0.024937
0.554813
3.13599
1.28998
1.8009
3.6122
6.01789
9.93525
10.1919
9.67195
11.8891
16.4417
11.3324
0.240593
0.116326
0.024937
0.194983
3.12872
1.20216
1.45335
3.2701
5.88706
8.76896
10.8704
9.51758
10.6904
16.4268
12.8978
0.756288
0.122818
0.0435492
0.0253549
3.10761
1.11998
1.17698
2.97808
5.54719
7.90453
11.224
9.39155
9.66972
16.4159
14.1603
1.74124
0.129004
0.0659368
0.0314847
3.08875
1.10841
1.02775
2.57498
5.16834
7.13446
11.1345
9.21639
8.84261
16.2336
15.2748
3.2731
0.126036
0.0790183
0.0314847
2.84846
1.35601
0.961273
2.19841
4.83726
6.37369
10.92
9.57468
8.53387
15.6573
16.0489
5.31799
0.129617
0.0783496
0.0347028
2.34181
1.66185
0.890739
1.84858
4.32468
5.99235
9.97195
10.0551
8.29728
14.6953
16.6149
7.65813
0.146794
0.0758001
0.0378234
1.78063
2.08075
0.840001
1.41545
3.85009
5.87805
8.71212
10.6908
8.09852
13.4597
16.8116
9.85123
0.164835
0.0730835
0.0440089
1.17842
2.50447
0.781336
1.05493
3.43109
5.80625
7.82389
11.3085
8.03504
12.0513
16.6159
11.813
0.254706
0.0783078
0.0314429
0.551344
2.70501
0.7412
0.841965
2.87301
5.78729
6.99509
11.7071
7.84468
10.6922
16.4724
13.3314
0.775597
0.0785028
0.0246305
0.192224
2.78966
0.729651
0.721933
2.36169
5.56811
6.20724
11.2305
7.61074
9.57084
16.3453
14.4698
1.78761
0.0939944
0.0247838
0.0155891
2.82126
0.874411
0.693318
1.95328
5.13436
5.95679
10.1868
7.69024
8.42407
16.0874
15.3673
3.20218
0.109375
0.0219696
0.00624122
2.86962
1.38219
0.693248
1.53846
4.65049
5.9958
8.89098
8.07461
8.13474
15.5725
16.0106
4.9985
0.107591
0.0061855
0
