0
0.282206
3.88901
0.801172
0.867705
2.32799
6.59945
5.29101
5.1327
9.37603
14.0717
15.0905
7.05934
0.0624932
0
0
0.015603
2.85178
0.810399
0.794485
1.69303
6.27069
5.7544
5.04663
8.35909
13.0345
14.9391
9.28662
0.124149
0
0
0.031125
1.86585
0.971009
0.822327
1.52383
5.46654
5.94666
5.25067
7.30057
11.7848
14.3899
11.1547
0.207284
0
0
0.015603
1.13294
1.46929
0.827082
1.50843
4.34817
5.99838
5.13921
6.6854
10.5578
13.8898
12.2697
0.259443
0
0
0.0251811
0.545632
2.22645
0.857614
1.48083
3.28799
6.19176
5.19735
5.82119
9.68097
13.534
12.8383
0.328083
0
0
0.015603
0.094807
3.08105
0.906962
1.37704
2.26778
6.43842
5.14265
5.32156
8.53163
13.2192
13.4965
0.913717
0.00282341
0
0.305049
0.0220604
3.63517
0.99854
1.22363
1.60761
6.13726
5.40603
5.39798
7.7609
12.9551
14.0973
2.23875
0.0152653
0
1.01791
0.0156031
2.34672
1.05436
1.09428
1.43036
5.1248
5.50036
5.55529
7.09286
12.5705
14.3603
4.17382
0.0337998
0
0.551511
0.0157111
1.18175
1.11819
1.06869
1.37646
3.9206
5.59023
5.54696
6.34152
12.0274
14.387
6.34195
0.0602642
0
0.126986
0.0156031
0.379228
1.41513
1.08654
1.36714
2.87842
5.88906
5.62401
5.93164
11.0422
13.936
8.50662
0.0845401
0
0
0.103047
0.0124824
1.86395
1.11014
1.32169
1.98823
6.09077
5.56264
5.1721
9.37786
13.2997
10.2808
0.112099
0
0
0.590591
0.0156031
2.33938
1.16207
1.29188
1.45185
5.79115
5.6055
4.72203
7.25832
12.6841
11.4352
0.143967
0.00282341
0
1.32212
0.0280854
2.28102
1.2067
1.35241
1.28491
4.7488
5.4798
4.09622
5.52106
12.1078
11.9563
0.234302
0.0183859
0
2.08394
0.0156031
1.10872
1.25231
1.7846
1.25285
3.55776
5.74423
3.6192
4.27806
11.0955
12.2985
0.432764
0.0362315
0
1.90977
0.0156031
0.270399
1.30732
1.61966
1.32654
2.58666
5.96467
3.4599
3.51235
10.0106
12.6198
0.91477
0.0426753
0
1.17914
0.254674
0.0156031
1.39926
1.3927
1.34776
1.78797
5.69487
3.76902
3.4671
8.89233
12.4667
1.89467
0.0426213
0
0.529558
0.887145
0.00876743
1.6197
1.42296
1.37342
1.42063
5.00952
4.20344
3.83205
7.68191
11.776
3.13979
0.0395953
0
0.123811
1.63995
0.0124824
1.02796
1.45634
1.48737
1.37915
3.99754
4.96678
4.11687
6.57178
11.1049
4.77634
0.0275046
0.00312061
0
2.41441
0.0274911
0.402424
1.49824
1.7718
1.39956
2.95592
5.45454
4.27323
5.59291
10.0673
6.42374
0.024384
0.00282341
0
3.10236
0.0218443
0.0714498
1.54575
2.28949
1.40319
2.15862
5.80043
4.29462
4.82247
9.11916
7.87029
0.0277072
0.00282341
0
3.07773
0.504147
0.0187237
1.54084
3.05398
1.43039
1.59804
5.24819
4.24109
4.31408
8.3218
8.50552
0.034097
0.00282341
0
2.52506
1.2124
0.0124824
1.08574
2.25579
1.43948
1.4183
4.43957
4.15959
4.12917
7.06494
7.64864
0.0695719
0
0
1.8543
1.94206
0.0249649
0.618784
1.75989
1.69065
1.38756
3.44095
4.24719
3.99959
5.63903
6.37922
0.117138
0
0
1.13667
2.68082
0.00847022
0.151356
1.53042
2.02746
1.40342
2.49753
4.67624
3.81549
4.57484
5.04377
0.234491
0
0
0.516913
3.34627
0.0627904
0.0281936
1.29946
2.35056
1.40876
1.86828
4.98173
3.55832
3.74909
3.57755
0.421309
0
0
0.123811
3.41019
0.410407
0.0147114
1.0209
2.56109
1.38354
1.47622
4.99017
3.15881
3.09384
2.28972
0.598684
0.00282341
0
0
3.36014
1.02919
0.0094699
0.679631
2.99962
1.42238
1.40361
4.07507
2.94677
2.7393
1.61576
0.75616
0.00599806
0
0
3.21441
1.78781
0.00847022
0.325381
3.7053
1.5965
1.39543
3.05894
3.17386
2.5531
1.48238
0.832338
0.0091727
0
0
2.87212
2.59658
0.0157111
0.036934
2.46035
1.84058
1.41607
2.19098
3.54863
2.38859
1.27386
0.707527
0.0271533
0
0
2.35829
3.2679
0.118745
0.00847022
1.47179
2.0917
1.3924
1.70156
3.84839
2.09513
0.981573
0.472185
0.0632903
0
0
1.70604
3.52522
0.295039
0.0157111
0.870082
2.17585
1.43206
1.43869
4.25762
2.03584
0.811142
0.45215
0.0907408
0
0
1.06701
3.49072
0.496028
0.0112937
0.490583
2.13674
1.47447
1.41765
3.61585
2.06118
0.853587
0.429104
0.16577
0
0
0.497758
3.17544
0.846427
0.0188317
0.175781
2.07418
1.56787
1.46011
2.64215
2.17677
0.904382
0.437871
0.232951
0
0
0.111113
2.79544
1.46324
0.02972
0.00317465
2.28015
1.6151
1.44244
1.90883
2.34393
1.08184
0.438411
0.267872
0.00282341
0
0
2.49078
2.0765
0.216578
0.0188317
3.1213
1.5974
1.45977
1.55871
2.45011
1.28485
0.411798
0.275519
0.0178456
0
0
2.03463
2.68234
0.386834
0.00952393
1.90053
1.57719
1.45777
1.43247
2.64587
1.45366
0.397371
0.285124
0.0336512
0
0
1.57608
3.27253
0.592429
0.0188317
0.705068
1.5684
1.53179
1.43859
2.95874
1.58459
0.362693
0.256174
0.0639387
0
0
1.21574
3.47884
0.797889
0.0112937
0.069626
1.57284
1.54001
1.40729
2.22826
1.77136
0.323044
0.235464
0.0911055
0
0
0.852925
3.39938
0.944653
0.0997243
0.0157111
1.66024
1.54802
1.45143
1.69336
1.91888
0.287245
0.237207
0.110329
0.00624122
0
0.506349
3.42685
1.05659
0.356425
0.0112937
1.76934
1.5569
1.44695
1.49362
1.99547
0.316005
0.253404
0.131093
0.0176429
0
0.281409
3.428
1.46669
0.558332
0.0188317
2.02568
1.57495
1.55756
1.50234
2.089
0.368826
0.283705
0.149289
0.0270047
0
0.0698422
3.39886
2.04585
0.782502
0.0172917
0.981654
1.59835
1.54793
1.49284
2.21738
0.492394
0.269466
0.149722
0.054766
0
0
3.44538
2.54966
0.977844
0.0411218
0.0219523
1.66073
1.54475
1.50581
1.78689
0.65476
0.253512
0.158354
0.0847563
0
0
3.47882
3.11878
0.974292
0.248001
0.0207095
1.58003
1.55998
1.50986
1.53361
0.839173
0.235761
0.169999
0.101062
0
0
3.1807
3.51141
0.95858
0.552672
0.0219523
1.16812
1.58163
1.56815
1.50824
1.07018
0.226345
0.177321
0.116273
0
0
2.65219
3.50288
0.939262
0.80309
0.0234788
0.71393
1.60899
1.64678
1.49807
1.30309
0.223671
0.199043
0.125486
0.00594402
0
1.97756
3.51641
0.989827
0.921066
0.0094699
0.183103
1.63562
1.62184
1.5091
1.46886
0.253364
0.206825
0.125486
0.0333946
0
1.24119
3.5382
1.25461
0.947787
0.102588
0.00847022
1.44995
1.64834
1.5238
1.65494
0.312398
0.204933
0.125486
0.0691398
0
0.570289
3.51664
1.82311
0.959486
0.430968
0.00936182
1.02634
1.65822
1.51156
1.58983
0.380876
0.21154
0.125837
0.091038
0
0.133335
3.4769
2.40988
0.993447
0.762347
0.0112937
0.622703
1.69434
1.61623
1.51466
0.504728
0.208311
0.125837
0.118597
0
0
3.41493
2.91322
0.996595
1.02872
0.0124824
0.228021
1.71954
1.74718
1.5301
0.643602
0.211229
0.125486
0.122366
0
0
3.31431
3.40121
1.01518
1.08372
0.0112937
0.0190479
1.74682
1.74322
1.50628
0.789068
0.253256
0.128512
0.122568
0.00282341
0
3.01511
3.50654
1.04754
1.08124
0.267399
0.0249649
1.36314
1.78029
1.49959
0.958378
0.351183
0.122663
0.122366
0.0120907
0
2.50825
3.49758
1.09513
1.05531
0.804657
0.0112937
0.909055
1.81045
1.50584
1.11576
0.499473
0.130944
0.122663
0.0272614
0
1.83875
3.49635
1.32666
1.04377
1.40146
0.0343266
0.465821
1.8501
1.58604
1.17373
0.655949
0.14294
0.122663
0.0515914
0
1.14547
3.45347
1.77892
1.03418
1.30309
0.0294229
0.0978196
1.86261
1.68811
1.18636
0.697679
0.152748
0.122663
0.075435
0
0.532624
3.31029
2.31954
1.03695
1.23607
0.146101
0.0187237
1.65276
1.81305
1.21694
0.718118
0.182738
0.122663
0.0945098
0.00594402
0.139333
3.21941
2.84131
1.04096
1.21015
0.545864
0.0231817
1.22459
1.85596
1.26922
0.685656
0.222144
0.122663
0.115679
0.0119421
0.00906463
3.20599
3.27637
1.07402
1.12511
1.1026
0.0156031
0.744677
1.85299
1.4164
0.636888
0.290757
0.122663
0.122663
0.0213039
0.0182914
3.19404
3.37043
1.07604
1.08947
1.79686
0.0169404
0.304469
1.86246
1.62619
0.545633
0.489139
0.122663
0.122663
0.0334486
0.0242354
2.90116
3.34875
1.06941
1.09224
1.68895
0.0187236
0.0394602
1.86222
1.81018
0.466929
0.500716
0.119542
0.122663
0.0542662
0.0241813
2.43383
3.27191
1.24169
1.05358
1.5097
0.283111
0.0169404
1.86533
1.86231
0.503296
0.412366
0.136983
0.11934
0.0706257
0.0301794
1.78888
3.18507
1.63691
1.07406
1.47652
0.750959
0.0124824
1.65961
1.87138
0.601669
0.381133
0.166878
0.12246
0.0883227
0.0277072
1.09879
3.17324
2.08652
1.0922
1.39191
1.32643
0.0112937
1.20191
1.89298
0.794364
0.353628
0.189074
0.122663
0.106114
0.0271669
0.510212
3.11493
2.60057
1.09794
1.32489
1.91603
0.0124824
0.68937
1.88376
1.10079
0.322287
0.219118
0.125486
0.119245
0.0119961
0.139036
3.07588
3.10631
1.11119
1.29296
2.43128
0.057657
0.221698
1.88029
1.41153
0.291811
0.248798
0.125486
0.116219
0.0179401
0.00614665
3.07196
3.32042
1.14051
1.21987
2.65425
0.504458
0.00936182
1.88396
1.69771
0.270088
0.336634
0.143332
0.113288
0.0270588
0.00594402
3.06641
3.2105
1.17348
1.177
2.30262
1.02958
0.0112937
1.47008
1.91208
0.258105
0.396466
0.158165
0.106952
0.0391495
0.00629526
2.92824
3.17814
1.2504
1.19198
1.92897
1.66774
0.015603
1.00706
1.95777
0.255728
0.280152
0.162109
0.110072
0.0541176
0.0152113
2.49828
3.10526
1.56783
1.2343
1.73718
2.34838
0.0169404
0.503363
2.02241
0.398654
0.264806
0.182886
0.115327
0.0763266
0.0149141
1.88202
3.04758
2.02688
1.2729
1.69903
2.90821
0.0218443
0.112909
1.97041
0.605871
0.271088
0.199084
0.110329
0.0854452
0.0212093
1.23179
3.03203
2.41876
1.30225
1.59111
3.07903
0.15268
0.0112937
1.59616
0.902653
0.280368
0.194775
0.122312
0.0849994
0.0239382
0.610883
2.99266
2.87572
1.34816
1.53083
2.92771
0.600899
0.0094699
1.17582
1.25516
0.28334
0.210391
0.13089
0.0822166
0.0242354
0.176673
2.97705
3.07022
1.36916
1.51666
2.57973
1.15356
0.00847022
0.745312
1.54262
0.274519
0.236599
0.134956
0.0853372
0.0395007
0.030382
2.94006
2.93518
1.39013
1.45828
2.36014
1.71462
0.0094699
0.296566
1.81387
0.262185
0.332419
0.14933
0.0908489
0.0457014
0.0300848
2.95752
2.891
1.43529
1.39333
2.26424
2.41393
0.0115908
0.0285177
2.09664
0.259564
0.45777
0.167175
0.0975359
0.0457419
0.0182914
3.04167
2.89125
1.6056
1.4261
2.16132
3.01852
0.260659
0.0094699
1.70794
0.253458
0.287042
0.183319
0.115625
0.0427699
0.0088755
3.26102
2.93145
1.92105
1.44734
2.10441
3.09542
0.71393
0.00282341
1.13678
0.358654
0.231911
0.195734
0.12504
0.0456473
0
3.40133
2.94393
2.29736
1.46739
2.08475
2.97585
1.22364
0.0124824
0.613733
0.568234
0.220158
0.189763
0.125189
0.0427699
0.00624122
4.04967
2.9316
2.64265
1.44881
1.92486
2.91433
1.74846
0.0228845
0.144953
0.922957
0.204947
0.189722
0.12831
0.0541176
0.00624122
2.78353
2.97507
2.86709
1.46563
1.77923
2.73441
2.43278
0.100616
0.00936182
1.4468
0.201867
0.186791
0.130836
0.0701799
0.0122933
0.751688
3.05516
2.82742
1.46778
1.69013
2.63591
2.93389
0.422349
0.0172376
1.92993
0.196274
0.188587
0.125729
0.0854452
0.0239922
0.0185345
3.2564
2.80909
1.47402
1.52923
2.65073
3.18393
0.855357
0.0157111
1.23221
0.192991
0.221023
0.124743
0.103831
0.0305306
0.0241813
3.98148
2.84078
1.56157
1.49185
2.65858
3.47083
1.32837
0.0112937
0.549578
0.204893
0.366084
0.127324
0.115976
0.0428239
0.0241813
6.52269
2.83358
1.7734
1.51509
2.68074
3.75443
1.8222
0.0094699
0.0471604
0.22594
0.243664
0.121866
0.116165
0.0667621
0.0305306
9.32635
2.84639
2.09906
1.48337
2.71636
3.72108
2.33691
0.185021
0.00847022
0.477831
0.232641
0.125094
0.116016
0.0764211
0.0364746
9.88663
2.9461
2.41008
1.4368
2.58446
3.5576
2.68934
0.523087
0.0126986
0.94857
0.287042
0.125094
0.110167
0.0916864
0.0364746
6.24993
3.5325
2.6019
1.40888
2.37241
3.43848
2.89616
0.907286
0.0150627
1.22849
0.319801
0.125743
0.109964
0.122474
0.0364746
2.74172
5.60967
2.64833
1.40923
2.16768
3.21221
3.20031
1.34193
0.0158192
0.43313
0.353263
0.12504
0.113004
0.116165
0.0424187
0.781976
7.97865
2.62844
1.4383
1.86698
3.12488
3.57843
1.77477
0.0319491
0.0119421
0.365962
0.137145
0.113544
0.116165
0.0662623
0.0424187
10.7663
2.69935
1.51333
1.5966
3.10845
3.89745
2.14082
0.3084
0.0158192
0.39529
0.163393
0.116368
0.11915
0.0822706
0.0455393
13.4786
2.79721
1.68625
1.44679
2.97064
4.43203
2.38576
0.61399
0.0175889
0.414217
0.324273
0.11295
0.116368
0.0975359
0.054766
14.6146
4.16365
1.81494
1.4013
2.83482
5.03048
2.55987
0.981547
0.0158192
0.492637
0.442721
0.122312
0.116124
0.0978331
0.06071
11.6893
6.4726
2.05741
1.41691
2.71035
4.61903
2.80896
1.37476
0.0175889
0.126283
0.436129
0.131241
0.122217
0.0911461
0.0668566
8.18653
9.09634
2.31821
1.44798
2.42653
4.22465
3.15264
1.71873
0.135186
0.0220604
0.360532
0.125392
0.125392
0.0763671
0.0606695
5.08782
11.6504
2.51244
1.48118
2.15593
3.88437
3.44662
1.87805
0.486923
0.0238301
0.279801
0.12831
0.122366
0.0641278
0.0576434
2.37477
14.3926
2.80697
1.46219
1.93424
3.43538
3.96937
2.03604
0.80074
0.0157111
0.20311
0.137482
0.118786
0.0581838
0.0390008
0.744285
16.0207
4.26855
1.45004
1.64841
3.11908
4.69267
2.11115
1.14099
0.0206555
0.137293
0.154977
0.100508
0.0671539
0.0446477
0.0209662
15.5173
6.21876
1.43482
1.45142
2.93056
5.39996
2.2673
1.47426
0.0489976
0.0157111
0.179063
0.0854317
0.0790959
0.0397979
0.011888
15.1797
8.60144
1.42998
1.42363
2.66627
6.26554
2.56679
1.64764
0.327151
0.00882147
0.278207
0.0874716
0.0580352
0.0335432
0.011888
13.0338
11.0845
1.60342
1.42081
2.48947
5.91085
2.87719
1.6416
0.729965
0.0153058
0.108762
0.0850399
0.0458365
0.0362855
0.00564682
10.1541
13.2125
1.84859
1.43813
2.35933
5.28155
3.32347
1.67678
1.06499
0.00882147
0.0308819
0.0912947
0.0367178
0.0428239
0
7.66223
14.5499
1.96825
1.46293
2.09931
4.69788
3.92025
1.71047
1.40256
0.00282341
0.00317465
0.11191
0.0304766
0.0395953
0
4.99753
15.2736
2.44438
1.49341
1.85333
4.14991
4.44704
1.78667
1.61057
0.140238
0.00282341
0.122217
0.0248298
0.033354
0
1.77741
13.0658
4.26037
1.52884
1.6801
3.49396
5.10556
1.97216
1.61581
0.530544
0.00282341
0.125392
0.027356
0.0248838
0
0.333338
9.95912
6.42743
1.55352
1.56335
3.02395
5.90212
2.16883
1.62805
0.979344
0.00564682
0.128215
0.0335972
0.0188317
0.00564682
0
6.96037
8.49954
1.55818
1.52826
2.77947
6.59755
2.51278
1.65404
1.33297
0.0125905
0.0964957
0.0488625
0.0119961
0.0119961
0
4.37612
11.0578
1.45352
1.49923
2.50323
6.96104
3.00033
1.67867
1.65403
0.0124824
0.0208176
0.0725035
0.00564682
0.00605209
0
2.4662
13.3473
2.11333
1.40541
2.29877
6.41643
3.4585
1.74362
1.6633
0.350859
0.0188317
0.0795417
0.00564682
0
0
1.99673
13.9819
4.12515
1.37485
2.11503
5.53093
4.02766
1.88462
1.67227
0.857289
0.0124824
0.0522398
0.0115908
0
0
1.56036
14.133
6.25281
1.42271
1.8628
4.74877
4.66702
1.97194
1.68436
1.35513
0.0125905
0.0307738
0.0211148
0
0
1.03053
14.7304
8.19545
1.44273
1.69125
4.04605
5.17225
2.11292
1.709
1.74934
0.00317465
0.00624122
0.0272614
0
0
0.324827
12.262
10.3579
1.47362
1.57695
3.30703
5.78689
2.36711
1.73912
1.73934
0.194842
0.00634929
0.027356
0
0
0.114287
9.65291
11.6589
2.0777
1.45547
2.82246
6.47773
2.61701
1.77586
1.77275
0.864935
0.00624122
0.02741
0
0
0
8.16051
11.0731
3.96146
1.50022
2.54696
7.00571
2.99328
1.83965
1.80634
1.48247
0.00952393
0.0277072
0
0
0
6.5077
9.88854
5.1182
1.59401
2.19315
6.39083
3.51695
1.90508
1.83717
2.07889
0.00634929
0.021412
0
0
0
5.59727
8.55029
5.80903
1.65342
1.94777
5.76184
4.03395
2.00027
1.85224
1.98476
0.0121852
0.00936182
0
0
0
5.12278
7.16296
5.80459
1.69837
1.80948
4.82011
4.68738
2.16526
1.8673
1.91516
0.393062
0.00564682
0
0
0
4.57253
5.75716
4.7536
2.01394
1.72643
4.04106
5.39603
2.28265
1.87581
1.90846
1.26232
0
0
0
0
3.0147
4.89706
4.45265
2.6513
1.87216
3.45639
5.94096
2.43587
1.90377
1.88825
2.17304
0
0
0
0
1.49943
4.18041
4.08421
3.26455
1.95066
2.87129
6.53288
2.69637
1.9343
1.89757
2.44029
0.00564682
0
0
0
0.559345
3.38543
3.81214
3.82795
2.13829
2.52789
6.60706
2.91079
1.95507
1.89748
2.30198
0.0182373
0
0
0
0.195747
2.66902
3.64239
4.34975
2.2877
2.43707
5.92791
3.2837
2.06798
1.90391
2.15292
0.0732465
0
0
0
0.053969
2.48495
3.3989
4.36204
2.57739
2.54116
5.31128
3.80834
2.13016
1.92201
2.07539
0.195882
0
0
0
0
2.7447
3.0462
4.36778
2.83962
2.79677
4.87047
4.30713
2.21051
1.91862
2.02444
0.478048
0
0
0
0
3.16612
3.14968
4.35822
3.19283
3.0627
4.55457
4.90943
2.37154
1.92851
1.97452
1.12862
0.00564682
0
0
0
3.84749
3.37136
4.51197
3.61229
3.34837
4.47052
5.50439
2.4513
1.94892
1.98172
2.06729
0.0305306
0
0
0
4.11542
3.61173
4.80077
3.86053
3.53836
4.38533
5.78541
2.58531
1.96513
1.94337
2.77923
0.0761239
0
0
0
4.06157
3.84445
5.00525
3.91205
3.64256
4.23488
6.06854
2.83407
2.02063
1.96177
2.63447
0.118313
0
0
0
4.06873
4.2473
5.03965
4.12546
3.67476
4.11018
6.52314
3.04666
2.05318
1.95289
2.4957
0.158259
0
0
0
2.84518
3.92132
5.11325
4.49812
3.66806
3.89232
6.65439
3.35925
2.17067
1.94327
2.30652
0.188912
0.0144143
0
0
0.714296
3.64903
5.28224
5.07341
3.68167
3.65392
6.33541
4.02378
2.23185
1.92841
2.17333
0.288271
0.0519831
0
0
0
4.08539
5.36638
5.71078
3.83712
3.67974
5.67506
4.60318
2.33796
1.94631
2.05299
0.540743
0.109194
0
0
0
5.83793
5.55571
5.89769
4.36442
3.72799
4.77945
4.91824
2.49166
1.94396
1.95961
1.11841
0.163555
0
0
0
7.54591
5.82922
6.01572
5.12801
3.85348
4.19874
5.27206
2.65957
1.93451
1.94126
1.9982
0.222739
0.00282341
0
0
7.77226
6.07581
6.21874
5.68037
4.10584
4.1585
5.21278
3.01661
1.97941
1.92816
2.80132
0.280477
0.0174403
0
0
6.97754
6.19836
6.28397
6.17408
4.47761
4.34953
5.13797
3.10344
2.01381
1.93465
2.5514
0.304712
0.0521453
0
0
5.4061
6.43521
6.18184
6.07805
4.97187
4.70935
5.26597
3.30363
2.04944
1.93783
2.34756
0.293905
0.0974009
0
0
2.87925
6.67957
6.28962
5.93722
5.65223
4.9885
5.27429
3.88104
2.16543
1.94076
2.16835
0.296377
0.139225
0
0
0.780963
7.03888
6.27088
5.63162
6.45265
5.14807
5.25794
4.36953
2.31961
1.93199
2.07833
0.336837
0.18621
0
0
0
7.78472
6.48231
5.34341
6.02135
5.40102
5.40316
4.51731
2.95092
1.95651
2.01959
0.527896
0.243853
0.00312061
0
0
9.19056
6.82811
5.0002
5.39153
5.93086
5.77349
4.88609
3.54839
1.97779
1.96584
1.05633
0.274127
0.0210067
0
0
11.1363
6.99623
4.60856
4.85626
6.30879
6.10395
5.09331
4.35213
1.98999
2.01559
1.91169
0.283894
0.0506457
0
0
13.1981
7.23193
4.27747
4.15456
6.65081
6.32313
5.21081
5.21641
2.04823
2.03668
2.71015
0.299849
0.0879174
0
0
9.9451
7.40805
4.21331
3.85987
6.47099
6.46762
5.54115
5.61335
2.15734
2.05774
2.48118
0.30921
0.139563
0.00564682
0
6.42672
7.53357
4.84555
3.71746
6.23042
6.50482
5.96844
5.84172
2.52476
2.05505
2.3444
0.321666
0.187493
0.0154139
0
2.93687
8.00921
5.78297
3.91214
6.29135
6.55694
6.33873
6.07568
3.21116
2.07511
2.20567
0.333351
0.22282
0.0455528
0
0.758741
9.0988
6.62344
4.20085
6.9842
6.66478
6.52085
6.17628
3.78341
2.1399
2.17278
0.374972
0.257025
0.0668161
0
0
10.6769
7.44512
4.63967
7.31904
6.9276
6.6302
6.35222
4.22897
2.23448
2.19009
0.51752
0.278085
0.0977791
0
0
12.5232
8.08217
5.06648
7.35579
7.25612
6.71127
6.45706
4.78957
2.35352
2.21929
0.882726
0.290271
0.143278
0.00564682
0
14.5342
8.17115
5.42309
7.11786
7.83116
6.82201
6.48316
5.63764
2.50644
2.19985
1.55549
0.319909
0.184967
0.0246812
0
13.3982
8.20803
5.56806
6.44342
8.98164
7.20544
6.42151
6.08148
2.78824
2.22756
2.30941
0.354614
0.195761
0.0546714
0
9.86289
8.60915
5.68781
5.90916
10.0186
7.6314
6.69068
6.31307
3.3094
2.28208
2.50038
0.372149
0.231303
0.0787582
0.00564682
6.34228
9.52276
5.7981
5.81992
10.4611
8.23465
6.97399
6.17729
3.69291
2.38622
2.44799
0.417661
0.250932
0.100859
0.00564682
2.82749
10.7766
6.28538
5.91689
10.9277
9.2351
7.09057
5.94997
3.94525
2.44434
2.52409
0.437749
0.24211
0.127769
0.0179401
0.720482
12.5513
6.74142
5.98806
11.1474
10.1535
7.31612
6.00331
4.09671
2.48952
2.53539
0.442734
0.243988
0.148587
0.037069
0.026613
14.4008
7.36003
6.10448
10.8952
10.8866
7.73343
6.09849
4.23244
2.563
2.57999
0.44676
0.261104
0.159097
0.0670593
0.026613
14.3556
7.73489
6.20453
10.2158
10.6016
8.03224
6.36205
4.56483
2.82664
2.65456
0.456379
0.256322
0.182927
0.0911461
0.0423781
11.2855
8.03005
6.3118
9.21551
10.5356
8.58576
6.91417
5.10106
3.52881
2.72679
0.504134
0.282895
0.209756
0.113247
0.0572922
7.98793
8.99351
6.37842
7.91439
10.6613
9.2961
7.17984
5.90127
4.46629
2.82645
0.761888
0.3397
0.220455
0.122663
0.0633443
4.55388
10.2762
6.44335
7.03011
10.7508
9.51186
7.46322
7.07043
5.04956
3.00166
1.28345
0.375432
0.22059
0.122663
0.0696395
1.7497
11.7508
6.43483
6.69083
10.729
9.82753
7.94761
7.66221
5.04694
3.15849
1.93597
0.411015
0.220307
0.122663
0.0692343
0.550024
13.4071
6.60491
6.43267
10.6012
10.3614
8.3754
8.04602
5.18409
3.51766
2.71835
0.479857
0.214255
0.128607
0.0631957
0.163258
10.6125
6.71744
6.55461
10.4594
10.624
8.9365
8.42392
5.41199
4.19022
3.30108
0.521884
0.208243
0.137834
0.0853507
0.0573463
7.86373
7.51095
6.62198
10.3419
10.2534
9.19986
8.66203
5.50127
4.97945
3.33497
0.580082
0.237693
0.137834
0.106411
0.0573463
5.05672
8.96594
6.61277
9.89026
9.78791
8.90704
8.86866
5.913
5.40961
3.40961
0.6245
0.262982
0.143629
0.118948
0.0573463
3.16697
10.2813
6.60569
9.16182
9.36597
8.00574
9.38769
6.38147
5.32731
3.54538
0.704001
0.316708
0.160826
0.122217
0.0573463
2.53841
11.9464
6.60612
8.15233
9.17456
7.13375
9.48093
6.84382
5.14644
3.69922
0.946179
0.40349
0.165284
0.125432
0.0573463
1.84685
10.0165
6.6558
7.4215
9.20221
6.55436
8.72209
8.50128
4.70065
3.76671
1.38078
0.493475
0.192343
0.122312
0.0573463
1.13991
7.33089
6.71035
6.99066
9.50251
5.88757
7.74819
9.15856
4.28061
3.96313
1.92008
0.603371
0.215254
0.116368
0.0604669
0.527842
4.58848
7.18675
6.64353
9.80065
5.37152
6.65488
9.57619
3.93598
4.59609
2.59183
0.693099
0.225602
0.125243
0.0573463
0.144062
3.36905
8.46703
6.64962
10.2255
5.02128
5.42957
10.1846
4.14152
5.57771
3.1607
0.737882
0.262226
0.122717
0.0790554
0.0574948
3.25347
9.99592
6.75964
10.7306
4.86288
4.77336
10.4492
4.73191
6.55205
3.55552
0.776437
0.309575
0.125486
0.100562
0.0603183
3.13244
8.11726
6.79642
9.92968
6.10319
4.75357
10.4377
5.15155
7.02161
3.9118
0.797335
0.341835
0.128904
0.118462
0.0571976
2.79781
5.74569
6.87994
8.81995
7.50063
5.01357
10.3742
5.69701
6.77229
4.36891
0.827042
0.405422
0.140549
0.109978
0.0514563
2.29145
3.66388
7.06922
7.76721
9.19127
5.11658
9.55721
6.81158
6.31184
4.97226
0.968496
0.489044
0.153437
0.101008
0.0482816
1.65945
3.26278
7.08413
7.05698
10.8018
5.13866
8.70674
8.36538
6.39326
6.00656
1.31619
0.542904
0.195328
0.091835
0.0455528
1.06026
3.17818
7.86351
7.0672
11.3188
5.29216
8.53906
9.4693
6.68209
7.13817
1.79193
0.616313
0.233654
0.0764752
0.0455933
0.508713
3.05155
6.65693
7.16104
11.2189
5.59268
7.7134
10.5278
6.89456
8.19982
2.47495
0.690722
0.259159
0.0675051
0.0422295
0.134794
2.99149
4.31689
7.36106
11.0004
5.79559
6.69372
10.4019
7.24889
7.85264
3.36399
0.733032
0.307927
0.0736923
0.0515914
0.0393116
2.94827
3.18275
7.50282
9.94205
6.16788
6.31941
10.3775
7.3714
7.67629
4.5601
0.778233
0.355668
0.0919836
0.0522263
0.0362855
2.87532
3.01638
7.57496
8.85785
7.06719
6.71144
10.2385
7.17298
7.26625
6.01307
0.852277
0.372649
0.140022
0.0395953
0.0362855
2.71125
2.90175
7.55557
7.9453
7.68646
7.04121
9.93752
7.17735
7.02192
7.34061
0.978141
0.426726
0.193842
0.0306252
0.0305306
2.25362
2.81446
5.36546
7.86626
9.45572
7.32696
9.60103
7.93952
6.89572
8.36923
1.43722
0.501526
0.235072
0.0212634
0.0242894
1.64671
2.73823
3.42775
8.08889
10.6524
7.49663
9.23718
8.38937
6.99234
9.24889
2.2345
0.55817
0.265198
0.0267616
0.0157111
1.04182
2.68833
2.75219
7.30622
10.6487
7.87794
8.69997
9.04148
7.37112
9.49362
3.29932
0.637171
0.28538
0.0306252
0.0155625
0.483925
2.628
2.68765
6.44624
10.5975
8.09076
8.13894
9.16303
7.64766
9.44759
4.64078
0.736558
0.296269
0.0755835
0.0241813
0.122704
2.57666
2.5678
5.51549
9.60311
8.25883
8.30811
7.33088
7.98929
9.29116
6.02437
0.762036
0.331865
0.120636
0.0216551
0.0179401
2.55132
2.46134
3.82477
8.50889
8.51876
8.97648
6.52204
8.01661
8.66936
7.22568
0.927969
0.376823
0.164446
0.0241813
0.011888
2.55389
2.4009
2.40141
7.16664
8.87148
9.50355
5.83493
7.99761
8.364
8.24177
1.37824
0.420931
0.207122
0.0299903
0.011888
2.60074
2.41291
2.32377
5.97087
9.07493
9.49894
5.32427
8.24965
8.15316
9.12739
2.22314
0.491057
0.240922
0.0399465
0.00564682
2.20481
2.419
2.33997
4.8523
9.07611
9.05376
5.03419
8.61038
8.28992
9.84009
3.25182
0.571463
0.238585
0.0700853
0
1.64702
2.49185
2.34202
3.91735
9.91444
8.74713
4.97345
9.07805
8.57812
10.6562
4.53854
0.618839
0.238585
0.0941721
0
1.05144
2.58397
2.32468
2.88251
8.69355
8.5063
5.00532
9.58633
8.83922
11.2302
5.92562
0.688627
0.246474
0.122312
0
0.482154
2.60609
2.33013
2.28854
6.70919
8.65971
4.9758
7.96405
9.04544
11.3698
7.37732
0.907583
0.253553
0.164447
0.00282341
0.101589
2.64028
2.39059
2.29473
5.30116
8.6816
4.97085
6.48029
9.28609
10.9948
8.5993
1.52295
0.283651
0.197314
0.00926726
0.00282341
2.71948
2.43103
2.22337
4.17291
8.53096
5.15395
5.58121
9.59552
11.2404
9.83614
2.47896
0.324935
0.204893
0.0301794
0.00594402
2.80051
2.49517
2.25732
3.21128
8.54876
5.45654
5.44823
9.97518
12.0075
11.0411
3.63391
0.368988
0.222671
0.054023
0.0122393
2.44618
2.56266
2.31213
2.69673
8.71829
6.61431
5.77643
10.5754
12.1386
11.8987
4.94007
0.444761
0.222428
0.0761239
0.0211148
1.98234
2.59176
2.34382
2.62478
7.808
7.87666
6.17765
10.334
12.2716
12.5748
6.31362
0.504295
0.21416
0.103237
0.0242354
1.38856
2.72072
2.38871
2.55851
6.51122
8.81278
6.61728
10.301
12.4277
13.1538
7.64789
0.556657
0.222482
0.121379
0.0361774
0.800375
2.90911
2.43163
2.5162
5.3657
9.23844
7.22726
10.5815
11.8499
12.9413
8.9196
1.02487
0.255106
0.119637
0.0326516
0.396777
2.96444
2.46294
2.51614
4.25623
8.58642
7.95189
10.5189
10.5235
12.6967
10.0411
2.06548
0.268724
0.124946
0.0299362
0.126324
2.99308
2.51466
2.503
3.56444
8.20953
8.06596
10.3422
10.4575
12.2418
11.119
3.31109
0.316749
0.124851
0.048822
0.0297336
2.9796
2.57327
2.54601
3.29005
8.82679
7.82573
9.77928
10.3752
11.5652
12.1865
4.70882
0.370677
0.116462
0.0728547
0.0297336
2.92957
2.65784
2.60321
3.2234
9.25587
7.85577
9.52615
10.0897
10.813
12.9727
6.42152
0.409475
0.12192
0.0941721
0.0360829
2.6494
2.78905
2.66462
3.07527
7.72587
8.13943
9.41999
9.56185
10.0233
13.3648
8.24357
0.4488
0.130647
0.113247
0.0423241
2.22564
2.84732
2.72828
2.97491
6.52209
8.56507
9.58325
9.18177
9.11064
13.8085
9.76291
0.700826
0.131728
0.119542
0.0483762
1.69456
2.88131
2.7933
2.82023
5.43044
9.06758
9.71461
9.15793
8.37322
13.6011
11.1909
1.48604
0.161623
0.122663
0.0511996
1.07184
2.91228
2.75768
2.75294
4.31747
9.45956
9.84846
9.7144
7.99551
12.1755
12.5776
2.654
0.196963
0.122663
0.0483762
0.512442
2.9042
2.75448
2.67621
3.80984
9.79802
9.93552
11.2433
8.04907
10.8926
13.6177
4.18747
0.225548
0.122663
0.0515508
0.144359
2.91371
2.85337
2.62382
3.6751
8.36855
10.0265
11.459
8.47542
10.0545
14.102
6.12652
0.27591
0.122663
0.0703825
0.0543742
2.92562
2.86029
2.5534
3.57862
7.08606
10.1195
10.6546
8.83617
9.09339
14.3717
8.15835
0.354263
0.119542
0.0854452
0.0543742
2.92536
2.8969
2.49254
3.43236
6.08799
10.0015
10.2607
9.04387
8.85665
14.5569
9.88567
0.459256
0.125486
0.0947125
0.0483762
2.72652
2.89706
2.4287
3.30201
5.11514
10.0679
10.021
10.1973
9.22016
14.8003
11.5427
1.0885
0.142994
0.0979276
0.0393116
2.30236
2.91059
2.36749
3.03019
4.50965
9.87762
9.8981
11.7066
9.20273
14.6441
12.8951
2.29451
0.147101
0.101102
0.0362855
1.69985
2.95589
2.27881
2.79686
4.3059
9.36792
9.70995
12.7646
9.78921
13.6347
13.918
3.83666
0.164501
0.109329
0.0362855
1.05853
2.99084
2.22955
2.57472
4.10395
8.15392
9.31204
11.7067
10.6547
12.337
14.7762
5.84507
0.185359
0.11345
0.0362855
0.49673
3.02677
2.23277
2.31372
3.8772
7.05842
8.63983
10.3279
10.7575
11.6854
15.466
8.0268
0.180158
0.131093
0.0362855
0.135294
3.05281
2.37016
2.09855
3.68001
6.14434
8.35557
8.80376
10.4512
11.395
15.7812
9.9525
0.179604
0.152113
0.0428239
0.0362855
3.06284
2.47114
1.98026
3.35333
5.43576
8.20341
8.27462
9.73982
10.3759
16.1041
11.5238
0.477169
0.158746
0.0490652
0.0362855
3.00753
2.66305
1.84358
3.07083
5.02668
8.23022
7.90227
9.0875
9.44966
16.1941
12.8852
1.33755
0.161718
0.0550092
0.0362855
2.71567
2.87375
1.70331
2.83888
4.74448
8.5752
7.54976
9.1317
9.41294
15.8202
13.9626
2.73811
0.158557
0.0611558
0.0362855
2.26068
2.93065
1.56991
2.52215
4.41329
7.64086
7.52923
9.12267
9.10888
15.2023
14.9467
4.64111
0.153004
0.07915
0.0362855
1.64529
2.99103
1.44796
2.24749
4.15006
6.817
8.32224
9.22436
9.05152
14.0688
15.6951
6.89711
0.143426
0.0942126
0.0362855
1.02182
3.04431
1.32747
1.98011
3.77737
6.21844
9.30045
9.72152
9.3816
12.609
16.0565
9.15562
0.154531
0.10706
0.0362855
0.49673
3.04108
1.21571
1.65292
3.46487
5.83241
9.40534
10.2392
9.3495
11.3282
15.9464
11.0488
0.273925
0.118894
0.0362855
0.135294
3.02556
1.10919
1.34698
3.19468
5.64524
8.41005
10.7026
9.2355
10.2278
15.9314
12.6173
0.819316
0.122068
0.0518886
0.0391089
3.01667
1.02659
1.10534
2.83652
5.3641
7.4554
10.9947
9.01779
8.98821
15.9802
13.845
1.84735
0.122217
0.0733005
0.0422295
2.98241
1.06483
0.969172
2.50043
5.10055
6.63867
11.0039
8.75732
8.57049
15.7529
14.8235
3.37311
0.125392
0.0759348
0.0422295
2.69376
1.26853
0.930009
2.15878
4.63677
6.09383
10.4501
9.24054
8.30834
15.0364
15.6006
5.30937
0.125689
0.0700718
0.0453501
2.21429
1.62638
0.875256
1.75194
4.17012
5.72112
9.52833
9.86373
8.04714
14.2981
16.2086
7.54313
0.125689
0.0730979
0.0543743
1.61972
2.07814
0.777261
1.35476
3.76959
5.65902
8.45424
10.2384
7.85517
13.135
16.236
9.69634
0.14987
0.0706257
0.045904
1.01799
2.41131
0.730816
1.0289
3.22767
5.67173
7.44152
11.0452
7.63475
11.5493
16.0521
11.5527
0.24415
0.0673565
0.0427834
0.483842
2.61188
0.702326
0.765967
2.71743
5.6659
6.53766
11.328
7.49303
10.4506
15.9173
12.9659
0.781841
0.0734086
0.0301389
0.128904
2.71616
0.696436
0.706054
2.25444
5.32095
5.99289
10.5792
7.37402
9.40793
15.8213
14.1707
1.76098
0.0909569
0.0301389
0.0186426
2.74811
0.880592
0.694693
1.79492
4.9525
5.7729
9.56637
7.48554
8.10838
15.6119
15.0634
3.14402
0.0978871
0.0119421
0.011888
2.77003
1.38379
0.669958
1.44869
4.55862
5.82268
8.58263
7.89619
7.90923
15.1409
15.5539
4.93737
0.0974413
0.00594402
0.011888
