0.791046
1.58445
1.69287
1.69155
1.12109
1.08983
2.43736
1.24224
7.51491
9.25278
11.7394
6.33167
4.68017
4.16583
1.41497
0.647164
1.60924
1.67691
1.87438
1.137
1.05302
1.83454
1.17488
5.4443
9.59209
11.6853
8.16316
4.66158
4.92162
1.53063
0.726391
1.62575
1.69269
1.72808
1.81718
0.960339
1.60509
1.09696
3.30528
9.9167
11.538
10.0003
4.61013
5.71343
1.547
0.741228
2.43906
1.98302
1.78475
2.82727
1.00574
1.46561
1.00872
1.36773
9.91134
11.3298
11.2552
4.61577
5.63128
1.52266
0.751426
3.46197
2.90903
2.36743
3.98744
1.0371
1.29894
1.10857
0.953624
9.88219
11.1943
12.3566
4.64865
5.18691
1.68435
0.737954
1.98503
3.62551
3.65022
5.35552
1.24948
1.19422
1.35831
0.773172
8.07552
11.1456
12.2098
4.69306
4.88973
2.21576
0.704979
1.15203
3.63378
4.62985
6.14575
2.12647
1.28012
1.72284
0.765733
6.07009
10.6531
11.4743
4.8202
4.70322
2.97342
0.660246
0.824955
3.67302
5.44616
7.26017
4.34838
1.37344
2.30394
0.798722
4.17941
9.61633
11.4118
5.54152
4.6797
3.88734
0.613422
0.663672
3.23086
6.15828
8.40792
7.11174
1.52722
2.50473
0.631157
1.73422
9.27538
11.2251
6.82985
4.61963
4.79792
0.661987
0.585615
2.09571
5.04182
8.66661
9.52252
1.63424
1.75027
0.586312
0.595186
8.95988
11.0568
8.71658
4.57271
5.02504
0.837535
0.576936
1.80017
4.24702
8.51921
11.8296
2.89797
2.03188
0.71519
0.631282
6.80344
10.608
10.5043
4.58346
4.77666
0.943942
0.561751
1.82108
3.48083
8.59962
12.1393
4.74398
2.47045
0.900017
0.647247
5.38721
9.74697
11.715
4.4541
4.67701
0.956452
0.548976
1.7418
2.87383
8.0293
11.8194
6.81421
2.88371
1.11746
0.632355
4.26658
8.44024
11.6342
4.58303
4.36671
0.948163
0.530266
1.50066
2.4091
7.32787
11.5431
9.03283
3.56864
1.41632
0.625835
2.01754
8.08021
11.4307
4.94044
4.31831
0.98731
0.532969
1.19001
1.87625
6.76027
10.593
11.3318
4.4218
1.77189
0.612266
0.773312
7.36551
10.6255
6.00521
4.07852
1.32276
0.513953
0.865134
1.82947
5.53151
8.78678
12.6638
5.14061
2.18236
0.628468
0.674901
5.61981
9.65378
7.48784
3.88074
1.96065
0.501485
0.599993
1.82446
4.42923
7.44241
12.6141
6.06996
2.76328
0.616794
0.60654
4.53433
9.04027
8.98814
3.75235
2.86075
0.533011
0.495202
1.76352
3.59403
6.63616
12.6322
7.49486
3.62643
0.66905
0.566474
3.63082
8.3054
10.7575
3.78974
3.80723
0.709994
0.497751
1.59724
2.57434
6.02574
12.7268
8.79848
4.65343
0.814562
0.532899
1.85242
8.1955
11.6762
3.83132
4.58972
0.842843
0.520501
1.66204
1.57364
5.41098
12.6687
10.0584
5.83612
1.00216
0.51497
0.716208
7.43151
10.8607
4.09164
4.68249
0.982309
0.542429
1.73293
1.57832
4.7779
12.2693
10.951
7.09293
1.26789
0.519428
0.687384
6.2217
10.0797
5.0651
4.14184
1.04542
0.555371
1.44767
1.61028
3.91199
11.1049
11.5982
8.50334
1.80542
0.557544
0.683539
4.90259
9.24136
6.43464
4.1636
1.03039
0.552626
1.11279
1.67956
2.98182
9.80049
11.9369
10.0693
2.99617
0.587245
0.689111
3.45634
8.18311
8.22378
4.62115
1.18534
0.556053
0.839303
1.67929
2.15528
8.67327
12.7511
11.466
4.29293
0.626546
0.67348
1.59458
7.12454
9.86575
5.09333
1.63913
0.564788
0.636436
1.73953
1.73567
6.8285
13.6373
12.1636
5.65966
0.671585
0.664481
0.91895
5.96103
9.72101
5.56053
2.31123
0.64931
0.577619
1.68277
1.75382
5.47664
13.2258
12.4199
7.0149
0.690212
0.64623
0.804184
4.62813
8.59704
5.99426
3.0932
0.94847
0.582718
1.65734
1.82103
4.32696
13.1249
12.7036
8.15798
0.786115
0.654492
0.68691
3.56563
7.48164
6.54609
3.90929
0.964686
0.591285
1.6631
1.78294
3.4105
12.9463
12.9743
8.99848
1.2237
0.647902
0.666654
2.46678
6.26296
7.09452
4.56011
0.990319
0.591272
1.57532
1.7385
2.15273
11.7908
13.1399
9.87515
2.23923
0.654478
0.670053
1.5796
5.43203
7.33195
4.89704
0.996351
0.592038
1.34592
1.7015
1.82709
9.44137
13.2793
10.7773
3.80933
0.667671
0.663143
1.16135
4.46732
7.52969
4.88974
0.971874
0.586633
1.06225
1.66356
1.79548
7.38194
13.4008
12.0329
5.60698
0.673132
0.663282
0.975357
3.35366
7.81154
4.93401
0.890084
0.577758
0.83759
1.66909
1.81497
5.21502
13.584
13.1176
7.75481
0.686242
0.677297
0.813601
2.60526
7.14302
4.95126
0.982295
0.550578
0.664216
1.68874
1.76732
3.13593
13.4581
13.4646
9.78989
0.775722
0.643569
0.753404
1.94656
6.68161
4.97775
1.38611
0.533178
0.541384
1.69622
1.72921
1.93684
11.9906
13.6921
10.6413
0.924188
0.591842
0.715093
1.26415
6.1135
4.65788
2.10163
0.656735
0.525516
1.69393
1.70492
1.83953
9.61575
13.8061
11.1189
1.55579
0.573397
0.675681
1.06243
5.11026
4.48036
2.79614
0.720526
0.531548
1.71351
1.70385
1.83567
7.36459
13.8596
11.5236
3.46103
0.541035
0.611764
0.989762
4.26467
4.75923
3.26146
0.704073
0.525265
1.66019
1.72939
1.83003
4.97329
13.9237
11.7211
6.15258
0.527731
0.539252
0.874941
3.80086
5.02868
3.55025
0.764577
0.544337
1.40827
1.7481
1.8369
2.77164
13.6694
11.9006
8.86658
0.63007
0.50023
0.777686
3.18115
4.874
3.56874
0.852734
0.581896
1.11176
1.75491
1.81442
1.8352
11.0587
12.6316
11.3645
0.820497
0.462045
0.725541
2.54023
4.37585
3.46754
1.00985
0.626671
0.86445
1.76037
1.82125
1.88284
8.59867
13.6732
11.4981
0.959921
0.423859
0.672477
2.17329
3.82174
3.60079
1.31911
0.66501
0.749308
1.77274
1.81838
1.7411
6.29581
14.0067
11.3673
1.66886
0.408172
0.591258
1.81348
3.42111
4.089
1.63641
0.722449
0.692761
1.78603
1.82069
1.80026
3.71759
14.1284
11.1437
3.71752
0.389463
0.512211
1.48533
2.96089
3.97302
2.02316
0.94025
0.690155
1.81389
1.82529
1.78946
1.73712
13.0114
10.8007
6.56094
0.377245
0.458841
1.19138
2.62573
3.32052
2.09567
1.02484
0.662196
1.84546
1.78869
1.78814
1.80223
10.5035
10.4838
9.2421
0.381118
0.406445
0.861079
2.43084
2.7717
1.93444
1.01152
0.59279
1.84552
1.76069
1.80375
1.78553
8.04202
10.4451
10.0601
0.485366
0.414888
0.677674
2.22013
2.28686
1.62684
0.954558
0.514497
1.56032
1.75081
1.76146
1.78911
5.66545
10.5145
9.62957
0.719746
0.435436
0.604046
1.93457
2.04557
1.28072
0.972989
0.437874
1.21975
1.74135
1.75175
1.80459
2.9894
11.6975
9.21628
1.24696
0.456361
0.575041
1.60643
1.77253
1.05092
1.058
0.371645
0.89585
1.75388
1.75746
1.7889
1.93616
11.5235
8.76735
2.8044
0.44881
0.538082
1.41659
1.35738
0.800046
0.829051
0.354147
0.591758
1.80476
1.76345
1.77596
1.80349
8.85797
8.09289
4.60926
0.419708
0.504716
1.25551
1.17956
0.63046
0.61965
0.340704
0.398003
1.86719
1.79121
1.76966
1.8444
6.38137
7.70769
6.17449
0.420627
0.519915
0.959545
0.976109
0.561208
0.527007
0.44236
0.386064
1.86802
1.79181
1.73174
1.6537
4.14158
7.59829
7.58142
0.466113
0.505218
0.763699
0.779971
0.447222
0.453087
0.684486
0.654617
1.87752
1.79783
1.70334
1.63803
2.03979
7.95156
7.48564
0.731044
0.467311
0.653976
0.631881
0.354454
0.406041
0.821988
1.16948
1.80144
1.82262
1.70686
1.85255
1.5076
7.95683
7.47756
2.10829
0.450175
0.594016
0.578106
0.35189
0.380561
0.550773
1.30227
1.48797
1.86752
1.71989
1.84645
1.55437
6.56274
7.46412
4.111
0.492457
0.52943
0.601121
0.317717
0.372411
0.482538
1.62089
1.26099
1.90491
1.74524
1.85403
1.39892
4.38668
7.37896
5.83296
0.533443
0.495187
0.575961
0.343169
0.44725
0.808823
2.71156
1.24072
1.8254
1.75481
1.81207
1.34438
2.41811
7.20621
7.46114
0.514064
0.457726
0.559912
0.389644
0.783133
1.45965
4.26895
1.22452
1.79333
1.76119
1.77996
1.3682
1.23869
6.77462
7.88826
0.503588
0.484042
0.529403
0.797037
1.62173
2.63964
6.20065
1.19476
1.78627
1.78245
1.81197
1.62493
1.40588
6.50534
7.75155
0.475475
0.474639
0.536801
1.45959
3.16357
4.47867
7.57734
1.25506
1.82585
1.8081
1.82358
1.80686
1.47942
5.99913
7.75999
0.643067
0.45338
0.710704
2.57688
5.38675
6.59819
8.57518
1.31822
1.85056
1.84319
1.86189
1.88611
1.55162
5.02253
7.74684
1.27278
0.458966
1.20907
4.34113
7.84535
8.61274
9.60852
1.4353
1.87787
1.81472
1.89353
1.93124
1.5893
3.67695
7.71518
2.25624
0.60661
2.17405
6.38263
10.1159
9.82859
10.322
1.51173
1.93992
1.81729
1.8265
1.93728
1.59722
2.81347
7.55416
3.85423
0.934971
3.52502
8.31868
12.0856
10.5971
10.9378
2.20263
1.70926
1.8041
1.76182
1.86807
1.58251
1.99151
7.16985
5.92144
1.38069
5.29636
9.99064
13.1773
11.0575
11.4734
3.9375
2.21351
1.81307
1.70247
1.77117
1.69854
1.62467
6.91681
7.44583
2.24703
7.12521
10.9249
13.4877
11.4067
11.7327
6.05767
2.86844
1.8317
1.67794
1.7198
1.78867
1.69747
6.6511
8.16124
3.21687
8.33127
11.1919
13.6255
11.539
11.6932
8.52854
3.84133
1.80555
1.66957
1.66741
1.81564
1.76509
5.70919
8.43333
4.28749
8.71754
11.365
13.4414
11.6621
11.8141
11.2471
5.3553
2.69778
1.6603
1.63996
1.8947
1.78075
4.83967
8.25164
5.2234
8.4773
11.2605
13.0055
11.831
11.8684
12.7871
6.60459
5.22565
1.66029
1.6334
1.88422
1.74626
3.91589
8.06589
6.00356
7.62413
11.2191
12.8715
12.1191
11.9031
13.269
7.18534
7.98289
1.78185
1.69432
1.87583
1.6953
2.7417
7.75963
6.56827
6.86656
11.363
12.668
12.3123
12.032
13.0988
7.22633
10.7564
3.27951
1.82948
1.85963
1.62818
1.9879
7.51894
7.12149
7.05292
11.5124
12.3177
12.8521
12.2045
12.7888
7.20086
9.68755
5.85756
1.82614
1.86598
1.66606
1.65747
7.27612
8.43202
7.33425
11.5147
12.2279
13.3987
12.3555
12.4881
7.22564
8.11931
8.66383
1.92419
1.8557
1.69861
1.75735
7.10176
8.37745
7.50952
11.5123
11.9768
13.7274
12.3969
12.2093
7.28209
7.41798
11.5727
2.94629
1.86116
1.70906
1.89999
6.58678
7.01593
7.63864
11.5082
11.7129
13.6018
12.42
12.0845
8.62466
7.35785
14.1965
5.59866
1.90378
1.67786
1.90096
5.78399
6.04566
7.73478
10.8258
11.7099
13.3086
12.4787
12.1102
11.32
7.39806
15.5861
8.55058
1.85974
1.71993
1.90467
5.22083
5.10467
7.76678
10.0629
11.6203
12.9166
12.567
12.2953
12.5943
7.40082
15.808
11.2114
2.70352
1.66374
1.86497
4.10708
4.2788
7.81566
9.08654
11.6736
12.7711
12.6563
12.6166
12.8524
7.41315
14.8889
13.879
5.29337
1.63287
1.63602
4.19137
3.4288
6.9613
8.09991
11.7358
12.513
12.7501
12.8308
13.0612
7.45499
12.3258
15.5641
7.89412
1.7044
1.70077
4.25208
3.01188
5.49624
7.96035
11.7631
12.195
13.1637
12.8979
13.2219
7.51891
9.78336
15.5261
10.6972
2.25226
1.68963
4.17427
2.60322
4.37423
7.92716
11.7974
12.168
13.6768
13.061
13.5259
7.57184
8.29618
15.471
13.7503
4.27593
1.72418
3.93336
2.26598
3.11445
7.98408
11.7634
12.0231
13.5256
13.1798
13.6196
7.6982
7.61562
15.5024
15.4265
7.08221
1.84481
3.86632
2.48877
2.46547
7.95293
11.3827
11.9315
13.5275
13.2951
13.5796
9.22864
7.6197
15.5734
15.4298
10.0613
2.09401
4.17351
3.10606
2.50227
7.23091
10.5956
11.9817
13.3986
13.3864
13.6478
12.1834
7.60151
15.5579
15.4108
12.8155
2.38301
4.4073
4.00927
2.48698
5.88328
9.87519
11.9932
13.02
13.4623
13.5427
13.5329
7.51886
15.6789
15.4264
15.1634
3.72397
3.33282
4.73244
2.43648
4.27566
8.97614
11.868
12.7917
13.6781
13.4836
13.3905
7.48863
15.4296
15.448
15.7153
6.3908
3.08524
5.37727
2.38023
3.02179
7.56367
11.8716
12.4751
13.84
13.4741
13.3075
7.58398
12.9299
15.4817
15.5097
9.10791
3.62413
5.65866
2.43016
2.74476
6.07641
11.6842
12.108
14.3249
13.4422
13.3372
7.81191
10.4568
15.4919
15.4852
11.9765
4.19438
5.6449
2.57935
2.85954
5.1474
11.3175
12.0412
14.173
13.3588
13.4589
8.04906
9.00947
15.5084
15.5389
14.3962
5.13418
5.48384
2.80545
2.87514
4.50605
11.1024
11.8565
13.8721
13.2124
13.5033
8.12004
8.22928
16.0037
15.4738
15.0126
5.46761
5.58795
3.14541
3.19645
3.60009
10.7578
11.825
13.6838
13.0336
13.5321
9.51256
8.12735
16.7484
15.5558
14.8193
7.09334
5.59369
3.55685
3.51039
3.22311
9.05745
11.7936
13.3063
12.8587
13.2683
12.1492
8.08077
17.277
15.8736
14.7749
8.84136
5.81907
4.05017
3.55114
3.17298
7.40028
11.7241
12.7181
12.6932
12.919
13.6206
8.014
17.9681
16.4975
14.5663
10.7673
6.1668
4.3455
3.39716
3.04544
6.12812
11.5729
12.4196
12.7218
12.5726
13.6597
7.91741
17.6845
17.0636
15.0245
13.1487
6.01921
4.75925
3.68629
3.16604
5.26158
11.4657
12.1113
12.6447
12.5137
13.5825
7.82076
14.6482
17.8649
15.7635
14.4431
6.26692
4.77871
3.93647
3.3254
4.58321
10.5736
11.7834
12.8591
12.6298
13.4644
7.68375
11.3337
18.52
16.5721
14.4571
7.5217
4.63313
3.97957
3.56079
4.99944
9.40242
11.7711
13.2652
12.8506
13.3158
7.56075
9.13112
18.7611
17.6369
14.5573
9.25878
4.67357
3.74915
3.99123
5.57811
8.99938
11.64
13.5955
13.1953
13.1971
7.41011
7.89972
18.7682
18.5001
14.8859
10.9176
4.9509
3.57889
4.64827
6.03152
8.20294
11.4747
13.461
13.6261
13.0875
8.40509
7.2431
18.7851
18.784
15.5242
12.792
4.97822
3.44887
5.1468
5.83934
7.50363
11.4496
13.1266
14.0319
13.0055
11.1006
7.07631
18.8363
18.743
16.1488
14.2362
5.31798
3.3724
4.77186
5.99045
7.45759
10.5751
12.7042
14.3925
13.1136
12.646
6.94337
18.948
18.7029
17.3014
14.9304
5.80527
3.37214
4.45768
5.99756
7.11709
9.88327
12.6093
14.6602
13.3097
12.8824
6.89716
17.5841
18.7105
18.3808
15.1526
6.36656
3.3149
4.14388
6.10414
6.69822
9.21354
12.4615
14.4155
13.9279
12.9581
6.88497
14.5385
18.7538
18.8894
15.7385
7.66349
3.28978
3.55579
6.08616
6.20628
8.30094
12.3865
14.2022
14.4369
13.0779
6.95611
11.1786
18.7515
18.9332
16.5004
9.53094
3.30704
3.3693
6.03598
5.99594
7.54299
11.9552
13.8314
14.6165
13.1836
7.08977
8.80478
18.7481
18.8169
17.282
11.6775
3.61496
3.34607
5.95922
5.89776
7.18529
11.4877
13.3398
14.7427
13.4072
7.20815
7.64229
18.5499
18.7793
18.2043
13.8642
4.15668
3.42962
6.01473
5.8904
6.8119
10.8688
13.1279
14.5697
13.6069
8.40877
7.30364
17.6198
18.8494
18.7243
15.654
4.64383
3.54884
6.06708
5.99582
6.70256
9.863
12.9609
14.3418
13.8142
10.958
7.28676
16.7684
18.7468
19.015
16.744
5.45339
3.6915
6.22227
6.20734
6.74312
8.78524
12.7867
14.1708
13.8412
12.619
7.19254
16.0607
18.2839
18.979
17.5397
6.81929
3.87528
6.29726
6.53911
6.58172
8.24164
12.3189
13.9909
13.8816
13.3778
7.19172
14.3037
17.6793
18.7328
17.8226
8.70314
4.08378
5.93367
6.76301
6.71512
7.36741
10.7709
13.8361
13.7865
13.4483
7.19104
11.7563
16.8043
18.2211
18.1107
10.9789
4.23465
4.99777
6.98261
6.88164
6.82115
9.15373
13.8254
13.6061
13.503
7.15494
9.33935
16.011
17.625
18.4985
13.2681
4.28483
4.44606
7.00663
7.00726
6.50183
7.73512
13.5616
13.3896
13.6664
7.09566
7.85058
15.547
16.9924
18.6084
15.204
4.52922
4.29263
6.99314
7.10799
6.64379
6.7892
12.9223
13.1537
13.2666
7.07896
7.07934
15.2522
16.3149
17.859
16.7103
5.43557
4.23242
6.85958
6.95214
7.11921
6.48345
11.22
12.977
12.911
8.3976
7.0506
15.1571
15.8316
17.0976
17.5158
6.56081
4.18166
6.78895
6.85533
7.59934
6.45829
9.41079
12.7336
12.6833
11.0944
7.02176
15.0389
15.3787
16.4396
17.8624
8.24104
4.22082
6.76619
6.72983
7.51431
5.96566
7.56239
12.7705
12.5321
12.6443
7.02822
14.8814
15.142
16.0613
17.8089
10.2622
4.34251
6.80073
6.62887
7.61214
5.512
6.01577
12.9658
12.4498
13.1973
7.04071
14.7405
15.1646
15.7749
16.8683
12.1575
4.47495
6.04585
6.48318
7.68515
5.56297
5.28528
13.0269
12.3763
12.7244
7.03934
14.6335
14.88
15.6548
16.2316
13.8065
4.63676
5.04824
6.30278
7.62136
6.48366
4.68896
10.7516
12.28
12.2584
7.03803
13.9607
14.6279
15.4543
15.5769
15.5998
4.76283
4.76153
6.13898
7.10422
7.39505
4.4774
8.44469
12.2881
12.1369
6.97616
11.5606
14.628
15.5197
15.3567
16.9443
5.42679
4.83845
5.97362
6.56954
8.28939
3.8773
6.03566
12.6987
12.1061
6.80914
9.23215
14.4876
15.5912
15.3477
16.1309
6.48479
4.90394
5.90656
6.24565
8.45916
3.67492
3.93907
13.1507
12.1918
7.73365
7.72045
14.4754
15.6092
15.3009
15.6853
7.76007
4.99788
5.9719
6.08523
8.43131
4.14323
3.56464
12.8908
12.2356
9.85859
6.85816
13.8783
15.3286
15.2723
15.6126
9.60552
5.11402
6.05115
6.15211
8.26776
4.99814
3.06731
10.4279
12.2607
10.9674
6.5608
11.8389
14.9596
15.2696
15.5528
11.3127
5.27092
6.40478
6.07646
8.0149
5.90869
3.28387
8.29796
12.2417
11.2541
6.05716
9.58971
14.4809
15.182
15.4061
12.5234
5.43995
6.93508
6.1082
7.94491
6.55186
3.32672
6.22156
12.516
11.1148
4.57575
7.57317
12.3666
15.052
15.439
13.5212
5.60964
5.97034
6.18606
7.81367
6.60906
3.74473
4.33857
12.8897
10.9245
3.3294
5.19346
9.87281
14.8989
15.2334
14.529
5.78688
5.82404
6.39578
7.11901
6.51102
5.02481
3.82935
11.1776
11.0976
2.71543
3.28058
7.90355
14.5245
14.974
14.8667
6.34116
5.94654
6.59936
6.9809
6.76651
6.31771
4.2046
8.91762
11.2535
2.85789
2.86932
5.7982
14.2617
14.6028
14.9219
7.28562
6.13043
6.80741
6.98983
7.00062
6.29836
4.25042
6.94947
11.2701
4.18202
2.96832
4.071
13.5103
13.3458
14.9528
8.6345
6.30516
6.9037
6.98432
7.46068
6.21032
4.66908
5.43023
11.6984
5.97531
3.1208
3.93638
13.3999
12.5595
15.0153
10.0155
6.3931
6.99855
6.91333
6.88165
5.95798
5.11147
4.75312
11.9019
8.00411
3.31661
4.01399
11.8763
11.6619
13.2283
11.3333
6.38503
7.53079
7.01306
6.35508
5.62774
6.53165
4.63317
9.66096
10.4015
3.54888
4.11324
10.3398
10.4565
10.6109
12.5969
6.4238
6.95773
7.19345
6.0354
5.29223
6.08781
4.82626
7.51097
11.3834
3.7234
4.35769
7.73086
10.1488
9.94922
13.6371
6.7226
6.56088
7.46058
5.99614
5.08849
5.13016
4.4134
5.64558
11.8406
3.78743
4.71071
5.78662
10.6341
9.76736
11.9176
6.98045
6.74514
7.7445
6.1355
5.13251
4.91777
4.35209
4.38202
12.2566
3.73402
4.31619
5.56565
10.7675
10.1499
10.6286
7.87541
6.89274
7.96634
6.36433
5.67459
4.79004
5.36866
4.2222
12.5152
3.59128
3.56658
5.99052
12.0728
10.7621
10.4289
9.06786
6.98628
8.00108
6.55063
6.33848
4.76536
6.93878
3.64697
11.2211
4.72048
3.22438
6.08265
13.3611
11.7909
10.135
10.2425
6.97709
8.3025
6.79997
6.6987
4.94764
8.17768
3.29083
9.07297
6.85911
2.88247
5.81069
10.9731
13.3196
10.2926
10.097
6.90476
7.53304
7.88904
6.97559
5.2359
6.82719
2.9878
6.85826
9.49367
2.59004
5.59113
9.15791
13.9738
10.9571
10.0537
6.88179
7.1037
8.044
7.35542
5.1603
5.7681
3.0153
4.87513
12.5172
2.69618
5.68607
7.28122
13.3608
11.7308
9.89161
6.92397
6.92027
8.12662
7.68947
5.02344
4.71453
4.29199
3.03443
12.574
3.06186
5.36601
6.06393
12.0653
13.5467
9.48378
7.47185
6.87524
8.17205
8.06765
5.06156
4.29949
5.84973
2.66973
10.3727
3.57571
5.51298
5.94523
10.485
12.9689
10.2455
7.77169
6.80921
8.15642
8.42694
6.02297
4.07701
7.22886
2.50157
8.04484
4.21121
5.0541
5.75888
9.27432
10.8084
11.3149
7.68047
6.75589
8.20893
8.68302
7.36498
4.0968
8.77381
2.5313
5.74902
4.82232
5.01727
5.97212
8.63993
8.62355
12.4855
7.09905
6.69937
7.62926
8.78193
8.42315
4.27207
9.51649
2.43184
3.63158
5.92845
5.53232
6.52727
7.89646
7.13028
15.4705
7.23544
6.70404
7.22522
8.57022
8.90715
4.61332
7.75517
2.62523
2.4853
7.06156
5.07947
7.52532
7.29432
5.27947
18.3327
8.882
6.75394
6.81339
8.64362
8.73969
5.14938
6.51479
2.73022
2.22439
10.0122
4.05377
9.78681
7.12955
4.24205
15.3193
10.0652
6.92696
6.91194
8.6371
8.63124
5.84754
6.3872
2.84013
2.28179
8.02265
3.36455
10.8695
7.08053
4.09016
12.0301
10.1087
7.38018
6.97319
8.54078
8.57273
7.01932
6.66255
3.21748
2.06644
5.39685
2.81611
8.63199
6.10363
4.24489
9.06344
11.3721
7.71016
6.9934
8.33886
8.49281
8.30321
7.61175
4.09443
2.02876
2.86922
2.16265
5.56772
6.71241
4.41623
6.2457
10.0239
8.60916
7.10939
7.87113
8.53422
9.91804
8.52075
5.66109
2.09227
2.02975
1.78985
2.62343
9.01452
4.67843
4.89884
9.02295
9.17658
7.16517
7.40489
8.80644
10.0273
9.34401
7.50611
2.08466
2.11866
2.11485
1.38032
11.2052
5.55151
5.04332
8.82136
9.54828
7.28766
7.47023
8.71764
9.67986
10.0143
9.29047
2.16342
2.13628
4.15496
1.31479
12.7075
6.1356
5.29939
9.14206
9.43832
7.48826
7.46227
8.3946
9.7938
10.3718
11.013
2.25531
2.1956
4.14726
1.30994
9.49919
6.37584
5.66964
9.08016
9.35037
8.01431
7.49014
8.58709
9.62089
10.4427
11.3678
2.26013
2.28069
2.30535
1.25567
6.5469
7.62289
5.95144
9.05406
9.23562
8.13562
7.52234
8.67613
9.59951
10.3642
11.0015
2.36807
2.30974
2.3546
1.22365
3.55451
10.0344
6.02704
8.82996
8.99699
8.3194
7.6081
8.11208
9.5637
10.4313
10.9675
3.03042
2.3282
2.3321
1.18497
1.89205
12.4003
6.10998
6.9101
8.76356
8.39639
7.86297
8.0796
9.77406
10.2845
10.542
4.32141
2.38868
2.32132
0.999667
1.70065
13.3335
6.2908
6.15879
8.49953
8.1971
8.15653
8.32733
10.0311
10.3307
9.87349
6.43882
2.48028
2.29819
1.00947
1.40658
10.2268
6.38892
6.15406
8.18277
8.07173
8.42181
8.48224
10.3257
10.7035
9.40839
8.58584
2.50388
2.27539
1.01448
1.06042
7.30287
6.49896
6.15877
7.76924
8.05883
8.16915
8.78659
10.4587
10.7403
8.85042
10.365
2.66876
2.23219
1.09898
1.00206
4.34605
8.21599
5.95932
7.41916
8.21177
8.24805
8.88611
10.6423
10.9112
8.2351
11.3392
2.88261
2.24005
1.53292
1.00699
2.30532
10.4765
5.80234
7.02532
8.52422
8.29576
8.79659
10.639
11.1027
7.61277
10.433
2.9866
2.23824
2.03171
1.01799
2.15567
12.5141
5.92527
6.89847
9.1999
8.27974
8.47437
10.3604
10.7269
7.20494
8.65859
3.19365
2.21156
2.40379
1.03444
2.09303
10.8523
6.36413
6.89989
9.27081
8.08574
8.13823
10.1428
10.314
6.87087
7.42882
3.66561
2.23858
2.35092
1.04397
2.05542
7.93204
6.88824
6.89706
8.45078
7.99514
7.78913
10.1931
9.6312
6.58
6.81562
4.69164
2.27548
2.31861
1.06573
1.87246
5.00176
7.16005
6.93096
7.58421
7.83931
7.34626
10.2515
8.69599
6.81004
6.29475
6.47313
2.35974
2.31574
1.07247
1.52664
2.66742
8.43775
7.00216
7.06924
8.34772
6.83299
9.77374
7.9251
7.45931
5.85554
8.42032
2.42822
2.40011
1.06817
1.13931
2.24497
10.248
6.98545
7.16202
9.01683
6.61841
9.98778
7.35311
8.97435
5.32521
10.1313
2.55232
2.4617
1.09408
1.05447
2.22077
11.9088
6.83597
7.38945
9.22953
6.64082
9.58489
7.33434
8.90747
4.99907
9.76982
2.6964
2.55532
1.51929
1.02222
2.17615
8.84177
6.46863
7.27464
9.7653
6.57101
7.96584
7.51171
7.813
4.90986
8.34363
2.7297
2.59377
2.02218
0.999737
2.10922
5.8618
6.16053
7.22014
10.2282
6.29262
6.84078
7.92643
7.56597
4.90622
6.69092
2.98584
2.59658
2.65156
1.02543
2.05417
3.18298
5.94316
6.45875
10.1302
5.73454
6.05667
8.30039
7.36724
5.1116
5.51853
3.88255
2.56177
2.83968
1.0609
2.09035
2.3442
5.99154
5.86844
9.05664
5.79373
5.19411
9.34494
7.40554
5.62432
5.40507
5.46296
2.51997
2.82553
1.08714
1.93132
2.34449
6.87318
5.83754
8.85611
6.05582
4.70735
10.4662
7.45038
6.98171
5.60996
7.58161
2.53502
2.77092
1.11126
1.61047
2.31681
8.55963
5.60237
8.99516
6.89698
4.55738
10.6731
7.75239
8.04437
5.7837
9.62635
2.60455
2.73342
1.11102
1.21134
2.28565
6.60112
5.59172
9.24767
7.84269
4.70039
9.5426
8.27588
7.92884
5.87735
10.5264
2.69391
2.69664
1.10582
1.10203
2.25237
3.64108
5.89246
9.57565
8.48142
5.11621
8.85191
8.90495
8.06127
6.00544
9.33084
2.73162
2.71944
1.51576
1.07673
2.22942
2.31542
6.96361
9.75799
9.20139
5.6854
7.86048
9.41436
8.45031
6.1756
8.44533
2.71324
2.70118
2.05797
1.07902
2.22084
2.31325
8.77601
9.98968
9.90038
6.47911
7.41435
9.99552
8.64672
6.3417
7.08013
3.02607
2.66993
2.69724
1.05751
2.14634
2.27829
9.98248
10.3464
9.82861
7.25703
7.48036
10.1836
8.89082
6.54964
6.63526
4.2598
2.57726
2.86447
1.01691
2.08434
2.26538
7.17516
11.0827
10.1929
7.75025
7.63154
9.8862
9.11406
7.47241
6.89709
5.95505
2.54019
2.835
1.00365
1.96014
2.26467
3.96766
12.5033
10.5403
7.84347
7.56353
9.48222
9.40543
8.341
7.42001
8.10078
2.53835
2.78006
1.03242
1.54994
2.24074
2.32934
14.7624
10.7882
8.0342
7.38191
9.09278
8.76153
8.84776
8.01042
10.262
2.63024
2.72461
1.07218
1.14922
2.26701
2.27176
14.2753
10.9808
8.26021
7.32285
8.9832
8.41291
9.68029
8.48846
10.8686
2.68875
2.59534
1.10666
1.04238
2.28558
2.28049
10.9662
11.1296
8.29051
7.46456
8.63467
8.41492
10.1265
8.67565
10.0477
2.70211
2.47447
1.52545
0.985833
2.32136
2.2769
7.5547
11.2245
8.69397
7.47604
8.71435
8.62535
10.1108
8.7428
9.4303
2.8188
2.41371
2.0202
0.958013
2.36763
2.27671
4.18951
11.4488
9.38
7.30569
9.14551
8.82374
9.75897
9.11006
9.06358
3.75525
2.41772
2.6055
0.985513
2.40372
2.258
2.43526
12.8332
9.54793
7.31986
9.30019
9.04575
9.45128
9.58348
9.39073
5.44306
2.29909
2.4399
1.04223
2.49947
2.23448
2.29242
14.2297
10.2064
7.5311
9.88978
8.5492
9.01212
10.2701
9.72937
7.24066
2.15201
2.21123
1.03526
3.62973
2.20056
2.24585
11.1855
10.9803
7.87505
10.5827
7.89938
8.03002
10.6482
10.0449
9.29757
2.05116
2.01342
1.00259
2.7139
2.17924
2.18279
7.8458
11.015
8.25876
10.1481
7.64683
7.37154
10.607
10.3487
11.0424
2.09616
1.97519
0.99156
1.03477
2.17243
2.15146
4.56701
10.8462
8.50998
9.55176
7.93504
6.85267
10.1209
10.0412
10.0417
2.34532
2.03801
1.22453
1.02864
2.16935
2.13901
2.50405
11.4763
8.67879
9.23958
7.61157
6.53133
9.17897
9.86816
9.6138
2.85737
2.16851
1.98152
1.07233
2.17965
2.1546
2.28507
12.6157
9.32094
8.64546
8.10888
6.45044
7.96441
9.93299
9.19654
3.75335
2.35589
2.76285
1.0444
2.10957
2.16732
2.28735
11.8517
10.3339
8.86148
9.47982
6.54843
7.32837
10.3547
8.75169
5.50082
2.53726
2.70293
0.948051
2.02741
2.13289
2.31236
8.59099
10.571
9.08543
10.1855
6.27223
6.68331
10.7894
8.25605
7.38921
2.77581
2.7042
0.965368
2.06229
2.08213
2.28966
5.36622
10.5951
9.24307
10.8676
6.40803
6.08473
10.815
7.66969
9.02099
3.06392
2.66153
0.955909
1.70292
2.10057
2.27627
2.84605
10.6651
9.42398
10.6105
6.79067
6.01685
10.8856
7.35081
7.83592
3.43009
2.56985
0.953652
1.35613
2.11352
2.31117
2.31862
11.1627
9.33324
9.82854
7.46667
5.85939
11.0113
7.07716
7.06086
3.79671
2.56152
0.95648
0.98263
2.09046
2.24884
2.35152
12.5904
9.19699
9.30822
8.35171
5.6987
11.073
7.48681
6.49414
4.42954
2.45643
1.17757
0.941881
2.07853
2.18721
2.33481
9.42021
9.21542
9.13405
9.0771
5.69859
10.334
8.46574
5.87695
5.51028
2.32939
1.85664
0.944945
2.01561
2.03363
2.34699
6.2167
9.45837
9.15958
10.2241
5.6842
8.65374
10.2226
5.58197
6.61364
2.29071
2.53413
0.964003
1.96726
1.97833
2.34023
3.42565
9.41189
9.18579
11.4807
5.57212
7.26389
11.474
5.33923
7.39414
2.48995
2.40825
0.990054
1.90723
1.94212
2.34576
2.41794
9.73594
9.01461
11.5073
5.41359
6.21514
11.5033
4.90416
5.87214
2.78158
2.56609
1.00167
1.86476
1.93274
2.36813
2.32376
9.75747
8.8614
10.3307
5.75088
5.44229
11.5206
4.54095
4.30909
3.24082
2.74765
0.98242
1.69244
1.92718
2.36403
2.29044
9.91775
8.76998
9.50565
6.4994
5.81326
11.5529
5.02927
3.84065
3.6964
2.89209
0.918225
1.42174
1.92718
2.27799
2.28119
11.0875
8.67501
8.77129
8.26547
6.49038
11.5783
6.7288
3.58052
3.99481
2.93147
0.882393
1.06694
1.88891
2.19973
2.24944
8.74485
8.4991
8.65644
9.98779
7.2842
11.5747
8.65133
3.57755
4.48363
2.99998
0.885652
0.91991
1.87054
2.12001
2.30542
5.5289
8.51048
8.38
11.2137
8.17693
11.5177
10.4761
3.58364
4.87046
3.03806
1.13778
0.911007
1.82239
1.98854
2.2763
2.92666
8.68596
8.13339
10.9357
8.95776
11.4341
11.5734
3.47639
4.57357
3.1467
1.57763
0.907065
1.78167
1.90665
2.28835
2.2358
8.85605
7.999
10.1609
9.75976
11.2366
11.3928
3.48711
3.69424
3.07469
2.236
0.906634
1.78541
1.89417
2.25815
2.28933
9.54859
7.9228
8.88794
10.4246
11.1149
11.3789
3.92748
3.69866
3.04259
2.92764
0.90662
1.83632
1.87402
2.17123
2.27554
9.0538
7.83532
8.01175
10.9336
10.8961
11.4039
4.88161
4.12461
2.97699
3.08441
0.922153
1.76562
1.88068
2.10885
2.18913
5.94325
7.70495
7.43861
11.1236
11.0641
11.4586
5.99171
4.42463
2.94021
2.99623
0.91176
1.42089
1.87745
2.03578
2.24214
3.14681
7.87701
6.37815
11.0773
11.0886
11.5031
7.83745
4.47884
2.97993
2.91718
0.918099
1.06092
1.83886
1.95335
2.22052
2.24004
8.06581
5.27582
10.2172
11.0293
11.5581
9.82589
4.6602
3.09848
2.83628
0.934106
0.94989
1.80534
1.87429
2.20497
2.21117
8.86946
4.54952
8.57838
10.8352
11.6325
10.9404
4.78232
3.36449
2.81526
1.30593
0.946408
1.81189
1.82383
2.20177
2.19723
8.602
4.37281
7.10465
10.5306
11.4892
11.9703
4.95796
3.56832
2.76847
1.99072
0.923978
1.8198
1.76985
2.14047
2.18291
5.54762
4.63731
6.06797
10.116
11.0396
12.0378
4.91658
4.15813
2.62255
2.64775
0.89815
1.85371
1.65635
1.87203
2.16676
2.89316
5.21106
5.31916
9.56969
10.3955
11.6847
5.13531
4.77347
2.56093
2.64081
0.885529
1.93427
1.5581
1.6386
2.1775
2.21068
5.88141
5.78094
8.91037
9.16382
11.6625
5.98941
4.84463
2.59373
2.44847
0.916303
1.74686
1.51102
1.48416
2.19841
2.26298
6.94647
6.36824
8.39091
8.49156
11.5726
6.88925
5.14966
2.79216
2.18409
0.966218
1.43542
1.56218
1.37595
2.16035
2.30154
8.67799
7.07864
8.14533
8.08299
11.5913
8.02902
5.31897
3.01417
1.89867
0.986752
1.07314
1.71792
1.30518
2.00826
2.28992
5.71747
7.84101
8.24728
8.03395
11.5581
9.26375
5.22022
3.53565
1.77734
1.03381
0.974758
1.86008
1.30223
1.81979
2.23004
3.01839
8.5317
8.43775
8.17566
11.4312
10.1364
5.19265
4.55848
1.80916
1.17629
0.941226
1.9491
1.34254
1.61384
2.15927
2.30635
9.01511
9.02108
8.33999
10.2256
11.3249
5.30519
5.69841
1.92392
1.19953
0.855339
1.87482
1.35603
1.40186
2.05063
2.28986
9.59839
10.0352
8.46635
9.40954
12.0293
5.58153
5.76425
1.87702
1.38368
0.763504
1.82732
1.3668
1.36021
1.92777
2.3189
8.12679
10.0733
8.53272
8.8972
11.8416
5.9446
5.70716
1.83801
1.54713
0.667141
1.78365
1.49814
1.37304
1.81886
2.26304
5.24158
10.2314
9.06355
8.6787
11.8937
6.5289
5.53021
1.81954
1.53861
0.615665
1.60436
1.68184
1.38612
1.70242
2.23469
2.65454
9.9287
9.57135
8.77062
11.8134
7.137
5.22294
2.22505
1.51898
0.577493
1.30917
1.85565
1.40464
1.57823
2.15502
2.19047
8.80832
10.2931
8.68501
11.8961
8.45014
5.1222
3.11945
1.47978
0.563158
0.972404
2.03897
1.44664
1.47829
2.06035
2.2305
7.30885
10.6259
8.39661
11.2969
9.94588
5.20204
4.36084
1.44637
0.556193
0.731281
2.01888
1.47491
1.4837
1.95881
2.21502
5.62846
10.8124
7.55991
10.1061
10.9468
5.3408
5.64649
1.46001
0.547444
0.548099
1.91685
1.53569
1.49061
1.82457
2.19927
3.46368
10.0487
6.67367
8.73657
12.1457
5.42183
5.56605
1.50735
0.599059
0.531994
1.85668
1.69006
1.51455
1.69031
2.22828
2.36439
8.2001
6.1857
7.90953
12.569
5.41418
5.43479
1.60973
0.784596
0.523343
1.80772
1.84875
1.51508
1.58989
2.17995
2.12991
5.94791
6.08638
6.8388
12.6546
6.01487
5.35698
1.92998
0.945335
0.526923
1.69221
2.00605
1.47676
1.47538
2.0826
2.02326
4.10444
6.54084
5.98483
12.628
6.98214
5.26036
2.848
1.0255
0.549757
