0.63269
1.62241
1.73673
1.69162
1.12256
1.10546
2.53518
1.25805
7.36247
9.7127
11.8308
6.51105
4.68785
4.15772
1.46533
0.627347
1.60342
1.75215
1.85696
1.16055
1.05303
1.84223
1.18152
5.41242
9.92621
11.7073
8.32011
4.72834
5.07827
1.54122
0.714182
1.66352
1.79033
1.74094
2.08465
1.03145
1.60931
1.1235
2.93802
10.1253
11.6165
9.91343
4.64452
5.8426
1.52685
0.722728
2.61713
2.43314
1.99746
3.19737
1.0235
1.48613
1.01142
1.2385
10.1331
11.4819
11.4971
4.60042
5.6388
1.55799
0.720418
3.50613
3.50847
2.8222
4.47673
1.16084
1.27296
1.17581
0.946767
10.1707
11.4141
12.6879
4.64454
5.34735
1.68147
0.706543
1.95573
3.94903
4.13209
5.8945
1.32911
1.25125
1.39638
0.823537
7.98432
11.3411
12.1021
4.70827
5.07487
2.1649
0.669879
1.07776
3.94113
5.06394
6.60814
2.47216
1.3578
1.72298
0.840176
6.20955
10.3887
11.7806
4.99515
4.78786
3.0677
0.611417
0.756983
3.8766
5.86713
7.90588
4.88489
1.44747
2.40104
0.718079
3.94443
9.77156
11.5937
5.50932
4.84394
3.9539
0.561204
0.582335
3.35907
6.20163
8.94078
7.54646
1.54548
2.55701
0.598024
1.59841
9.55518
11.3869
7.11518
4.79883
4.78884
0.628523
0.546224
2.31778
5.22551
8.84002
10.3011
1.82572
1.801
0.610014
0.638416
8.84407
11.3261
8.97773
4.70819
5.10205
0.805184
0.551071
1.82011
4.70624
8.9292
12.3028
3.1858
2.1472
0.703454
0.633583
6.87783
10.8661
10.5281
4.61611
4.87403
0.944047
0.538329
1.82116
4.00429
8.87606
12.3542
5.32307
2.60639
0.870888
0.653184
5.47832
9.53616
12.0461
4.50273
4.61506
0.956405
0.519197
1.75836
3.33011
7.94404
12.2583
7.3415
3.2683
1.13808
0.650619
4.25029
8.46972
11.8218
4.6258
4.48853
0.938761
0.509673
1.52403
2.72131
7.43893
11.9545
9.43591
3.92977
1.44965
0.613855
1.93413
8.13372
11.3958
5.1841
4.33274
1.02535
0.506399
1.1591
2.25495
6.99636
10.4866
11.8332
4.49143
1.7709
0.626752
0.793563
6.93422
10.7268
6.24255
4.0571
1.31572
0.484516
0.82915
1.86488
5.50185
8.84457
12.9934
5.39249
2.25613
0.63337
0.66044
5.46605
9.93911
7.52599
3.86068
1.9123
0.490752
0.587834
1.84862
4.48948
7.62583
12.8297
6.67895
2.77107
0.621154
0.616689
4.42614
8.86539
9.34134
3.82831
2.9384
0.540753
0.496521
1.77398
3.75333
6.43491
12.7543
8.10336
3.63116
0.65273
0.566221
3.40455
8.44755
11.0713
3.90097
3.85694
0.734378
0.51211
1.73312
2.51666
6.08926
12.8459
9.16638
4.81761
0.790544
0.521521
1.57325
8.42383
11.6606
3.90493
4.58761
0.894159
0.534418
1.69172
1.59951
5.65993
12.7955
10.5872
5.95014
0.966765
0.52872
0.783443
7.23897
11.0913
4.21983
4.93099
1.02126
0.540555
1.77254
1.66612
4.90353
12.494
11.282
7.10381
1.27676
0.534956
0.694128
6.093
10.3928
5.03276
4.3638
1.08024
0.541136
1.45748
1.66962
4.0326
11.407
11.6541
8.82323
1.8512
0.580011
0.684236
4.87949
9.22609
6.75758
4.33218
1.06886
0.544424
1.09113
1.77549
3.2337
9.7522
12.2378
10.3565
3.14372
0.638019
0.68211
3.1754
8.4312
8.45613
4.78054
1.19564
0.541362
0.817117
1.74659
2.16905
8.38426
13.162
11.4971
4.60633
0.66557
0.668858
1.4174
7.47265
9.82003
5.19456
1.57212
0.559758
0.624952
1.74428
1.82254
6.32697
13.6944
12.4191
5.94256
0.708244
0.65915
0.975241
6.03945
9.72229
5.68629
2.33218
0.648365
0.578636
1.69899
1.8368
4.72872
13.5265
12.7351
7.20806
0.720602
0.664933
0.786916
4.85371
8.60773
6.25586
3.15139
0.954704
0.586884
1.69202
1.79951
3.64967
13.3739
13.0265
8.5758
0.827661
0.652829
0.718278
3.75647
7.1735
6.85959
3.93804
0.982624
0.592228
1.67929
1.79166
2.7848
13.065
13.2322
9.31165
1.25785
0.678439
0.698975
2.45633
6.19128
7.26919
4.71267
1.0105
0.595388
1.58635
1.76944
1.79793
11.532
13.389
9.92504
2.43235
0.663317
0.690273
1.56718
5.41639
7.64403
4.95436
0.999107
0.596068
1.35098
1.71204
1.82658
9.34173
13.4505
11.1749
3.969
0.676313
0.686035
1.19015
4.2331
7.80578
5.0157
0.94304
0.574725
1.03706
1.70831
1.83718
6.9958
13.7117
12.4486
5.78985
0.683867
0.704531
0.928329
3.3182
7.91597
4.94774
0.902918
0.556485
0.814424
1.7087
1.82688
4.83633
13.8575
13.1446
8.2162
0.715883
0.694978
0.836293
2.64632
7.23292
4.9936
0.947901
0.539676
0.637353
1.71785
1.79779
2.86807
13.1779
13.7627
10.2236
0.779943
0.652829
0.759775
1.87479
6.79016
4.85617
1.41501
0.526751
0.543899
1.72638
1.76712
1.88438
11.2217
13.9648
10.9218
0.996485
0.621168
0.721608
1.30166
5.98968
4.6646
2.02139
0.666945
0.527714
1.7358
1.72732
1.8655
9.00864
14.0264
11.4573
1.71615
0.589761
0.699457
1.10369
5.05543
4.5279
2.62699
0.730722
0.520671
1.74328
1.73735
1.8524
6.48089
14.0963
11.7519
3.7536
0.573491
0.625845
0.980513
4.33261
4.68521
3.15135
0.770433
0.524795
1.66254
1.76559
1.86162
4.1266
14.2068
11.7878
6.69807
0.553862
0.553933
0.902649
3.75949
5.14279
3.45332
0.807863
0.538698
1.41052
1.78098
1.86839
2.48858
13.3427
12.1515
9.4107
0.654983
0.503422
0.794937
3.2054
4.99993
3.44364
0.9051
0.577021
1.08686
1.78487
1.8725
1.83578
10.9126
13.0988
11.7065
0.843946
0.455222
0.741209
2.57199
4.29833
3.49407
1.06789
0.630621
0.849671
1.79679
1.86245
1.80673
8.57737
13.6114
11.7401
0.975226
0.419875
0.70154
2.13997
3.81172
3.75626
1.34228
0.665826
0.729106
1.80089
1.87812
1.74556
5.97588
14.2887
11.5182
1.71754
0.394761
0.607194
1.85962
3.34227
4.22333
1.74963
0.741195
0.684122
1.82117
1.87338
1.74413
3.38056
14.3689
11.2497
4.00846
0.39221
0.517056
1.53813
2.86407
4.00067
2.07513
0.957737
0.687708
1.8515
1.84198
1.81624
1.80578
12.5044
10.9061
6.80347
0.404583
0.476792
1.1782
2.59848
3.37438
2.10863
1.02157
0.639309
1.87145
1.80323
1.8126
1.81332
10.0427
10.5316
9.40072
0.402925
0.394903
0.876202
2.39363
2.71612
1.83625
0.974234
0.549724
1.85445
1.78123
1.80782
1.81581
7.72447
10.2385
10.1811
0.519962
0.400884
0.700066
2.18705
2.35062
1.54095
0.942488
0.4633
1.57477
1.77766
1.79736
1.82612
5.03217
10.7286
9.75833
0.700123
0.441729
0.622755
1.85045
2.09348
1.20662
0.984793
0.398361
1.22268
1.77864
1.7946
1.84214
2.38183
12.0337
9.16482
1.37063
0.458906
0.59526
1.54594
1.68364
0.912938
1.08193
0.351082
0.880738
1.80642
1.78893
1.82331
1.87337
10.5412
8.59038
2.97788
0.42998
0.542071
1.33353
1.37122
0.736717
0.738247
0.319704
0.559758
1.83948
1.82444
1.80355
1.8251
7.86849
8.15289
4.75873
0.411471
0.526523
1.27278
1.13538
0.620955
0.616236
0.278405
0.35831
1.90052
1.81768
1.78816
1.77566
5.55698
7.76176
6.50651
0.400629
0.560934
0.952139
0.922646
0.549271
0.537819
0.424354
0.379951
1.91226
1.80782
1.74261
1.59471
3.0122
7.80245
7.58718
0.447611
0.528054
0.733046
0.688955
0.435224
0.478663
0.790288
0.79162
1.93201
1.83237
1.73262
1.69881
1.57131
8.07479
7.59162
0.788276
0.473986
0.642639
0.604218
0.408892
0.436074
0.756898
1.27296
1.82293
1.86418
1.7425
1.89701
1.61387
7.83571
7.57343
2.32292
0.495656
0.573931
0.590754
0.390779
0.381312
0.519012
1.28658
1.51453
1.88076
1.75898
1.90591
1.49228
6.09235
7.53248
4.38549
0.54346
0.487733
0.63568
0.366842
0.41123
0.598109
1.59792
1.26649
1.94264
1.77152
1.89183
1.46034
4.08641
7.40023
6.30804
0.543304
0.462138
0.552828
0.43752
0.507717
1.07173
2.64957
1.22986
1.86559
1.76892
1.86919
1.25955
1.93424
7.30535
7.86947
0.530038
0.468459
0.544863
0.5366
0.983801
1.95098
4.37802
1.20145
1.81805
1.78847
1.85854
1.44273
1.40735
6.92202
7.98217
0.513542
0.477912
0.508836
1.03682
2.14586
3.41219
6.33552
1.16477
1.82365
1.8163
1.85982
1.69702
1.48632
6.57937
8.02535
0.485281
0.470414
0.53215
1.84501
3.98276
5.33321
8.16001
1.22656
1.85789
1.84665
1.87843
1.85466
1.56425
6.14466
7.90478
0.74359
0.451239
0.882736
3.30458
6.40484
7.46399
9.25495
1.29966
1.88724
1.84593
1.90508
1.91633
1.56187
5.14821
7.85282
1.32781
0.487166
1.60028
5.25393
8.90087
9.25735
10.1175
1.38864
1.92128
1.84961
1.89943
2.00279
1.55157
3.72439
7.66343
2.34649
0.647344
2.75531
7.28345
11.2202
10.3295
10.736
1.42183
1.87447
1.80833
1.83543
1.96448
1.59298
2.94132
7.16664
4.12744
1.08238
4.28625
9.3171
12.8327
10.9872
11.4605
2.04331
1.55361
1.84369
1.78774
1.87531
1.66312
1.96356
6.86167
6.12076
1.65195
6.27171
10.6707
13.6548
11.3919
11.8632
3.71853
2.15288
1.86305
1.74136
1.78781
1.71291
1.72459
6.60186
7.52033
2.61988
7.98404
11.3258
13.9827
11.6471
11.9317
6.00711
2.77152
1.87413
1.71078
1.74515
1.82619
1.80007
6.28315
8.4141
3.71068
9.06231
11.6414
13.9057
11.7807
12.1065
8.51369
3.86709
1.91224
1.67344
1.66214
1.90219
1.86486
5.84274
8.67146
4.63544
9.46334
11.6778
13.5334
11.909
12.1347
11.2316
5.44418
3.32889
1.66876
1.65884
1.9356
1.81029
4.97676
8.91683
5.46809
8.97365
11.4733
13.3528
12.1458
12.0287
13.0028
6.42908
5.83357
1.67942
1.66462
1.92267
1.72386
3.81428
8.52624
6.26465
7.85746
11.6126
13.1434
12.2026
12.2431
13.4201
6.85786
8.71418
2.07015
1.70147
1.92401
1.63917
2.81115
7.9995
6.86462
7.27783
11.6703
12.7598
12.593
12.2709
13.2197
6.89087
11.7005
3.69417
1.87687
1.90302
1.66818
2.04274
7.51581
7.48138
7.23459
11.6778
12.6705
13.0651
12.3812
12.8962
6.85
9.56153
6.53742
1.85089
1.89054
1.71044
1.64896
7.20589
8.6985
7.46746
11.6843
12.4319
13.4672
12.5201
12.6017
6.92344
7.878
9.52687
1.97089
1.85517
1.73244
1.83713
6.91652
8.38767
7.63773
11.7253
12.1029
14.0356
12.61
12.4131
7.11015
6.9986
12.2322
3.47981
1.8818
1.69695
1.84636
6.56846
7.07676
7.77752
11.6071
12.0286
13.8071
12.6614
12.3244
8.66448
7.01493
14.7399
6.4131
1.87454
1.70453
1.80861
5.79448
6.08024
7.84068
11.1796
11.8458
13.3867
12.7584
12.3838
11.342
6.99645
16.005
9.12433
1.86629
1.74254
1.83506
5.088
5.15932
7.86497
10.3251
11.8266
13.2416
12.8626
12.5944
13.0274
6.95773
16.0588
11.9522
3.329
1.62671
1.8657
4.24962
4.47034
7.90859
9.09093
11.8811
12.9883
12.9534
12.9186
13.2325
6.95201
14.9475
14.8499
5.86469
1.66962
1.60341
4.20363
3.45321
6.8482
8.39289
11.9151
12.5861
13.0826
13.0767
13.3132
7.01019
12.5095
15.8013
8.6205
1.73642
1.69936
4.27786
2.74114
5.48538
8.15212
11.9628
12.5215
13.4754
13.2003
13.6505
7.08755
9.71991
15.776
11.6531
2.38491
1.74397
4.01729
2.75556
4.4973
8.18601
12.0235
12.3356
13.842
13.3247
13.7853
7.14622
8.06203
15.745
14.486
4.82709
1.775
3.82298
2.39397
3.07324
8.16195
11.9066
12.1577
13.9021
13.4485
13.8313
7.52902
7.18043
15.7749
15.7098
7.86428
1.85231
3.99093
2.64132
2.58296
8.1018
11.3817
12.1981
13.8157
13.5795
13.931
9.27629
7.20431
15.7525
15.6689
10.6767
2.22449
4.4215
3.13781
2.56684
7.15598
10.8878
12.1887
13.5109
13.6973
13.8297
12.2674
7.18244
15.8669
15.6717
13.5425
2.63554
4.42429
3.91866
2.53586
5.8589
10.1112
12.1812
13.349
13.7729
13.7252
13.7008
7.1248
15.9531
15.7154
15.9538
4.14279
3.28139
4.83364
2.44302
4.32147
8.9568
12.165
13.0145
13.8015
13.7019
13.5739
7.14331
15.7111
15.7366
15.8767
7.00752
3.34252
5.55225
2.4065
3.00516
7.78031
12.0094
12.542
14.1906
13.6569
13.5731
7.33636
13.4315
15.7388
15.7351
9.89497
3.79783
5.72288
2.47967
2.89847
6.34973
11.7814
12.3993
14.5954
13.5909
13.6691
7.68708
10.7673
15.7742
15.785
12.5696
4.63086
5.69529
2.71557
2.92744
5.40246
11.6129
12.1513
14.3345
13.5043
13.7556
8.01058
9.11693
15.8837
15.8214
14.8022
5.25074
5.59487
2.99942
3.11336
4.68572
11.2692
12.0645
14.2293
13.381
13.7584
8.16164
8.19986
16.4945
15.7781
15.2454
5.96025
5.55215
3.32434
3.34961
3.83016
10.6511
12.033
13.9388
13.2403
13.8668
9.51015
8.20207
17.0895
15.9138
15.0757
7.54957
5.74907
3.74176
3.43118
3.31681
9.07423
12.0138
13.3733
13.0737
13.5278
12.1419
8.17103
17.8355
16.3513
14.8688
9.21238
6.08208
3.98097
3.57947
3.21725
7.47866
11.8806
13.0386
12.8909
12.9973
13.8613
8.10045
18.5097
16.8298
14.8609
11.3864
5.94368
4.52734
3.54758
3.1106
6.27638
11.7979
12.674
12.7611
12.8676
13.881
8.0054
18.0337
17.6438
15.2976
13.8233
6.04322
4.88378
3.66516
3.31802
5.48046
11.5868
12.1902
12.8989
12.7694
13.8075
7.90396
14.9826
18.3656
15.9637
14.6752
6.5136
4.68358
4.15378
3.45159
4.92919
10.6537
12.1064
13.1923
12.8947
13.691
7.75733
11.4873
18.8772
17.1294
14.7222
7.65664
4.65738
3.97462
3.77062
5.45708
10.0167
11.9275
13.4744
13.145
13.5755
7.61633
9.28391
19.1186
18.0921
14.8432
9.31202
4.82995
3.72807
4.30618
6.05506
9.43252
11.8096
13.9633
13.5393
13.4481
7.45364
7.89862
19.1387
18.8292
15.2889
11.3832
4.77684
3.59083
4.85469
6.06862
8.64936
11.781
13.671
13.9882
13.3399
8.33936
7.30754
19.1314
19.0769
15.7498
13.1537
5.08265
3.45485
5.18679
6.16358
7.95129
11.5904
13.1768
14.4294
13.2331
11.0358
7.14056
19.2063
19.0502
16.6918
14.5314
5.53816
3.37353
4.99488
6.15142
7.649
11.0904
12.985
14.7746
13.1849
12.7901
7.0336
19.3179
19.052
17.8135
15.1766
5.78433
3.36228
4.735
6.15937
7.21407
10.1893
12.7783
14.8758
13.6348
13.1915
6.97897
17.8493
19.0389
18.7296
15.6188
6.48997
3.40117
4.10078
6.13866
6.61435
9.56654
12.6365
14.7917
14.1731
13.1214
6.98625
14.6843
19.0311
19.2921
16.2078
7.89865
3.41389
3.68915
6.09497
6.23878
8.6295
12.6865
14.4671
14.5007
13.3742
7.05327
11.202
19.0467
19.2927
16.8434
9.71767
3.42495
3.52487
6.05305
6.1281
7.84159
12.0841
13.9445
14.9061
13.449
7.17252
8.83015
19.0762
19.1611
17.8031
11.9206
3.78407
3.48882
6.1338
6.00207
7.33885
11.0394
13.6605
14.9244
13.5652
7.2578
7.46752
18.6082
19.1434
18.6444
14.2662
4.10322
3.56507
6.13595
6.07051
7.09426
10.3334
13.3986
14.7226
13.9543
8.43464
7.26583
17.7807
19.1513
19.0612
15.9749
4.83273
3.64659
6.1985
6.15723
6.91774
9.16702
13.0882
14.5854
14.0702
11.0194
6.99066
17.0479
18.9482
19.3678
17.221
5.72213
3.77548
6.4447
6.40707
6.80042
8.20057
13.1354
14.3675
14.0741
12.9107
6.82349
16.101
18.469
19.2558
17.8535
6.96027
3.92626
6.55304
6.76445
6.87158
7.60604
11.9831
14.1814
14.0914
13.6396
6.79777
14.3579
17.6795
18.967
18.2013
8.99607
4.09998
5.85642
7.02892
6.90282
6.78466
10.3579
14.054
13.9814
13.6662
6.80721
11.8892
16.8492
18.4526
18.4624
11.3982
4.25099
5.12099
7.13078
7.04117
6.4522
8.77891
14.0662
13.7815
13.8328
6.73806
9.24379
16.2176
17.7092
18.861
13.5269
4.35787
4.65133
7.12186
7.19599
6.34781
7.41632
13.6428
13.5512
13.8048
6.67981
7.56888
15.6559
17.1111
18.8351
15.5552
4.74305
4.37552
7.07707
7.16841
6.65101
6.46209
13.1225
13.2917
13.3292
6.85694
6.63089
15.4816
16.6231
17.9074
17.0923
5.4298
4.33746
6.95655
7.00348
7.54901
6.21796
10.9898
13.049
13.0862
8.39895
6.59957
15.3569
15.9142
17.2101
17.8243
6.78724
4.30798
6.8973
6.89155
7.71377
6.09124
9.03529
12.9058
12.8282
11.0876
6.57706
15.2549
15.5713
16.7684
18.1956
8.46803
4.36705
6.88332
6.80463
7.67116
5.79034
7.18652
12.9559
12.675
12.8727
6.59112
15.1297
15.5978
16.1762
17.9685
10.3896
4.49709
7.04579
6.69638
7.82851
5.72603
5.66322
13.0061
12.6507
13.3243
6.61636
14.9734
15.3338
16.0343
17.2171
12.3669
4.64733
5.99372
6.51993
7.8869
5.60439
5.05265
12.8724
12.5472
12.7735
6.60149
14.78
15.0383
15.8525
16.308
14.1022
4.76977
5.19979
6.33645
7.67933
6.72818
4.83884
10.5584
12.4023
12.5099
6.56961
13.9118
15.053
15.7269
15.7885
15.8524
4.88597
4.96532
6.23571
7.35997
7.53639
4.36046
8.09229
12.5972
12.331
6.56283
11.7008
14.7864
15.7062
15.6439
16.9658
5.60837
4.96095
6.12803
6.92145
8.2429
4.06172
5.69292
12.9728
12.336
6.56455
9.1283
14.7638
16.0119
15.598
16.2411
6.38572
5.05428
6.1343
6.24143
8.72107
3.43301
3.61146
13.2658
12.4129
7.60636
7.39998
14.8141
15.82
15.557
15.9831
7.83442
5.14953
6.24681
6.24242
8.51945
4.08726
3.30943
12.0332
12.4502
9.67105
6.43128
13.7466
15.5254
15.55
15.892
9.67587
5.28449
6.33474
6.29063
8.34099
5.21362
3.0049
9.59578
12.3849
10.9726
6.39329
11.4641
15.3747
15.5261
15.7373
11.2781
5.4314
6.78649
6.29301
8.18023
6.06033
3.20386
7.37292
12.5384
11.2516
5.50998
9.49521
14.4918
15.3723
15.6495
12.3625
5.61938
6.87495
6.32027
8.06593
6.51936
3.39791
5.35572
12.7795
10.931
3.90253
7.24816
12.0269
15.203
15.6457
13.6154
5.81096
6.15782
6.47354
7.80549
6.76248
3.76502
4.01305
12.9586
11.0708
2.80585
4.78935
9.90053
15.1338
15.4163
14.6498
5.99689
5.9871
6.64407
7.32123
6.7085
5.26884
3.8625
10.9212
11.2377
2.53008
3.23526
7.71073
14.5134
15.2557
14.9758
6.59817
6.15261
6.87682
7.0529
6.63514
6.25503
4.18041
8.65737
11.2584
2.76941
2.68259
5.53436
14.1605
14.5874
15.0127
7.43023
6.2788
7.04249
7.10883
7.30167
6.27152
4.29141
6.69021
11.5953
3.92901
2.7781
4.13955
13.5742
13.3266
15.2058
8.89019
6.36582
7.0515
7.18696
7.38454
6.27191
4.64082
5.2835
11.9851
5.94529
2.99182
4.03658
13.3737
12.4575
15.0339
10.4466
6.4251
7.20304
7.06057
6.84227
6.11899
5.44389
4.76648
12.0249
8.04542
3.21585
4.05825
12.1
11.3401
12.6058
11.7556
6.5028
7.84088
7.15125
6.36872
5.70592
6.73019
4.91241
9.79541
10.5304
3.51195
4.25958
10.3782
10.3754
10.711
12.8768
6.61789
6.88381
7.37437
6.09433
5.33648
6.12321
4.6084
7.64438
11.6781
3.74423
4.59089
7.7587
10.5783
10.0071
13.9584
6.74316
6.79442
7.6314
6.08809
5.07191
5.2948
4.5816
5.75565
12.2232
3.69808
4.9461
5.99959
10.9168
10.0678
11.8751
7.24794
6.88891
7.86071
6.28987
5.17527
4.87728
4.50753
4.51795
12.5305
3.5345
4.2507
5.89231
11.1117
10.4335
10.6067
8.07744
7.05218
8.04551
6.49412
5.38392
4.79451
5.70089
3.96515
12.7628
3.38536
3.36076
6.27106
12.9612
11.3182
10.513
9.10357
7.15519
8.17178
6.60637
6.46452
4.8295
7.0912
3.93135
11.0544
4.44538
3.12538
6.07248
13.5316
12.2258
10.4051
10.252
7.12049
8.22421
7.02358
6.82676
5.04882
8.32746
3.25824
8.77654
6.85926
2.78734
5.77383
11.2413
13.9663
10.4627
10.1769
7.05184
7.6949
8.11757
7.18319
5.42031
7.03057
3.16984
6.62017
9.5197
2.46543
5.71921
9.34822
13.9941
11.1897
10.1584
7.02524
7.28864
8.16572
7.65127
5.1374
5.48548
3.20953
4.628
12.5707
2.62725
5.66279
7.2557
13.1031
12.2436
9.83421
7.23577
7.00389
8.27908
8.10228
4.70735
4.68123
4.51473
3.23752
12.9527
2.98077
5.42458
6.09872
11.723
14.4281
9.77819
7.30451
6.97059
8.35775
8.44321
5.12099
4.37884
5.88344
2.62922
10.6859
3.76773
5.77464
6.02114
10.2582
13.1358
10.7355
7.92385
6.93168
8.37975
8.73302
6.18471
4.31277
7.59096
2.62027
8.22378
4.65622
5.29876
5.88989
9.45448
10.8767
11.7461
7.45977
6.86238
8.38646
8.93316
7.2859
4.32881
9.07977
2.50614
5.96397
5.39081
5.17098
6.24946
8.41547
8.44751
13.0803
7.01322
6.83846
7.82908
8.77039
8.7488
4.50627
9.51004
2.58902
3.85677
5.9492
5.47264
7.01314
7.41684
6.45319
16.4252
7.37013
6.8102
7.11268
8.7914
8.95856
4.92001
8.02952
2.61703
2.36106
7.1409
4.66893
7.96852
6.90653
4.72843
18.379
9.51515
6.85922
7.02182
8.82035
8.84424
5.58543
7.02973
2.83157
2.33227
10.0646
3.85449
10.4274
6.98575
4.18726
15.0704
10.1905
7.19957
7.02501
8.81524
8.74082
6.36919
6.57363
2.92688
2.18253
7.8405
3.28667
11.4602
6.74739
4.18954
11.7738
10.6268
7.5993
7.1323
8.68955
8.64611
7.22011
7.26277
3.18905
2.1592
5.21854
2.34897
8.71568
6.31298
4.44038
8.69655
11.4479
7.95948
7.1946
8.51752
8.67493
8.89027
8.13196
4.23009
2.01993
2.63378
1.95527
5.60921
7.48464
4.60402
6.00625
9.78069
9.19427
7.25471
7.72465
8.8372
10.4399
9.03686
5.8204
2.11422
2.16135
1.65528
2.55338
9.86631
4.85881
4.9501
8.97542
9.60785
7.34711
7.6257
9.03989
10.0568
9.75121
7.47645
2.17293
2.17693
2.05241
1.38508
11.8704
5.88153
5.23651
9.2177
9.55637
7.48542
7.57054
8.64429
10.0643
10.2685
9.57835
2.24025
2.21814
4.01234
1.31788
12.8332
6.23348
5.63462
9.28048
9.60576
7.79338
7.60419
8.64588
9.88906
10.6818
11.3055
2.27245
2.30759
3.92497
1.29659
9.55678
6.61802
5.88405
9.29352
9.52792
8.10751
7.60742
8.79115
9.7531
10.7673
11.4272
2.3326
2.35003
2.4179
1.24511
6.57554
8.20906
6.04313
9.19596
9.11263
8.26806
7.65064
8.68113
9.71021
10.6226
11.373
2.4653
2.33752
2.35204
1.20034
3.46772
10.5762
6.13954
9.0389
9.12782
8.54027
7.78732
8.447
9.77083
10.5694
11.1794
3.01496
2.41572
2.35304
1.19078
1.89171
12.9052
6.31065
7.02634
8.86238
8.48991
8.05258
8.45957
9.99772
10.5269
10.4782
4.52499
2.46192
2.34064
0.883969
1.68473
13.293
6.4128
6.29234
8.53168
8.28294
8.36939
8.60328
10.2891
10.606
10.0206
6.63573
2.44659
2.33386
0.969556
1.71154
10.1496
6.43473
6.32244
8.18077
8.20345
8.4085
8.88398
10.553
10.4483
9.37354
8.61688
2.5345
2.32174
1.13485
1.41276
7.16796
6.69836
6.09287
7.74192
8.18209
8.39664
9.01935
10.7251
10.9794
8.73769
10.6621
2.68837
2.33213
1.41273
1.05122
4.15099
8.3472
5.89241
7.37308
8.44589
8.39364
9.12572
10.9367
11.3006
8.12384
11.6554
2.82082
2.31389
1.78326
0.885328
2.32041
10.6165
6.11213
7.22112
8.86403
8.47522
9.00517
10.7779
11.2458
7.63647
10.1954
3.00398
2.29174
2.2702
0.898425
2.18169
12.8184
6.26555
7.12204
9.41555
8.38998
8.61829
10.3188
10.95
7.20302
8.68768
3.24017
2.23814
2.49061
0.926075
2.13842
10.4489
6.60553
7.06828
9.63839
8.12858
8.13326
10.3212
10.353
6.86697
7.64315
3.62614
2.24829
2.43059
0.955243
2.09216
7.54205
7.07124
6.98538
8.81678
7.86584
7.71111
10.4125
9.46583
6.66326
6.72677
4.86342
2.34265
2.34198
0.968295
1.87415
4.55722
7.42259
7.00724
7.57981
8.00825
7.20698
10.0288
8.51895
6.60934
6.24161
6.67408
2.39516
2.43848
0.971371
1.53327
2.52408
8.8617
6.99464
7.11229
8.67044
6.8367
9.94322
7.73497
7.74679
5.65902
8.47836
2.50569
2.49265
0.954988
1.12441
2.29905
10.8333
7.00954
7.2835
8.95376
6.71595
10.2652
7.49782
9.35241
5.18189
10.4908
2.61621
2.56772
0.993552
0.941311
2.27112
11.5567
6.67926
7.52427
9.49484
6.70113
9.46663
7.56805
8.64218
4.85411
10.0812
2.69397
2.61419
1.36463
0.914639
2.20587
8.49407
6.39616
7.41304
10.1148
6.52118
8.10931
7.72594
7.88642
4.74005
8.26777
2.76284
2.63469
1.85175
0.888433
2.14549
5.41606
6.19697
7.39263
10.3086
6.16354
7.14481
7.93354
7.68033
4.87702
6.77905
2.99777
2.61708
2.65202
0.915049
2.12224
2.92894
6.04732
6.53004
10.3172
5.7945
5.80489
8.616
7.42047
5.17822
5.79475
3.81063
2.60743
2.91671
0.941197
2.12534
2.40428
6.04834
5.89525
9.38151
5.2844
5.10251
9.72732
7.41697
6.03879
5.55737
5.65388
2.55087
2.85908
0.987583
1.95381
2.40597
6.79275
5.74584
8.98014
5.75009
4.58873
10.5717
7.76473
7.13298
5.85644
7.75963
2.56323
2.77522
1.028
1.62645
2.34884
8.5377
5.59574
9.2578
6.70949
4.78932
10.7839
7.9082
8.09528
5.99339
9.64394
2.63951
2.74187
1.0229
1.22047
2.30614
6.29049
5.72894
9.6134
7.34269
5.00894
9.78114
8.50465
8.05475
6.11026
10.7953
2.73425
2.74165
0.994473
0.994274
2.28152
3.33566
6.37882
9.97097
8.31113
5.45713
8.62826
9.0749
8.46163
6.25941
9.71258
2.81
2.76602
1.35454
0.949191
2.27475
2.37598
7.74441
10.0881
9.37042
5.98733
7.89869
9.44103
8.50726
6.44842
8.36512
2.80218
2.76047
1.88149
0.978613
2.25005
2.35747
9.77202
10.2279
9.72407
6.75405
7.60236
10.3426
8.82957
6.62545
7.34416
3.12889
2.66655
2.66808
0.982268
2.16864
2.30115
9.87656
10.4035
9.92876
7.56877
7.61836
10.2987
9.01101
6.85425
6.96427
4.24188
2.59716
2.87799
0.931928
2.09474
2.28803
7.00134
11.1919
10.5127
7.87813
7.63128
10.0027
9.40374
7.74265
7.23423
6.2085
2.56863
2.83843
0.93954
1.94251
2.32291
3.73442
12.8939
10.8101
7.9008
7.48851
9.56217
9.36053
8.29619
7.91234
8.35174
2.61854
2.78643
0.946569
1.53538
2.2879
2.3684
14.9652
11.1467
8.10659
7.36188
9.26363
8.8369
8.9727
8.3479
10.2768
2.68986
2.71479
0.949063
1.11141
2.30431
2.31419
14.365
11.3625
8.00871
7.46813
8.87276
8.49483
9.97803
8.59585
11.1327
2.73666
2.60881
0.995903
0.958034
2.32842
2.31378
10.8811
11.4075
8.27543
7.77227
8.9209
8.51128
10.38
8.80999
10.3811
2.72189
2.57349
1.38527
0.945534
2.34097
2.32329
7.40462
11.3172
8.8935
7.54472
9.01122
8.88765
10.3837
9.12076
9.4498
2.95164
2.50162
1.83708
0.924941
2.40485
2.3039
4.05016
11.7946
9.25852
7.43169
9.13315
9.08164
10.0562
9.27786
9.29117
3.90364
2.41246
2.54977
0.942615
2.43553
2.28569
2.49629
12.925
9.71401
7.41246
9.58386
9.04511
9.66041
9.8672
9.44303
5.41881
2.26297
2.43542
0.936252
2.49414
2.27302
2.31729
14.4543
10.5828
7.69872
10.2775
8.6062
9.34011
10.7016
9.93858
7.49512
2.12944
2.13302
0.929109
3.77579
2.2472
2.26181
11.2086
11.0256
8.15825
10.569
8.04811
8.38807
10.8375
10.3843
9.53229
2.01986
2.01871
0.944727
2.77939
2.21979
2.21405
7.77556
11.1006
8.54312
10.4954
7.8559
7.37282
10.8794
10.3295
10.9189
2.15182
1.9905
0.96855
1.06681
2.21063
2.19503
4.4465
11.0964
8.70413
10.0882
7.72893
6.79148
10.4586
10.0774
10.1887
2.44913
2.13194
1.21103
0.997009
2.20084
2.18492
2.59577
11.5563
8.96621
9.33291
7.6397
6.60794
9.05742
10.0424
9.7227
2.83935
2.29487
1.93659
0.987117
2.19395
2.20105
2.34004
12.8697
9.72729
8.9745
8.3253
6.58586
8.05803
10.1934
9.34629
3.99371
2.47646
2.70185
0.956163
2.13197
2.2121
2.31739
11.7432
10.3865
9.03287
9.36879
6.38651
7.49061
10.2446
8.66272
5.77436
2.71064
2.80206
0.882991
2.06506
2.13722
2.35627
8.4309
10.7577
9.16514
10.4319
6.18912
6.42211
10.9677
8.10156
7.46566
2.91444
2.72328
0.849034
2.06227
2.13101
2.31965
5.15667
10.7025
9.32656
11.2149
6.1641
6.17485
11.0179
7.69014
9.08347
3.14236
2.58955
0.826925
1.70972
2.153
2.33532
2.87429
10.8154
9.493
10.6005
6.85674
6.13932
11.1125
7.47418
7.96279
3.42807
2.56327
0.837838
1.39008
2.1663
2.36184
2.37635
11.6717
9.46527
10.0205
7.69556
5.93369
11.27
7.31939
6.948
3.91861
2.56947
0.833783
0.983885
2.14026
2.29127
2.38288
12.4673
9.38824
9.69911
8.28339
5.82681
11.4531
7.38485
6.32971
4.58914
2.43884
1.0557
0.817883
2.08295
2.18968
2.38315
9.11812
9.47727
9.3217
9.33526
5.84577
10.3528
8.8884
5.9264
5.48993
2.3535
1.6347
0.815077
2.02802
2.06444
2.3856
5.86377
9.47917
9.32204
10.6575
5.83618
9.00678
10.566
5.63888
6.87053
2.40871
2.24829
0.841381
1.9968
2.01247
2.36792
3.29066
9.72556
9.20435
11.5806
5.71378
7.7154
11.6663
5.17381
7.51306
2.54614
2.53561
0.890106
1.96002
1.98577
2.38366
2.41907
10.0532
9.2091
11.6095
5.62063
6.23316
11.6733
4.6847
5.57902
2.92507
2.68164
0.922447
1.90905
1.97973
2.40254
2.35586
9.91216
9.15788
10.5577
5.63198
5.73029
11.6928
4.18652
4.2381
3.34408
2.82537
0.876315
1.72176
1.97082
2.40448
2.32037
10.1181
8.95392
9.22708
6.75182
5.98794
11.7379
5.0924
3.83776
3.71152
2.92457
0.840303
1.44747
1.95936
2.34993
2.28932
11.6215
8.70645
8.78136
8.65609
6.76038
11.7846
6.76316
3.73031
4.10391
2.98094
0.846072
1.08281
1.93149
2.28012
2.33419
8.61953
8.70781
8.49109
10.0298
7.6639
11.7601
8.53891
3.73725
4.56668
3.0358
0.881007
0.901274
1.88984
2.15779
2.3164
5.35778
8.66466
8.36053
11.6028
8.55896
11.6748
10.7444
3.58539
4.75616
3.12411
1.10451
0.86444
1.83166
2.03244
2.31708
2.93405
8.69237
8.25349
10.987
9.40785
11.6021
11.7656
3.52956
4.62599
3.20101
1.55664
0.87188
1.81278
1.95394
2.31274
2.29369
9.00222
8.16138
9.94441
10.1452
11.6613
11.5514
3.62334
3.88
3.09579
2.27214
0.903683
1.81019
1.91624
2.28847
2.31325
10.0141
8.08633
8.84547
10.7773
11.1858
11.5842
4.12586
3.87029
3.12911
2.96747
0.920959
1.85283
1.90985
2.20591
2.2845
8.74098
7.8223
8.02895
11.1523
11.2835
11.657
4.83118
4.28176
2.99654
3.0994
0.894074
1.80562
1.92858
2.12117
2.25853
5.59113
7.83534
7.23006
11.3759
11.3025
11.6673
6.26053
4.51292
2.99243
2.99899
0.890077
1.45545
1.89648
2.04196
2.24572
3.00861
7.82643
5.99249
11.6292
11.2558
11.7036
8.15296
4.62655
3.07398
2.9571
0.896937
1.06373
1.85122
1.95217
2.24985
2.26647
8.27721
5.10152
10.3457
11.0907
11.7422
9.87695
4.87868
3.25563
2.8634
0.90296
0.900494
1.84549
1.89044
2.23251
2.23451
9.35398
4.6703
9.02415
10.8989
11.7955
11.2456
5.00001
3.36439
2.9089
1.26855
0.89627
1.86114
1.85585
2.21969
2.21416
8.3016
4.58952
7.76554
10.5607
11.7338
12.3735
5.00605
3.70179
2.77294
1.95689
0.867217
1.84163
1.76656
2.15139
2.22368
5.25946
4.87857
6.21569
9.9995
11.3077
12.1329
4.93007
4.32857
2.59004
2.65932
0.839142
1.89705
1.68395
1.86523
2.2112
2.87542
5.41197
5.73388
9.40588
10.1394
12.0296
5.34133
5.04165
2.57149
2.64438
0.864567
1.95683
1.59175
1.61228
2.22686
2.27351
6.17791
6.15567
8.86652
9.18146
11.8156
5.98612
5.18403
2.68758
2.3983
0.895194
1.74769
1.56153
1.4853
2.23925
2.32993
7.42313
6.76627
8.32139
8.58972
11.7824
7.15468
5.29232
2.90328
2.10638
0.919726
1.42794
1.61262
1.38403
2.16665
2.34827
8.339
7.4476
8.20721
8.17232
11.7565
8.33042
5.31294
3.15645
1.83718
0.929137
1.05084
1.77905
1.33585
2.01627
2.31735
5.3662
8.14175
8.21797
8.19244
11.7294
9.23685
5.27391
3.66441
1.65082
0.950253
0.910174
1.92864
1.33308
1.83254
2.25858
3.01416
8.85066
8.68393
8.37272
11.3715
10.432
5.24019
4.60216
1.80877
1.0353
0.845377
1.95564
1.36673
1.5915
2.18555
2.35251
9.49959
9.47955
8.54866
10.4503
11.6785
5.4258
5.88772
1.89501
1.06515
0.744172
1.89793
1.37556
1.41372
2.0842
2.36147
9.92621
9.99101
8.67298
9.76524
12.126
5.73486
5.9034
1.80693
1.25889
0.65385
1.86071
1.42801
1.38476
1.93417
2.34809
7.7889
10.3095
8.83454
8.91166
12.118
6.22568
5.83367
1.83299
1.5153
0.578381
1.77548
1.58904
1.40053
1.8536
2.33577
4.81853
10.3624
9.2181
8.88969
12.0024
6.55372
5.57054
1.73501
1.58144
0.544849
1.59632
1.74474
1.41289
1.74139
2.20802
2.64766
9.77528
9.93061
8.83261
12.0783
7.44863
5.28572
2.09819
1.50892
0.547499
1.30324
1.93903
1.45172
1.59179
2.17246
2.24224
8.49064
10.6084
8.69652
12.1412
8.83244
5.2264
3.12687
1.49889
0.550575
0.943976
2.10146
1.47107
1.52095
2.08856
2.26293
7.1478
10.8542
8.32271
11.6334
9.98276
5.35883
4.29032
1.48324
0.533567
0.680976
2.04592
1.49727
1.52909
1.96869
2.2478
5.21716
11.1554
7.35923
9.92234
11.3127
5.47247
5.49553
1.48831
0.527969
0.516603
1.95628
1.58361
1.54485
1.83496
2.25784
3.22689
10.3164
6.59754
8.83801
12.5794
5.44938
5.67804
1.57446
0.591703
0.478436
1.91197
1.71795
1.54274
1.72121
2.24629
2.3967
7.91844
6.27676
8.11652
12.8116
5.63676
5.38084
1.63354
0.782508
0.461699
1.82512
1.88486
1.54238
1.59364
2.18895
2.14911
5.7156
6.2631
6.60534
12.8048
6.2732
5.31066
2.06553
0.944713
0.478592
1.72827
2.06651
1.50349
1.50025
2.09751
2.0394
3.98609
6.44415
6.2005
12.7569
7.03292
5.1478
2.98293
1.02963
0.529868
