1.58029
2.10559
5.65474
6.2863
6.55528
6.75603
6.90491
7.11652
8.73459
12.778
15.1724
9.79733
5.3505
5.17161
6.91386
2.09294
2.18858
5.31242
6.21184
6.54248
6.74672
6.84011
7.00815
7.51188
12.6318
15.1485
11.9604
5.65848
5.30216
6.77274
2.31286
2.18703
4.50485
6.18599
6.45597
6.75999
6.83356
6.57958
6.45216
12.2127
15.0955
13.5837
6.05354
5.57068
6.68765
3.12127
1.90263
3.73845
6.10442
6.37526
6.7693
6.78822
6.48561
6.36491
11.3502
14.7536
14.7633
6.47396
5.81336
6.51334
4.31212
1.87358
2.97039
5.90285
6.36575
6.75702
6.7761
6.72964
6.43139
10.4854
14.4011
15.2813
6.82311
6.06724
6.51995
4.9483
2.05305
2.63935
5.6599
6.30248
6.64523
6.78853
7.01415
6.45826
9.21898
14.1108
15.1359
7.14456
6.26246
6.52913
5.68221
2.39108
2.29156
5.33276
6.21242
6.62783
6.79144
6.93323
6.55461
7.89776
13.6473
15.1842
8.15298
6.46168
6.49168
6.49863
2.80239
2.22826
4.54564
6.18652
6.51732
6.79773
6.93681
6.60284
7.05666
12.415
15.1052
9.61898
6.93153
6.61968
7.24572
3.43165
2.27229
3.77283
6.07144
6.43589
6.80402
6.86944
6.61582
6.91151
11.3898
14.7699
11.6288
7.95962
6.8586
7.43845
3.1973
2.36616
3.00492
5.86875
6.41707
6.78853
6.81464
6.6603
6.72216
10.5498
14.4521
13.6628
8.79104
7.18381
7.40522
3.15917
2.37571
2.91654
5.64
6.3758
6.72505
6.8242
6.96013
6.6347
9.56936
14.1959
14.6582
9.28185
7.53056
7.46321
3.34723
2.49288
2.61711
5.27718
6.31798
6.69657
6.80793
6.98133
6.5781
8.41401
13.5119
14.9978
9.62863
7.73088
7.54608
3.78463
2.77048
2.46822
4.508
6.30888
6.61231
6.78541
6.97753
6.77322
7.96441
12.6514
15.0952
9.59677
7.86432
7.52956
4.76802
3.06821
2.53116
3.73888
6.22125
6.54524
6.77563
6.93964
6.84482
7.82189
11.9479
14.7903
9.81755
7.89625
7.56218
5.68412
3.04913
2.56876
3.23152
6.08186
6.54529
6.7536
6.88821
6.93507
7.36405
11.0828
14.4249
10.6791
7.67406
7.62949
6.48275
3.00442
2.57954
2.71587
5.92046
6.48837
6.69905
6.87515
7.00014
6.96274
10.1578
14.1172
11.8086
7.32241
7.75953
7.2388
2.97255
2.76026
2.54143
5.64506
6.4045
6.69254
6.8371
7.02214
7.11091
9.35882
13.5355
13.2569
6.85619
7.96377
7.44543
2.95981
2.91037
2.49051
4.91854
6.37921
6.66072
6.80439
7.01263
7.13903
8.56989
13.0542
14.4747
6.48406
8.09872
7.42609
2.95642
3.10166
2.61283
4.15278
6.29228
6.60692
6.79482
6.96511
7.0528
8.06187
12.561
14.4776
6.36619
8.21301
7.43625
3.20808
2.94675
2.44082
3.44601
6.21259
6.58763
6.79482
6.90089
7.05908
7.47901
11.4655
14.2585
6.17154
8.05621
7.4311
3.68531
2.94993
2.47975
2.75687
6.13257
6.49397
6.78859
6.88873
7.05058
7.09142
10.27
14.1076
6.11158
7.1607
7.41041
4.6906
2.95289
2.55899
2.35855
5.89766
6.40474
6.78859
6.82769
7.02296
6.94667
9.07225
13.8682
7.11948
6.1763
7.40987
5.63291
2.94977
2.54625
2.22757
5.29588
6.38894
6.74683
6.79472
7.04217
6.79484
7.85768
13.492
8.86247
5.75337
7.40167
6.4696
2.92969
2.58816
2.23536
4.56091
6.32119
6.6834
6.79461
6.99401
6.66741
7.12485
12.882
10.5746
5.5814
7.39724
7.21374
2.90759
2.77966
1.99389
3.69488
6.28203
6.67124
6.79467
6.94571
6.73261
6.7005
11.5161
12.4038
5.50055
7.39774
7.34931
2.87775
2.98196
1.87592
2.77198
6.28885
6.58092
6.78806
6.93001
6.93248
6.62968
10.0853
13.9142
5.44666
7.64794
7.36848
2.84607
2.91786
1.72284
2.14789
6.16253
6.48134
6.77933
6.86299
7.00792
6.71934
8.80278
13.2168
5.41467
7.85939
7.37313
3.12713
2.83325
1.79896
1.86964
5.73595
6.47854
6.75021
6.80803
7.04815
6.90493
7.61262
12.5808
5.35417
7.006
7.36405
3.66774
2.83666
1.96936
1.76999
5.03567
6.40766
6.69926
6.7981
7.00342
6.97905
7.08133
11.5121
5.41813
6.16076
7.34829
4.71585
2.85275
2.26359
1.796
4.26636
6.37173
6.68309
6.7695
6.9558
7.02978
6.91637
9.96257
5.59476
5.65185
7.35812
5.69332
2.84288
2.61463
1.69648
3.17947
6.36893
6.61929
6.75983
6.94961
7.05449
6.9395
8.81433
6.01631
5.75488
7.37516
6.52985
2.82331
2.89837
1.66782
2.35054
6.32148
6.55148
6.76291
6.89502
7.05147
7.04063
8.05574
7.2663
5.78836
7.36503
7.25918
2.80829
2.96422
1.60171
1.85226
6.00144
6.53562
6.74974
6.8529
7.05803
7.11557
7.15904
8.5576
5.80602
7.41952
7.388
2.7722
2.87994
1.79438
1.65344
5.20696
6.50344
6.71215
6.86554
7.01954
7.02018
6.80763
9.14351
5.83367
7.25787
7.39133
2.7085
2.7835
2.12469
1.63837
4.45705
6.47807
6.70882
6.84645
6.9872
7.1659
6.62791
8.16559
5.84728
6.49645
7.40243
2.94725
2.654
2.56704
1.69665
3.33837
6.49133
6.639
6.83704
6.98076
7.12297
6.50149
7.73785
5.82341
5.92968
7.41132
3.46196
2.59967
2.91146
1.73317
2.41008
6.46751
6.55803
6.84292
6.9425
7.08086
6.43372
7.49139
5.83918
5.74275
7.38895
4.51381
2.5614
3.05662
1.85722
2.09624
6.12109
6.55158
6.82706
6.94831
7.0872
6.62392
6.8659
6.02748
5.52015
7.42339
5.49502
2.53593
3.00307
2.06566
1.96736
5.16385
6.51612
6.80803
6.95497
7.03561
6.7728
6.75692
6.21731
5.17575
7.2074
6.36883
2.52355
2.91807
2.29062
2.10255
4.39083
6.50661
6.81454
6.95497
6.99397
6.98758
6.7384
6.79974
4.83967
6.53751
7.15534
2.5262
2.78296
2.66942
2.16908
3.40584
6.50329
6.76004
6.95497
6.98429
7.10317
6.8707
7.77515
4.63895
6.01383
7.36166
2.52292
2.67964
2.88669
2.25142
2.59591
6.49356
6.70576
6.95793
6.9583
7.11243
6.96816
8.2038
4.5028
5.46919
7.36156
2.52308
2.60716
2.86855
2.44168
2.22039
5.82329
6.71231
6.97484
6.95497
7.15904
6.95633
7.45013
4.50783
4.88798
7.36766
2.8129
2.51653
2.72404
2.5979
2.33267
4.95918
6.65121
6.95216
6.95466
7.17082
6.94053
6.99978
4.776
4.91557
7.41058
3.37227
2.51019
2.59052
2.6963
2.40007
4.25026
6.59974
6.97463
6.95793
7.10029
7.01903
6.90846
5.327
5.33081
7.40756
4.45265
2.49329
2.48906
2.63504
2.51693
3.33003
6.59943
6.92409
6.9741
7.10955
7.07203
6.93582
5.85272
5.74573
7.44402
5.46522
2.47129
2.44137
2.53012
2.51358
2.5969
6.34652
6.85952
6.99292
7.04202
7.10226
6.93232
6.38138
6.18841
7.41834
6.33992
2.45876
2.36812
2.41915
2.74108
2.51326
5.34772
6.85648
7.00925
7.01638
7.09993
7.02103
6.98091
6.5763
7.433
7.12617
2.43276
2.29745
2.28379
2.59627
2.46534
4.46762
6.77985
7.03458
7.03224
7.10918
7.06122
7.06883
6.87953
7.46806
7.36178
2.38473
2.25202
2.18499
2.48497
2.41446
3.73966
6.69296
7.06951
7.04081
7.13689
7.08777
7.1049
7.10495
7.44123
7.37473
2.34385
2.27833
2.1306
2.40239
2.34905
2.7938
6.69275
7.03541
7.06021
7.20417
7.09382
7.11229
7.2589
7.40866
7.41971
2.59498
2.30844
2.1306
2.31096
2.3731
2.32225
6.22276
6.98758
7.07015
7.21994
7.10336
7.14087
7.2285
7.36072
7.46083
3.12559
2.26345
2.17843
2.22177
2.33546
2.33556
5.17479
6.98764
7.06411
7.24369
7.10922
7.12917
7.23603
7.32846
7.43203
4.23729
2.18406
2.26511
2.26866
2.30904
2.12411
4.18631
6.90745
7.0614
7.19952
7.11947
7.13899
7.22756
7.31149
7.4088
5.31723
2.11008
2.43358
2.38731
2.21483
2.1566
3.35417
6.84698
7.05729
7.12895
7.15707
7.14564
7.20674
7.2917
7.38786
6.29313
2.06197
2.4604
2.52479
2.17276
1.93139
2.30749
6.77421
7.07596
7.13581
7.21094
7.14505
7.22303
7.29178
7.36555
7.17952
2.02585
2.3089
2.65889
2.24996
1.99062
1.93645
5.86488
7.06322
7.08709
7.22394
7.15795
7.22846
7.28924
7.34453
7.47748
2.01591
2.1514
2.78078
2.32808
1.99466
1.71536
4.69808
7.13883
7.05563
7.32055
7.17375
7.21293
7.28984
7.32494
7.49324
2.02246
2.07904
2.8923
2.49568
1.90422
1.71648
3.59727
7.05856
7.07763
7.34514
7.18903
7.2229
7.31488
7.31575
7.51705
2.34986
2.02521
2.83101
2.80519
1.78876
1.67514
2.66244
6.98092
7.07721
7.24726
7.20526
7.20636
7.35398
7.33761
7.49178
3.03381
2.0286
2.66023
3.00027
1.76417
1.48986
1.56911
6.76528
7.09338
7.25023
7.25306
7.22472
7.37136
7.34721
7.43388
4.26786
2.0261
2.43121
3.13383
1.82952
1.27052
1.2633
5.58084
7.10924
7.2222
7.2764
7.25071
7.3341
7.32812
7.42418
5.40958
2.05068
2.24042
3.18352
1.88828
1.06128
0.793463
4.16016
7.12202
7.18566
7.33994
7.28535
7.34199
7.35461
7.37666
6.39239
2.06909
2.14824
3.07405
2.21451
0.909876
0.458708
2.81051
7.13784
7.17974
7.41341
7.32414
7.35123
7.39652
7.36248
7.26947
2.08573
2.0952
2.86926
2.61778
0.811023
0.429229
1.63744
7.15401
7.17344
7.40613
7.34592
7.35381
7.43675
7.38294
7.49021
2.11412
2.07642
2.64107
2.87721
0.822985
0.455377
0.453946
7.17392
7.16352
7.40291
7.38154
7.36297
7.53004
7.38907
7.48692
2.1997
2.05147
2.37433
3.02915
1.12741
0.452189
0.483694
6.8089
7.16029
7.30401
7.39455
7.40135
7.60408
7.40598
7.47085
2.61251
2.0286
2.17137
3.13061
1.49947
0.496747
0.480746
5.62258
7.15801
7.20011
7.43244
7.40749
7.56934
7.43166
7.45745
3.31337
2.02792
2.05653
3.04816
1.94963
0.555407
0.497144
4.6711
7.15146
7.19678
7.46161
7.43669
7.60766
7.46681
7.44668
4.50002
2.06713
2.03748
2.8974
2.50083
0.687764
0.534885
3.53639
7.15977
7.14823
7.45818
7.45325
7.61079
7.47842
7.45142
5.58705
2.12279
2.03138
2.66013
2.88911
0.982086
0.661191
2.45757
7.25036
7.16434
7.45911
7.4588
7.62555
7.55494
7.49052
6.48447
2.25029
1.98422
2.35798
3.05767
1.42651
0.895265
1.67037
6.11361
7.18723
7.40244
7.46494
7.65742
7.73364
7.5028
7.26131
2.45278
1.96536
2.13338
3.19589
1.89317
1.19507
1.62871
4.88792
7.22571
7.34826
7.47166
7.64875
7.79152
7.55501
7.43931
2.64132
1.9716
2.03765
3.06115
2.33705
1.51558
1.35066
3.77378
7.26762
7.3351
7.47191
7.60451
7.93441
7.5877
7.43646
2.81899
2.03262
2.01007
2.85405
2.76833
1.83033
1.35251
2.4187
7.30197
7.30925
7.44118
7.61714
7.91575
7.61048
7.43942
3.29632
2.16438
2.01214
2.58727
3.02166
2.12728
1.27788
1.21432
7.00594
7.31237
7.41841
7.55228
7.89319
7.67671
7.45828
3.94451
2.4015
2.02848
2.30927
3.13573
2.45956
1.39042
1.25818
5.69858
7.32517
7.35397
7.52042
7.91893
7.79231
7.46769
4.95356
2.6617
2.04746
2.1514
3.08804
2.66677
1.63343
1.22557
4.42478
7.32542
7.32897
7.51715
7.8602
7.84363
7.52615
5.85445
2.87504
2.09508
2.1094
2.88898
2.80024
1.87504
1.21284
3.26245
7.34108
7.33152
7.4924
7.81597
7.99373
7.56477
6.61397
3.04175
2.23563
2.13081
2.69301
2.98869
2.15373
1.19727
1.84281
7.37908
7.32844
7.4443
7.8062
8.17296
7.57783
7.2789
2.85945
2.43883
2.16888
2.5115
3.08014
2.40706
1.18385
1.32424
6.95829
7.33177
7.43139
7.71571
8.22714
7.67276
7.46183
2.82087
2.74241
2.22373
2.36231
3.12782
2.53004
1.20533
1.25556
5.75012
7.32486
7.37732
7.65589
8.30682
7.79538
7.47451
2.85181
2.82357
2.31341
2.31929
3.14539
2.63505
1.27515
1.22981
4.5366
7.3314
7.34202
7.65589
8.21125
7.83048
7.50716
3.17427
2.86291
2.43415
2.35828
3.00125
2.79272
1.42005
1.27473
3.37305
7.35365
7.34789
7.58796
8.07704
7.99036
7.56514
3.63613
2.84491
2.64291
2.42593
2.85045
2.86306
1.64927
1.32034
2.23654
7.43618
7.36686
7.52754
8.05791
8.15684
7.58042
4.68595
2.91685
2.84346
2.51854
2.74559
2.89149
1.98913
1.34962
1.63034
7.48769
7.38579
7.52744
7.91911
8.1922
7.67307
5.84104
2.99239
3.02942
2.63673
2.69593
2.97576
2.31943
1.3529
1.50091
7.50426
7.39905
7.47649
7.79492
8.31123
7.81478
6.59712
3.18027
3.17101
2.76454
2.76798
3.00067
2.60979
1.37448
1.41416
7.24398
7.40862
7.43493
7.79159
8.42629
7.84919
7.21945
4.10309
3.21306
2.91768
2.86752
3.01403
2.82818
1.38144
1.40813
6.30817
7.42484
7.44043
7.69798
8.32324
8.01296
7.45013
6.40146
3.25363
3.0589
2.96013
3.08056
2.8382
1.43777
1.40523
4.98172
7.47252
7.44678
7.62431
8.30717
8.14527
7.44647
7.51952
3.27206
3.07222
3.00732
3.14085
2.83887
1.60548
1.44021
3.84335
7.57126
7.44376
7.62727
8.17642
8.17083
7.51281
7.44981
3.32989
3.0434
3.09235
3.10798
2.82804
1.87042
1.4807
2.54574
7.61161
7.44694
7.56596
8.03877
8.25689
7.64442
7.44965
3.71508
2.99787
3.01397
3.11178
2.80541
2.20677
1.5774
1.88418
7.82509
7.45002
7.51819
8.01844
8.3247
7.66942
7.46567
4.49279
2.95348
2.9713
3.15255
2.79644
2.56364
1.69299
1.75962
7.79625
7.46629
7.53451
7.87087
8.3221
7.83021
7.47507
6.26915
2.97346
2.93737
3.1677
2.88234
2.77838
1.80083
1.8137
8.18244
7.48548
7.49514
7.75352
8.35652
7.9838
7.48543
8.55849
3.11223
2.75209
3.09433
2.9313
2.80665
1.90156
1.88537
7.31528
7.51542
7.50461
7.74635
8.30078
8.00241
7.44411
7.95096
3.4046
2.48731
2.84816
2.97124
2.77429
2.00999
1.96397
5.87617
7.56112
7.51735
7.64927
8.17891
8.11941
7.50331
7.40418
3.9421
2.25756
2.38323
3.02797
2.77206
2.24856
2.06168
4.54307
7.46421
7.53347
7.60746
8.16216
8.16154
7.51989
7.03048
4.74681
2.09136
1.977
3.02656
2.70028
2.45049
2.0266
3.39164
8.0058
7.55884
7.61079
8.03186
8.14848
7.64485
6.11097
5.56837
2.14959
1.65938
2.97746
2.66193
2.51323
2.00796
2.45964
8.54822
7.42016
7.58506
7.90327
8.13261
7.77493
4.8513
4.88351
2.53433
1.54362
2.63255
2.63843
2.57628
2.03054
2.13841
9.0287
7.42604
7.56877
7.89957
8.09155
7.77514
4.7509
4.0547
3.1945
1.49628
2.1535
2.61346
2.54413
2.0981
2.17949
8.62772
7.42727
7.57855
7.78165
8.03981
7.90405
5.7471
3.82967
4.21497
1.4512
1.74692
2.60228
2.53502
2.14865
2.21212
8.38283
7.44074
7.42584
7.67526
7.97279
7.98615
6.56384
3.33074
4.15057
1.41986
1.51986
2.59505
2.49614
2.20866
2.0957
8.20771
7.82189
7.32018
7.66866
7.9369
7.91496
7.3105
2.66686
2.95465
1.50043
1.45474
2.29799
2.47019
2.27052
2.00003
7.79471
8.22674
7.30557
7.60466
7.87949
7.86078
7.58104
2.8187
2.39254
1.65629
1.45349
2.04158
2.45054
2.31712
2.03971
7.553
8.68813
7.17028
7.5593
7.84377
7.81274
7.57808
4.02836
2.25926
2.08118
1.52543
1.74594
2.45958
2.34952
2.09576
7.15685
9.15969
7.23193
7.54646
7.83796
7.75752
7.64156
5.28458
2.4367
2.87117
1.51808
1.5557
2.37256
2.36
2.17068
6.3338
9.09895
7.06458
7.35845
7.75617
7.69677
7.73745
6.33747
2.23647
4.07925
1.59958
1.51888
1.93578
2.36453
2.22288
5.54469
8.80181
7.1632
7.10913
7.71754
7.6423
7.71509
7.25159
1.9904
5.86132
1.85861
1.47346
1.68541
2.38393
2.23657
4.59899
8.43155
7.35866
6.90453
7.57934
7.57261
7.68181
7.49979
1.96458
5.28319
1.98308
1.31986
1.52914
2.37821
2.26385
3.60597
8.36562
7.56289
6.89271
7.4733
7.52723
7.5563
7.52686
2.21929
3.52641
2.14311
1.23679
1.25505
2.16803
2.24039
2.92059
8.16508
8.13537
6.7502
7.26513
7.48526
7.47284
7.511
3.59252
2.48837
2.32461
1.258
1.13496
1.83952
2.21178
2.49183
8.04988
8.63539
6.66014
6.87261
7.4434
7.42245
7.5018
4.92741
2.82352
2.46927
1.36722
1.10493
1.58762
2.10751
2.13139
8.04243
8.98901
6.65205
6.70001
7.48116
7.38995
7.48869
7.08258
2.76007
2.87854
1.30216
1.06688
1.31578
1.99821
2.02789
7.9818
8.99675
6.62434
6.58624
7.53586
7.35126
7.50751
7.37887
2.87237
4.2525
1.16534
0.97208
1.02209
1.82942
1.74257
7.79289
9.10341
6.90945
6.54285
7.45303
7.33193
7.51839
7.45645
3.52206
6.32238
1.10938
0.959239
0.920917
1.54907
1.47254
7.66942
8.88353
7.14035
6.44161
7.16826
7.3249
7.41279
7.43035
4.41112
4.8639
1.08635
0.939185
0.858459
1.35844
1.35318
7.46333
8.48784
7.35294
6.58898
6.77756
7.32475
7.39365
7.40811
5.30063
5.48569
1.06634
0.89158
0.837186
1.0462
1.72612
6.72532
8.38685
7.65586
6.4596
6.7528
7.32184
7.32886
7.37618
5.64388
5.60268
1.10184
0.863192
0.847319
0.870462
1.75405
6.17748
8.24083
7.71051
6.67216
6.79099
7.33785
7.31898
7.36084
5.78185
5.57433
1.22044
0.855482
0.8282
0.765104
1.62678
5.73012
8.12401
8.05521
6.77516
6.68439
7.22368
7.30947
7.34779
5.52998
6.06274
1.40081
0.919542
0.813347
0.767811
1.66592
5.11151
8.16264
8.48023
6.68968
6.83626
6.98952
7.29626
7.34045
4.47809
6.57435
1.95663
0.959849
0.824133
0.863433
1.56025
5.01345
8.10435
8.57621
6.57768
6.82196
6.99125
7.28367
7.37378
3.70935
4.91189
3.18006
1.02062
0.885741
0.962173
1.13523
4.92982
7.93028
8.92336
6.43531
6.43414
6.81798
7.27713
7.30982
3.47476
3.64356
4.49951
1.1147
0.951359
1.06084
1.01183
4.88662
7.77461
8.9743
6.29778
6.28045
6.85682
7.24821
7.27167
5.01978
3.71795
5.93533
1.2036
0.999674
1.0771
1.07947
4.8603
7.50712
8.69142
6.45444
6.04906
6.79646
7.18079
7.25524
6.14749
4.24297
7.32724
1.30787
1.07191
1.08744
1.24333
4.52923
6.7657
8.62807
6.86023
5.84405
6.76153
7.19964
7.21925
6.86854
4.23906
6.93516
1.41601
1.12408
1.13779
1.3288
3.70916
6.27418
8.47398
7.0569
5.57661
6.90191
7.14881
7.18727
7.30524
4.55552
5.16342
1.56786
1.18373
1.20243
1.35196
2.89674
5.83588
8.35434
7.50825
5.32927
6.23999
7.21132
7.17776
7.31555
5.59064
5.3946
1.9296
1.22745
1.22831
1.37877
2.17531
5.02412
8.34549
8.01515
5.07268
5.46697
7.08471
7.16808
7.30869
8.10907
6.41032
2.9903
1.25404
1.24639
1.41606
1.67091
4.46158
8.26854
8.1528
4.79909
4.92131
7.23346
7.16138
7.29304
7.76601
7.30592
4.34602
1.25061
1.24049
1.39728
1.57832
3.97847
8.18683
8.5092
4.79502
4.53505
6.97167
7.03682
7.27463
7.39535
7.39187
5.63436
1.29106
1.19876
1.40155
1.53297
3.30767
7.90803
8.89438
4.82026
4.27067
6.62629
7.15398
7.25814
7.30869
8.392
7.17031
1.38005
1.14793
1.41673
1.447
2.78934
7.16662
8.69808
5.3022
3.99103
5.73333
6.99844
7.20724
7.28669
9.88548
8.40937
1.55555
1.08845
1.47159
1.46504
2.47923
5.99441
8.68773
5.93298
3.73066
4.87432
7.40288
7.15768
7.28934
12.1281
9.71242
1.90224
1.06465
1.54084
1.50284
2.10342
4.92359
8.57684
6.28934
3.47882
4.10852
6.92321
6.97635
7.26105
12.3294
11.3935
2.18039
1.11524
1.57332
1.52126
1.9075
3.99432
8.48109
6.85272
3.25044
3.38452
6.24194
7.17718
7.2609
10.5677
12.8847
2.71132
1.24825
1.59784
1.47549
1.84735
3.05546
7.91834
7.40474
3.06341
3.08349
5.53593
6.98014
7.25778
8.96995
14.4899
3.83451
1.48124
2.09069
1.472
1.78645
2.78956
7.16776
7.63297
3.21515
2.8724
4.59544
7.20594
7.23536
7.70446
15.8013
5.48764
1.77249
2.54462
1.52413
1.80268
2.64751
5.91278
8.06675
3.62331
2.66275
3.87576
6.99937
7.18909
7.35002
16.1319
7.57362
2.12177
2.46236
1.66797
1.82396
2.40309
4.82916
8.50658
3.94976
2.49717
3.28434
7.86224
7.21883
7.25414
16.0644
10.1657
2.46644
2.53203
1.89477
1.83037
2.30119
3.98927
8.57814
4.50131
2.35929
2.66045
8.22696
7.01747
7.24546
15.6614
12.7099
3.13417
2.91204
2.59798
2.05468
2.23759
3.4057
7.87057
5.15459
2.26473
2.33495
7.88528
7.20948
7.23183
14.4783
14.3853
4.05645
3.41043
3.55698
2.0553
2.09789
3.18007
6.9348
5.53963
2.20387
2.17862
7.13773
7.01831
7.2064
12.5865
15.6278
5.25788
3.91707
4.91026
2.0673
2.09201
3.01716
5.59478
6.1469
2.3345
2.10378
6.29938
7.79811
7.19356
10.749
16.0184
6.81414
4.31565
6.49941
2.28438
2.12673
2.87515
4.45905
6.76319
2.39116
2.0391
5.20808
8.22553
7.02111
9.03372
15.9936
8.40401
4.67559
8.26881
3.1317
2.14532
2.67512
3.76279
7.06625
2.68102
1.98135
4.31429
9.01125
7.18722
7.66358
15.9483
10.1158
5.03924
8.55171
4.46606
2.34941
2.5363
3.33253
7.15782
3.0645
1.94936
3.59338
9.27669
7.03407
7.27986
15.8649
11.8896
5.40311
7.22525
5.93646
2.45654
2.40988
3.16319
5.83051
3.33954
1.92029
2.84358
9.17109
7.28009
7.20646
15.8297
13.5999
5.68267
6.67229
7.31706
2.6565
2.45604
3.18015
4.46781
3.85189
1.89155
2.41826
8.78349
7.31677
7.05676
14.7517
14.9616
5.92517
6.3474
8.45577
3.14931
2.58987
3.13023
3.48151
4.46102
1.85997
2.19161
7.97339
8.17082
7.32147
13.0419
15.7309
6.49775
6.22392
8.7633
3.49546
2.6049
2.92127
2.94651
4.84305
1.89577
1.90547
7.12433
9.24932
7.08867
11.1195
15.6073
7.69384
6.62168
8.90533
3.63834
2.65789
2.79301
2.4673
5.10377
2.03323
1.83025
6.1958
9.78952
7.7251
9.41013
15.5837
9.30605
7.09341
8.94459
3.73637
2.67311
2.65732
2.20947
3.86682
2.0734
1.76329
5.0217
9.88004
7.28244
7.94199
14.1787
11.0591
7.56139
9.43489
3.67302
2.77505
2.71279
2.10206
2.5085
2.32488
1.73364
4.03893
9.95433
7.5036
7.20474
11.611
12.7588
7.98907
10.1787
3.21962
3.17986
2.83232
2.09894
2.06977
2.66889
1.69933
3.2668
9.89275
8.17802
6.16642
9.10584
14.1392
8.41248
10.0416
2.99148
2.73489
3.00835
2.48073
2.21875
2.90766
1.67956
2.51696
9.74436
9.02551
5.3685
6.38941
15.297
8.84718
9.60147
3.0011
2.38288
3.2273
3.00717
2.43914
3.33594
1.64712
2.06738
9.44069
9.78671
4.30664
4.34823
15.7073
9.19867
9.48753
3.00588
2.17275
3.43334
3.35866
2.55302
3.8394
1.61218
1.84257
8.70643
10.0616
4.85881
3.56959
13.9641
9.98483
9.52522
3.33053
1.99215
3.5109
3.67747
2.59913
3.86458
1.58327
1.61924
7.80953
10.1002
6.18414
2.87097
11.1355
11.3468
9.88674
4.21663
1.91903
3.06206
3.91586
2.65162
3.08757
1.57307
1.58973
6.65581
10.1273
7.91325
2.66731
8.50794
12.5921
10.1729
5.31408
1.9036
2.6504
4.2216
2.7887
2.88095
1.61839
1.55118
5.21773
10.165
9.41009
2.55691
5.85653
13.8344
10.3885
6.91984
1.90055
2.33886
4.62587
3.13013
2.86479
1.73993
1.51592
3.96319
10.1891
10.1853
2.63728
3.47863
14.3261
10.5367
8.88976
1.99325
2.13723
4.98853
3.23789
2.8591
1.77002
1.47224
2.98689
10.2436
10.2094
2.69476
2.68581
11.5601
10.7301
10.5868
2.15985
2.15194
5.43878
3.51195
2.96927
1.97402
1.44917
2.17379
10.4301
10.2458
3.08707
2.67461
8.68396
10.9306
10.9807
3.07737
2.27567
5.07399
3.87623
3.05615
2.26666
1.4037
1.75845
9.96461
10.2249
3.9765
2.54951
6.07712
11.4816
11.1028
4.46158
2.40071
4.31683
4.05135
3.07346
2.56439
1.38131
1.5958
8.73487
10.2189
5.57165
2.41885
3.34578
12.6049
11.1479
5.98587
2.56887
3.34939
4.27234
3.17096
3.3383
1.3581
1.40163
7.31063
10.2654
7.45777
2.43236
2.41715
12.3211
11.2526
7.61791
2.92368
3.06871
4.64821
3.12825
3.23421
1.35219
1.36915
5.87384
10.3359
9.28222
2.71194
2.53101
9.57526
11.423
9.06044
3.36595
3.12173
5.10897
3.34237
3.22435
1.40888
1.35552
4.39958
10.5019
10.3019
3.00309
2.61931
6.75785
11.3936
10.3459
3.948
3.00727
6.15482
3.66788
3.31093
1.54167
1.34076
3.25908
10.8038
10.372
3.14527
2.59758
4.24011
11.4386
11.1727
4.69403
2.97576
6.47909
3.63585
3.32489
1.64478
1.3241
2.48725
10.543
10.3766
3.23864
2.53145
2.57661
11.8033
11.6943
5.52508
2.93368
4.93234
3.59876
3.26272
2.34484
1.30868
1.88873
9.85922
10.3834
3.5384
2.64612
2.43098
9.75625
11.8582
6.29843
2.86009
3.41663
3.74604
3.23906
3.28481
1.34398
1.59668
9.00618
10.4232
4.70919
2.89821
2.4218
7.04704
11.8587
6.98809
2.86815
2.78673
4.09668
3.30024
3.5292
1.38223
1.47556
7.92165
10.5714
6.3426
2.91834
2.47845
4.23774
10.7235
7.78241
4.0999
2.67607
5.12056
3.30676
3.49208
1.39339
1.38233
6.7885
10.8404
7.65701
2.78934
2.44147
2.57433
8.6451
9.23783
5.87018
2.56863
6.57655
3.11242
3.50516
1.42899
1.40434
5.59558
10.7253
9.08788
2.68598
2.6954
2.45144
6.13827
10.6793
7.95158
2.35556
6.38929
2.93641
3.57809
1.75028
1.4387
4.32156
10.4971
10.2723
2.63892
2.84402
2.16695
3.47956
10.8348
8.98032
2.15459
4.5327
2.88214
3.69556
2.61886
1.44584
3.26167
10.3361
10.5164
2.63195
2.72699
1.86535
1.81544
8.61628
9.23135
2.03043
2.91369
2.96108
3.81897
3.38022
1.48484
2.46299
10.0475
10.4765
2.66125
2.6889
2.097
1.75385
6.3475
9.4886
1.95014
1.89689
3.12452
3.36222
3.94239
1.52556
1.86705
9.70965
10.637
2.92223
2.66896
2.41785
1.57854
4.28012
9.88928
2.21921
1.84654
3.07163
3.07589
3.8971
1.57772
1.66709
9.13923
10.3536
3.76672
2.66283
2.78632
1.31789
2.28511
10.4342
3.41914
1.89091
3.23436
2.99891
4.0317
1.71476
1.63589
8.17815
10.2571
5.22533
2.72481
2.73143
1.39202
1.42921
9.78205
5.45475
2.05514
4.04493
3.03892
4.16057
2.37645
1.73428
7.00598
10.1805
6.78239
2.77516
2.69811
1.87317
1.57617
7.7152
7.52841
2.3665
4.96141
3.24518
4.2306
3.11151
1.84468
5.77121
10.0965
8.42597
2.77732
2.61791
2.28689
1.5257
5.52345
9.73959
2.88163
5.46621
3.64839
4.27523
3.87199
1.92793
4.43748
10.0394
9.79023
2.73881
2.57166
2.61343
1.5686
3.48335
11.3959
3.76887
4.72474
4.15629
4.3455
4.35543
2.03277
3.38303
10.036
9.98098
2.70833
2.59461
2.71746
1.75866
2.10109
11.6851
4.95676
4.7478
4.64605
4.51819
4.34536
2.16906
2.63239
10.155
9.87834
2.74125
2.70829
2.74413
2.06491
1.80978
10.2805
6.34134
4.83615
5.40637
4.64777
4.36096
2.28034
2.2125
9.84996
9.80138
3.0802
2.83537
2.89594
2.52591
1.71509
8.51097
8.01981
4.89548
6.30767
4.81846
4.38749
2.4833
2.3222
8.97036
9.66771
4.06729
3.01392
3.07377
2.88417
2.27065
6.88294
9.76925
4.86268
6.35023
5.01064
4.42255
2.85799
2.49977
7.70648
9.58715
5.58725
3.17738
3.21982
3.16957
3.06049
5.70607
11.2824
4.91774
5.60484
5.40376
4.45604
3.32506
2.65176
6.32123
9.70762
6.98695
3.30815
3.32011
3.37206
3.9849
5.08643
11.2058
5.35322
5.07124
6.44103
4.5257
3.70864
2.72926
5.02829
9.96474
8.17686
3.35173
3.37464
3.3965
4.28854
5.33549
11.2452
6.4844
5.33945
7.75513
4.59714
3.9607
2.72339
3.84813
10.3439
8.97269
3.36472
3.36572
3.40776
4.08071
6.63315
10.9752
8.44024
5.6191
8.42985
4.91637
4.1431
2.73302
3.30632
10.1073
9.18048
3.33456
3.34518
3.37811
3.72197
7.57364
10.1882
10.5208
5.71717
7.60392
5.53009
4.22314
2.71327
3.12041
9.42779
9.10591
3.28335
3.33533
3.33852
3.46497
8.09562
9.57166
11.4155
5.85662
6.79363
5.86048
4.44506
2.65758
2.80055
8.51919
9.30241
3.50278
3.27181
3.32415
3.37067
8.40156
8.98618
12.0625
6.089
6.07337
6.27948
4.52548
2.59114
2.66384
7.39103
9.67807
4.12905
3.29075
3.35314
3.38786
8.28051
8.32198
12.0735
7.0445
6.29554
6.46548
4.5538
2.57309
2.59601
6.11383
10.1862
5.16253
3.31982
3.3582
3.44241
8.22637
8.34317
11.8819
9.29976
6.4476
6.46776
4.69486
2.72824
2.52672
5.06472
10.1265
6.28583
3.33589
3.33911
3.46436
8.10973
8.28444
12.0056
11.4262
6.35153
6.4024
5.00708
2.95156
2.45652
4.39455
9.54424
7.56721
3.34061
3.34187
3.40433
7.9617
8.29948
11.9013
12.0848
6.40173
6.99307
5.27445
3.61724
2.38042
3.77105
8.88731
8.77274
3.34915
3.33385
3.32097
7.27362
8.32777
10.9881
11.4338
6.29854
6.22269
6.09001
4.28464
2.3238
3.35958
8.1548
9.60288
3.36602
3.3259
3.30613
6.53488
8.28093
10.0928
10.8783
6.88672
5.72396
6.07949
4.59337
2.16859
3.03946
7.24559
10.0717
3.3686
3.32944
3.30645
5.6923
8.17275
9.3594
10.3199
8.94669
5.50661
5.58182
4.85192
2.05026
2.54251
6.43772
9.96374
3.61126
3.33536
3.29273
4.73286
8.1465
8.46379
9.80987
11.0294
5.72606
4.7473
5.20673
2.04406
2.16083
5.80304
9.43008
4.37149
3.33192
3.32892
4.01117
7.98011
8.2245
9.62051
10.597
6.17738
3.84679
5.60645
2.4282
2.11362
5.25324
8.88635
5.71879
3.35766
3.33328
3.64546
7.78272
8.10056
10.0757
10.3856
6.3498
3.26351
6.35788
3.20403
2.09748
4.76136
8.31123
7.13216
3.35518
3.32689
3.38962
7.75111
8.06844
10.7183
10.905
7.40622
3.10126
7.53215
3.99245
2.03963
4.132
7.61657
8.58698
3.32601
3.30515
3.33512
7.62651
7.99875
9.97178
11.5594
9.73763
3.44904
8.03431
5.04802
1.92048
3.37309
7.04093
9.78175
3.2844
3.31762
3.33431
7.55331
7.93017
8.88198
11.8804
12.045
4.13668
6.7454
6.05814
1.90137
2.7176
6.63062
9.26328
3.25586
3.29324
3.35502
7.4825
7.89516
8.23895
11.9989
13.5246
5.03024
5.89052
6.68122
1.98259
2.20916
6.24191
8.74112
3.2269
3.27337
3.30468
7.40988
7.8689
7.89757
11.7574
14.1686
6.31534
6.07847
7.45022
2.47528
2.10573
6.16213
8.28434
3.48803
3.20101
3.29423
7.19873
7.77063
7.82529
11.0989
14.1599
7.91616
7.25108
8.35437
3.27736
2.22921
5.83188
7.73242
4.32329
3.20465
3.28961
6.80985
7.65015
7.79003
10.3789
14.0024
9.9291
8.41917
8.94981
4.34954
2.23338
5.02174
7.2748
5.69251
3.20142
3.30014
6.37363
7.61147
7.74131
9.26233
13.9089
11.9642
9.3309
9.80009
5.55113
2.19744
4.18066
6.95239
6.99847
3.21208
3.30968
5.56679
7.49535
7.70669
8.4536
13.7556
13.4001
10.0738
10.6538
6.59802
2.22571
3.40319
6.62301
8.22318
3.23803
3.28298
4.85834
7.39744
7.61937
7.86197
13.09
14.0055
10.57
10.5588
7.55047
2.29781
2.51038
6.49588
7.90756
3.26741
3.29987
4.2943
7.37904
7.59431
7.57657
12.3068
13.8394
10.9077
10.9454
8.29419
2.33507
2.28033
6.32924
7.41582
3.28009
3.29531
3.78951
7.29416
7.53627
7.53554
11.2751
13.3624
11.4386
11.4236
8.81904
3.0768
2.26969
6.08681
7.08207
3.27974
3.26155
3.51268
7.14732
7.49198
7.50119
9.8422
13.0343
11.9476
11.7737
9.60749
4.25048
2.36443
5.65654
6.83925
3.46494
3.2462
3.43321
7.11804
7.41149
7.46281
8.84995
12.8244
12.0001
12.0333
10.4908
5.53458
2.49499
4.94593
6.60351
4.08988
3.28516
3.37556
7.01355
7.33131
7.4444
8.12768
12.7558
11.901
11.9168
11.1308
6.98112
2.55434
4.0233
6.52108
5.12884
3.25858
3.36867
6.93845
7.28654
7.41517
7.48022
13.2038
11.0991
11.4233
12.12
8.32398
2.60437
3.28551
6.42706
6.01414
3.21667
3.37508
6.92942
7.21473
7.34753
7.45244
13.7561
10.4865
10.7429
13.0616
9.22327
2.66614
2.85673
6.44676
6.73462
3.22685
3.31681
6.91774
7.11859
7.29595
7.39214
12.7441
10.1617
10.1581
12.8982
10.1681
3.01147
2.65002
6.41043
6.54489
3.29737
3.3178
6.93744
7.09286
7.20673
7.35605
11.5585
10.3715
9.62162
11.7609
11.16
3.63241
2.59424
6.33047
6.39275
3.3326
3.25132
6.91261
7.01114
7.14791
7.33115
10.6196
10.4906
8.93139
10.5562
11.7998
4.8456
2.57501
5.7668
6.32864
3.22463
3.22885
6.85332
6.94993
7.09633
7.31235
9.24281
10.9598
8.10789
9.20959
12.568
6.41175
2.59697
4.82549
6.29713
3.18958
3.04617
6.73979
6.9261
7.04251
7.23533
8.01598
11.7355
7.21536
7.97463
13.242
7.85858
2.62096
3.89678
6.2592
3.57024
2.95143
6.67793
6.84514
7.00977
7.1942
7.43714
12.3314
6.30485
6.55857
13.5166
9.52777
2.62229
3.04245
6.25272
4.18843
3.06651
6.50553
6.78721
6.9677
7.07507
7.2712
12.5777
6.39476
5.80205
13.6315
11.1481
2.58983
2.69651
6.22707
4.74696
3.29217
6.40421
6.77209
6.93947
6.99479
7.24531
11.4936
6.6943
5.66985
13.5349
12.1333
2.79641
2.56289
6.31786
5.51194
3.67852
6.29456
6.66021
6.91675
6.95996
7.18713
10.1542
7.61251
5.87989
12.1027
13.0427
3.49753
2.55903
6.40451
6.15611
4.11495
6.24487
6.53769
6.89525
6.91347
7.12874
8.76329
9.39426
6.30155
10.5734
13.7574
4.40848
2.56116
5.72168
6.1826
4.49308
6.10329
6.49452
6.81897
6.89693
7.09983
7.75886
11.1582
6.76094
9.5644
13.7638
5.90367
2.56962
4.40427
6.14409
4.63375
5.91319
6.36455
6.7243
6.89049
7.03302
7.20989
12.6339
7.1592
8.91539
13.8334
7.73347
2.6958
3.58226
6.22787
4.56097
5.5549
6.25484
6.68619
6.86237
6.96281
7.19311
12.1168
7.62411
8.95852
13.9482
9.35967
2.79753
3.17354
6.28185
4.36003
